1.890000000000000000e+02
2.500000000000000000e+01
6.760000000000000000e+02
7.370000000000000000e+02
1.160000000000000000e+02
8.880000000000000000e+02
3.120000000000000000e+02
1.003000000000000000e+03
1.793000000000000000e+03
1.071000000000000000e+03
3.270000000000000000e+02
3.470000000000000000e+02
2.280000000000000000e+02
5.160000000000000000e+02
9.850000000000000000e+02
1.040000000000000000e+02
4.180000000000000000e+02
1.044000000000000000e+03
2.070000000000000000e+02
1.356000000000000000e+03
1.018000000000000000e+03
2.118000000000000000e+03
3.510000000000000000e+03
9.950000000000000000e+02
2.239000000000000000e+03
1.297000000000000000e+03
1.905000000000000000e+03
2.160000000000000000e+02
1.230000000000000000e+03
2.195000000000000000e+03
1.278000000000000000e+03
3.217000000000000000e+03
1.301000000000000000e+03
1.794000000000000000e+03
1.572000000000000000e+03
1.093000000000000000e+03
2.432000000000000000e+03
1.520000000000000000e+02
2.904000000000000000e+03
3.900000000000000000e+01
1.394000000000000000e+03
2.311000000000000000e+03
7.100000000000000000e+02
4.800000000000000000e+01
1.954000000000000000e+03
2.198000000000000000e+03
8.050000000000000000e+02
4.590000000000000000e+02
1.113000000000000000e+03
4.654000000000000000e+03
1.068000000000000000e+03
4.480000000000000000e+02
3.469000000000000000e+03
2.326000000000000000e+03
1.898000000000000000e+03
1.479000000000000000e+03
1.605000000000000000e+03
1.851000000000000000e+03
1.417000000000000000e+03
7.800000000000000000e+01
2.742000000000000000e+03
3.534000000000000000e+03
5.760000000000000000e+02
7.230000000000000000e+02
2.430000000000000000e+02
5.010000000000000000e+02
3.400000000000000000e+02
1.749000000000000000e+03
8.640000000000000000e+02
4.487000000000000000e+03
1.171000000000000000e+03
7.490000000000000000e+02
2.560000000000000000e+02
3.593000000000000000e+03
4.548000000000000000e+03
4.212000000000000000e+03
4.531000000000000000e+03
2.818000000000000000e+03
1.624000000000000000e+03
1.319000000000000000e+03
3.104000000000000000e+03
4.674000000000000000e+03
1.929000000000000000e+03
2.571000000000000000e+03
8.600000000000000000e+01
2.625000000000000000e+03
1.627000000000000000e+03
4.532000000000000000e+03
1.220000000000000000e+03
7.059000000000000000e+03
1.130000000000000000e+03
2.977000000000000000e+03
1.646000000000000000e+03
4.430000000000000000e+02
1.787000000000000000e+03
2.854000000000000000e+03
2.846000000000000000e+03
5.532000000000000000e+03
1.963000000000000000e+03
3.390000000000000000e+02
2.000000000000000000e+03
3.202000000000000000e+03
3.574000000000000000e+03
2.649000000000000000e+03
1.754000000000000000e+03
3.150000000000000000e+03
3.326000000000000000e+03
1.291000000000000000e+03
6.130000000000000000e+03
4.150000000000000000e+03
5.610000000000000000e+02
2.701000000000000000e+03
1.858000000000000000e+03
1.013000000000000000e+03
4.523000000000000000e+03
2.978000000000000000e+03
6.016000000000000000e+03
5.007000000000000000e+03
3.601000000000000000e+03
3.920000000000000000e+02
4.337000000000000000e+03
2.740000000000000000e+03
2.415000000000000000e+03
4.005000000000000000e+03
2.399000000000000000e+03
4.350000000000000000e+03
1.195000000000000000e+03
4.620000000000000000e+03
3.573000000000000000e+03
1.420000000000000000e+03
4.593000000000000000e+03
3.814000000000000000e+03
2.547000000000000000e+03
3.816000000000000000e+03
1.138000000000000000e+03
3.330000000000000000e+02
4.530000000000000000e+02
9.100000000000000000e+01
5.890000000000000000e+03
2.956000000000000000e+03
4.971000000000000000e+03
3.758000000000000000e+03
4.592000000000000000e+03
2.085000000000000000e+03
3.090000000000000000e+02
5.896000000000000000e+03
3.717000000000000000e+03
1.751000000000000000e+03
7.119000000000000000e+03
9.090000000000000000e+03
8.890000000000000000e+02
5.255000000000000000e+03
5.217000000000000000e+03
8.361000000000000000e+03
1.921000000000000000e+03
2.040000000000000000e+02
3.391000000000000000e+03
2.073000000000000000e+03
4.491000000000000000e+03
4.720000000000000000e+02
1.947000000000000000e+03
5.439000000000000000e+03
2.442000000000000000e+03
8.300000000000000000e+02
8.404000000000000000e+03
1.234000000000000000e+03
5.850000000000000000e+03
2.262000000000000000e+03
2.853000000000000000e+03
1.426000000000000000e+03
3.479000000000000000e+03
3.412000000000000000e+03
7.397000000000000000e+03
7.798000000000000000e+03
4.601000000000000000e+03
2.176000000000000000e+03
7.010000000000000000e+03
4.032000000000000000e+03
5.996000000000000000e+03
6.682000000000000000e+03
4.980000000000000000e+03
5.352000000000000000e+03
6.200000000000000000e+01
6.391000000000000000e+03
5.951000000000000000e+03
8.149000000000000000e+03
1.371000000000000000e+03
9.630000000000000000e+03
4.679000000000000000e+03
5.109000000000000000e+03
8.800000000000000000e+02
7.235000000000000000e+03
6.032000000000000000e+03
2.770000000000000000e+02
8.604000000000000000e+03
4.635000000000000000e+03
1.123000000000000000e+03
4.038000000000000000e+03
3.808000000000000000e+03
3.971000000000000000e+03
8.281000000000000000e+03
6.131000000000000000e+03
4.320000000000000000e+02
5.053000000000000000e+03
2.638000000000000000e+03
6.495000000000000000e+03
5.393000000000000000e+03
9.475000000000000000e+03
6.536000000000000000e+03
1.041000000000000000e+03
3.284000000000000000e+03
3.748000000000000000e+03
1.202100000000000000e+04
7.236000000000000000e+03
5.541000000000000000e+03
8.449000000000000000e+03
9.884000000000000000e+03
9.234000000000000000e+03
2.255000000000000000e+03
5.774000000000000000e+03
6.565000000000000000e+03
4.120000000000000000e+03
5.620000000000000000e+02
7.516000000000000000e+03
6.968000000000000000e+03
8.096000000000000000e+03
1.302000000000000000e+04
5.113000000000000000e+03
9.050000000000000000e+02
2.123000000000000000e+03
5.673000000000000000e+03
4.550000000000000000e+03
6.705000000000000000e+03
6.189000000000000000e+03
4.991000000000000000e+03
1.560000000000000000e+03
1.297100000000000000e+04
1.016600000000000000e+04
8.666000000000000000e+03
1.900000000000000000e+01
8.990000000000000000e+03
6.418000000000000000e+03
5.635000000000000000e+03
1.270000000000000000e+03
6.802000000000000000e+03
8.371000000000000000e+03
6.104000000000000000e+03
4.854000000000000000e+03
3.369000000000000000e+03
2.407000000000000000e+03
6.951000000000000000e+03
4.097000000000000000e+03
9.187000000000000000e+03
1.138600000000000000e+04
8.951000000000000000e+03
8.817000000000000000e+03
7.620000000000000000e+03
6.997000000000000000e+03
6.233000000000000000e+03
1.314000000000000000e+03
8.241000000000000000e+03
4.853000000000000000e+03
2.921000000000000000e+03
7.654000000000000000e+03
2.063000000000000000e+03
1.206000000000000000e+03
9.242000000000000000e+03
6.521000000000000000e+03
5.523000000000000000e+03
8.467000000000000000e+03
3.952000000000000000e+03
6.490000000000000000e+03
9.470000000000000000e+02
9.534000000000000000e+03
1.676000000000000000e+03
1.041000000000000000e+04
3.768000000000000000e+03
3.930000000000000000e+03
9.590000000000000000e+02
7.320000000000000000e+03
2.192000000000000000e+03
8.943000000000000000e+03
3.739000000000000000e+03
1.051500000000000000e+04
8.644000000000000000e+03
8.178000000000000000e+03
1.140400000000000000e+04
1.592000000000000000e+03
8.230000000000000000e+02
6.749000000000000000e+03
4.247000000000000000e+03
9.577000000000000000e+03
8.952000000000000000e+03
5.140000000000000000e+03
1.081800000000000000e+04
1.353300000000000000e+04
7.608000000000000000e+03
1.755000000000000000e+03
1.177700000000000000e+04
1.368000000000000000e+03
4.725000000000000000e+03
7.989000000000000000e+03
1.172200000000000000e+04
9.406000000000000000e+03
9.022000000000000000e+03
1.204700000000000000e+04
1.005300000000000000e+04
1.330500000000000000e+04
7.545000000000000000e+03
2.526000000000000000e+03
1.258400000000000000e+04
1.012200000000000000e+04
8.981000000000000000e+03
1.724000000000000000e+03
9.028000000000000000e+03
1.457000000000000000e+03
9.827000000000000000e+03
9.918000000000000000e+03
2.758000000000000000e+03
2.235000000000000000e+03
6.810000000000000000e+02
1.285700000000000000e+04
6.181000000000000000e+03
1.431300000000000000e+04
9.802000000000000000e+03
1.072500000000000000e+04
1.142400000000000000e+04
1.021900000000000000e+04
9.136000000000000000e+03
8.813000000000000000e+03
1.269300000000000000e+04
4.218000000000000000e+03
6.041000000000000000e+03
3.699000000000000000e+03
7.582000000000000000e+03
3.763000000000000000e+03
7.720000000000000000e+03
7.823000000000000000e+03
1.404100000000000000e+04
9.514000000000000000e+03
1.298000000000000000e+04
6.268000000000000000e+03
4.711000000000000000e+03
5.325000000000000000e+03
3.491000000000000000e+03
9.282000000000000000e+03
8.570000000000000000e+03
4.566000000000000000e+03
8.676000000000000000e+03
4.249000000000000000e+03
1.410000000000000000e+04
1.425700000000000000e+04
7.480000000000000000e+03
9.739000000000000000e+03
1.086900000000000000e+04
1.283900000000000000e+04
1.514700000000000000e+04
8.430000000000000000e+02
3.100000000000000000e+03
1.367400000000000000e+04
3.727000000000000000e+03
6.713000000000000000e+03
3.463000000000000000e+03
6.835000000000000000e+03
6.260000000000000000e+03
6.840000000000000000e+03
5.840000000000000000e+03
1.367000000000000000e+03
1.319300000000000000e+04
3.912000000000000000e+03
6.046000000000000000e+03
1.319400000000000000e+04
1.034400000000000000e+04
1.928000000000000000e+03
1.013900000000000000e+04
1.241000000000000000e+04
1.104800000000000000e+04
3.449000000000000000e+03
9.900000000000000000e+01
9.667000000000000000e+03
1.290300000000000000e+04
1.332800000000000000e+04
2.550000000000000000e+02
9.843000000000000000e+03
9.604000000000000000e+03
1.843000000000000000e+03
1.566000000000000000e+03
7.282000000000000000e+03
1.334600000000000000e+04
1.420700000000000000e+04
1.509400000000000000e+04
1.039800000000000000e+04
8.924000000000000000e+03
5.845000000000000000e+03
3.076000000000000000e+03
2.532000000000000000e+03
3.013000000000000000e+03
1.598000000000000000e+03
1.068100000000000000e+04
1.608800000000000000e+04
3.931000000000000000e+03
7.629000000000000000e+03
8.836000000000000000e+03
1.002000000000000000e+03
3.178000000000000000e+03
7.830000000000000000e+02
9.856000000000000000e+03
9.927000000000000000e+03
7.481000000000000000e+03
1.311000000000000000e+03
1.210500000000000000e+04
4.303000000000000000e+03
1.214700000000000000e+04
5.280000000000000000e+03
1.458300000000000000e+04
2.314000000000000000e+03
1.581000000000000000e+04
7.990000000000000000e+02
1.564500000000000000e+04
4.960000000000000000e+03
8.195000000000000000e+03
8.352000000000000000e+03
3.918000000000000000e+03
7.550000000000000000e+02
1.145200000000000000e+04
1.473500000000000000e+04
2.186000000000000000e+03
1.224800000000000000e+04
1.636900000000000000e+04
7.434000000000000000e+03
3.527000000000000000e+03
3.568000000000000000e+03
7.573000000000000000e+03
1.579500000000000000e+04
7.799000000000000000e+03
1.900000000000000000e+03
4.257000000000000000e+03
1.368900000000000000e+04
1.772000000000000000e+03
9.030000000000000000e+02
5.524000000000000000e+03
1.678000000000000000e+04
1.134400000000000000e+04
1.308300000000000000e+04
3.256000000000000000e+03
1.216000000000000000e+03
2.005000000000000000e+03
1.458400000000000000e+04
4.722000000000000000e+03
4.694000000000000000e+03
1.078000000000000000e+04
3.869000000000000000e+03
1.317900000000000000e+04
1.358000000000000000e+04
1.714400000000000000e+04
1.689300000000000000e+04
7.340000000000000000e+03
1.006400000000000000e+04
1.635200000000000000e+04
1.668500000000000000e+04
1.291600000000000000e+04
1.148400000000000000e+04
1.169500000000000000e+04
1.722100000000000000e+04
1.596700000000000000e+04
5.263000000000000000e+03
9.554000000000000000e+03
1.316300000000000000e+04
9.809000000000000000e+03
1.553500000000000000e+04
6.889000000000000000e+03
1.629400000000000000e+04
3.236000000000000000e+03
1.183000000000000000e+03
2.889000000000000000e+03
1.420600000000000000e+04
1.788100000000000000e+04
1.487800000000000000e+04
4.330000000000000000e+03
8.423000000000000000e+03
6.090000000000000000e+02
5.921000000000000000e+03
1.611800000000000000e+04
1.367500000000000000e+04
3.732000000000000000e+03
6.080000000000000000e+02
9.829000000000000000e+03
8.630000000000000000e+02
8.171000000000000000e+03
3.312000000000000000e+03
1.203100000000000000e+04
1.591200000000000000e+04
4.879000000000000000e+03
6.750000000000000000e+03
5.256000000000000000e+03
1.666000000000000000e+04
7.630000000000000000e+03
4.940000000000000000e+02
7.900000000000000000e+01
7.870000000000000000e+02
1.309500000000000000e+04
1.373900000000000000e+04
1.496800000000000000e+04
1.546600000000000000e+04
1.617900000000000000e+04
1.327900000000000000e+04
1.420900000000000000e+04
8.347000000000000000e+03
3.635000000000000000e+03
1.223000000000000000e+04
1.189000000000000000e+03
5.374000000000000000e+03
1.211800000000000000e+04
1.482800000000000000e+04
1.669900000000000000e+04
6.921000000000000000e+03
4.280000000000000000e+03
2.110000000000000000e+03
1.769300000000000000e+04
1.612800000000000000e+04
8.196000000000000000e+03
1.147800000000000000e+04
1.059200000000000000e+04
1.777600000000000000e+04
1.754300000000000000e+04
1.608700000000000000e+04
1.830400000000000000e+04
1.509700000000000000e+04
6.030000000000000000e+02
6.655000000000000000e+03
9.510000000000000000e+02
1.775100000000000000e+04
2.817000000000000000e+03
1.729800000000000000e+04
1.808200000000000000e+04
3.644000000000000000e+03
1.222900000000000000e+04
1.386300000000000000e+04
1.610000000000000000e+04
1.729900000000000000e+04
9.868000000000000000e+03
1.567000000000000000e+03
1.257000000000000000e+04
1.760500000000000000e+04
1.750100000000000000e+04
1.668400000000000000e+04
1.649600000000000000e+04
9.303000000000000000e+03
6.009000000000000000e+03
1.071700000000000000e+04
1.530500000000000000e+04
1.155700000000000000e+04
4.931000000000000000e+03
2.197000000000000000e+03
1.763900000000000000e+04
1.686600000000000000e+04
7.619000000000000000e+03
1.505000000000000000e+03
1.194100000000000000e+04
2.634000000000000000e+03
1.518000000000000000e+03
2.269000000000000000e+03
1.248600000000000000e+04
9.893000000000000000e+03
1.003100000000000000e+04
7.341000000000000000e+03
1.714500000000000000e+04
9.104000000000000000e+03
4.241000000000000000e+03
1.086800000000000000e+04
1.206800000000000000e+04
1.388500000000000000e+04
9.149000000000000000e+03
1.164100000000000000e+04
3.840000000000000000e+03
1.794400000000000000e+04
1.148300000000000000e+04
6.204000000000000000e+03
9.528000000000000000e+03
1.731500000000000000e+04
1.566600000000000000e+04
7.894000000000000000e+03
1.264600000000000000e+04
6.883000000000000000e+03
1.142300000000000000e+04
6.793000000000000000e+03
8.073000000000000000e+03
2.178000000000000000e+03
1.503100000000000000e+04
1.776100000000000000e+04
1.779800000000000000e+04
1.313100000000000000e+04
1.175300000000000000e+04
1.506400000000000000e+04
1.841200000000000000e+04
1.435500000000000000e+04
1.740600000000000000e+04
3.792000000000000000e+03
7.196000000000000000e+03
1.269200000000000000e+04
1.133400000000000000e+04
1.006500000000000000e+04
1.600200000000000000e+04
9.732000000000000000e+03
1.692500000000000000e+04
9.243000000000000000e+03
3.875000000000000000e+03
1.629000000000000000e+03
5.094000000000000000e+03
1.076500000000000000e+04
9.903000000000000000e+03
9.461000000000000000e+03
1.645200000000000000e+04
3.548000000000000000e+03
1.297000000000000000e+04
1.545600000000000000e+04
1.372200000000000000e+04
1.025700000000000000e+04
1.168100000000000000e+04
4.127000000000000000e+03
1.216200000000000000e+04
3.054000000000000000e+03
6.539000000000000000e+03
1.309400000000000000e+04
1.066900000000000000e+04
7.758000000000000000e+03
8.887000000000000000e+03
1.756000000000000000e+04
5.956000000000000000e+03
1.018900000000000000e+04
