6.200000000000000000e+01
2.500000000000000000e+01
3.900000000000000000e+01
3.390000000000000000e+02
4.530000000000000000e+02
5.760000000000000000e+02
1.520000000000000000e+02
1.040000000000000000e+02
4.320000000000000000e+02
1.368000000000000000e+03
8.800000000000000000e+02
1.160000000000000000e+02
4.180000000000000000e+02
4.800000000000000000e+01
1.505000000000000000e+03
1.130000000000000000e+03
9.900000000000000000e+01
1.230000000000000000e+03
8.430000000000000000e+02
1.772000000000000000e+03
1.426000000000000000e+03
4.940000000000000000e+02
1.138000000000000000e+03
7.100000000000000000e+02
7.410000000000000000e+02
1.371000000000000000e+03
1.297000000000000000e+03
1.195000000000000000e+03
3.400000000000000000e+02
8.300000000000000000e+02
2.314000000000000000e+03
2.853000000000000000e+03
9.470000000000000000e+02
1.929000000000000000e+03
7.370000000000000000e+02
1.420000000000000000e+03
3.256000000000000000e+03
6.080000000000000000e+02
1.624000000000000000e+03
1.220000000000000000e+03
1.898000000000000000e+03
2.073000000000000000e+03
4.590000000000000000e+02
3.894000000000000000e+03
1.947000000000000000e+03
1.270000000000000000e+03
7.573000000000000000e+03
3.912000000000000000e+03
2.758000000000000000e+03
3.120000000000000000e+02
2.255000000000000000e+03
3.273000000000000000e+03
1.921000000000000000e+03
3.369000000000000000e+03
4.127000000000000000e+03
3.732000000000000000e+03
2.634000000000000000e+03
8.050000000000000000e+02
1.002000000000000000e+03
2.921000000000000000e+03
2.481000000000000000e+03
1.749000000000000000e+03
4.257000000000000000e+03
5.140000000000000000e+03
3.739000000000000000e+03
1.592000000000000000e+03
2.192000000000000000e+03
2.123000000000000000e+03
2.366000000000000000e+03
4.550000000000000000e+03
4.566000000000000000e+03
2.407000000000000000e+03
2.000000000000000000e+03
4.679000000000000000e+03
3.470000000000000000e+02
2.280000000000000000e+02
1.068000000000000000e+03
1.045000000000000000e+03
3.920000000000000000e+02
4.960000000000000000e+03
1.113000000000000000e+03
5.620000000000000000e+02
5.845000000000000000e+03
2.262000000000000000e+03
1.044000000000000000e+03
2.442000000000000000e+03
4.854000000000000000e+03
3.840000000000000000e+03
1.858000000000000000e+03
1.794000000000000000e+03
3.054000000000000000e+03
6.760000000000000000e+02
2.085000000000000000e+03
1.018000000000000000e+03
7.453000000000000000e+03
2.270000000000000000e+02
3.875000000000000000e+03
3.931000000000000000e+03
1.963000000000000000e+03
3.727000000000000000e+03
2.547000000000000000e+03
3.574000000000000000e+03
2.150000000000000000e+02
2.118000000000000000e+03
2.955000000000000000e+03
3.270000000000000000e+02
2.198000000000000000e+03
1.314000000000000000e+03
3.573000000000000000e+03
6.030000000000000000e+02
6.046000000000000000e+03
1.755000000000000000e+03
3.449000000000000000e+03
7.900000000000000000e+01
3.930000000000000000e+03
9.590000000000000000e+02
1.210000000000000000e+03
2.430000000000000000e+02
1.567000000000000000e+03
3.699000000000000000e+03
4.711000000000000000e+03
4.061000000000000000e+03
1.627000000000000000e+03
2.854000000000000000e+03
1.206000000000000000e+03
2.311000000000000000e+03
5.160000000000000000e+02
4.890000000000000000e+03
2.160000000000000000e+02
6.921000000000000000e+03
5.094000000000000000e+03
1.754000000000000000e+03
6.181000000000000000e+03
6.521000000000000000e+03
9.374000000000000000e+03
7.629000000000000000e+03
1.967000000000000000e+03
1.301000000000000000e+03
2.867000000000000000e+03
4.247000000000000000e+03
2.415000000000000000e+03
1.676000000000000000e+03
7.490000000000000000e+02
3.601000000000000000e+03
7.481000000000000000e+03
1.760000000000000000e+03
3.076000000000000000e+03
1.183000000000000000e+03
7.760000000000000000e+02
4.330000000000000000e+03
8.160000000000000000e+03
1.283000000000000000e+03
2.978000000000000000e+03
7.434000000000000000e+03
6.889000000000000000e+03
3.202000000000000000e+03
2.497000000000000000e+03
1.938000000000000000e+03
3.860000000000000000e+03
9.243000000000000000e+03
1.629000000000000000e+03
6.268000000000000000e+03
3.179000000000000000e+03
1.316000000000000000e+03
2.977000000000000000e+03
5.747000000000000000e+03
3.534000000000000000e+03
4.853000000000000000e+03
3.236000000000000000e+03
2.740000000000000000e+03
1.401000000000000000e+03
4.635000000000000000e+03
4.725000000000000000e+03
3.469000000000000000e+03
5.569000000000000000e+03
9.950000000000000000e+02
2.817000000000000000e+03
4.303000000000000000e+03
7.718000000000000000e+03
7.759000000000000000e+03
1.521000000000000000e+03
1.890000000000000000e+02
5.393000000000000000e+03
9.050000000000000000e+02
6.189000000000000000e+03
5.956000000000000000e+03
7.619000000000000000e+03
4.722000000000000000e+03
4.694000000000000000e+03
7.639000000000000000e+03
9.850000000000000000e+02
6.009000000000000000e+03
2.432000000000000000e+03
3.401000000000000000e+03
3.918000000000000000e+03
8.836000000000000000e+03
1.018900000000000000e+04
1.908000000000000000e+03
8.423000000000000000e+03
6.835000000000000000e+03
9.104000000000000000e+03
4.991000000000000000e+03
1.516000000000000000e+03
5.157000000000000000e+03
4.241000000000000000e+03
7.367000000000000000e+03
1.900000000000000000e+03
6.883000000000000000e+03
6.655000000000000000e+03
7.480000000000000000e+03
7.894000000000000000e+03
7.320000000000000000e+03
5.007000000000000000e+03
1.630000000000000000e+02
3.463000000000000000e+03
9.303000000000000000e+03
1.954000000000000000e+03
4.097000000000000000e+03
5.890000000000000000e+03
5.325000000000000000e+03
1.071000000000000000e+03
1.146500000000000000e+04
3.792000000000000000e+03
2.638000000000000000e+03
1.093000000000000000e+03
2.701000000000000000e+03
5.109000000000000000e+03
4.879000000000000000e+03
2.526000000000000000e+03
8.281000000000000000e+03
5.130000000000000000e+02
2.956000000000000000e+03
2.818000000000000000e+03
8.362000000000000000e+03
7.332000000000000000e+03
1.100600000000000000e+04
1.900000000000000000e+01
7.620000000000000000e+03
1.527000000000000000e+03
1.320000000000000000e+03
1.728000000000000000e+03
7.630000000000000000e+03
1.071600000000000000e+04
9.604000000000000000e+03
9.739000000000000000e+03
7.799000000000000000e+03
6.713000000000000000e+03
1.169000000000000000e+03
6.750000000000000000e+03
2.326000000000000000e+03
3.150000000000000000e+03
5.439000000000000000e+03
6.863000000000000000e+03
6.802000000000000000e+03
1.959000000000000000e+03
9.577000000000000000e+03
2.889000000000000000e+03
8.342000000000000000e+03
4.712000000000000000e+03
9.242000000000000000e+03
1.071700000000000000e+04
8.200000000000000000e+02
1.164100000000000000e+04
3.230000000000000000e+02
4.337000000000000000e+03
6.318000000000000000e+03
3.758000000000000000e+03
4.280000000000000000e+03
1.457000000000000000e+03
8.981000000000000000e+03
2.630000000000000000e+03
7.871000000000000000e+03
1.315000000000000000e+03
1.200200000000000000e+04
4.161000000000000000e+03
1.572000000000000000e+03
7.608000000000000000e+03
1.013300000000000000e+04
5.317000000000000000e+03
4.523000000000000000e+03
8.943000000000000000e+03
8.141000000000000000e+03
4.226000000000000000e+03
8.666000000000000000e+03
1.793000000000000000e+03
6.951000000000000000e+03
7.582000000000000000e+03
9.187000000000000000e+03
7.236000000000000000e+03
1.216100000000000000e+04
1.171000000000000000e+03
8.990000000000000000e+03
6.495000000000000000e+03
6.131000000000000000e+03
1.257100000000000000e+04
3.071000000000000000e+03
2.682000000000000000e+03
2.904000000000000000e+03
1.194100000000000000e+04
1.216200000000000000e+04
2.609000000000000000e+03
9.028000000000000000e+03
2.040000000000000000e+02
4.487000000000000000e+03
6.749000000000000000e+03
8.779000000000000000e+03
9.819000000000000000e+03
1.025700000000000000e+04
7.092000000000000000e+03
6.700000000000000000e+02
2.550000000000000000e+02
1.851000000000000000e+03
9.022000000000000000e+03
1.175300000000000000e+04
5.113000000000000000e+03
9.868000000000000000e+03
1.134400000000000000e+04
1.086900000000000000e+04
7.920000000000000000e+02
5.774000000000000000e+03
1.664000000000000000e+03
6.706000000000000000e+03
4.720000000000000000e+02
1.180200000000000000e+04
5.812000000000000000e+03
9.100000000000000000e+01
1.308300000000000000e+04
8.149000000000000000e+03
1.258500000000000000e+04
4.150000000000000000e+03
2.239000000000000000e+03
6.278000000000000000e+03
1.420800000000000000e+04
1.086800000000000000e+04
1.394000000000000000e+03
8.449000000000000000e+03
9.918000000000000000e+03
1.291600000000000000e+04
3.391000000000000000e+03
1.507000000000000000e+03
1.386400000000000000e+04
7.574000000000000000e+03
2.841000000000000000e+03
8.880000000000000000e+02
1.356000000000000000e+03
1.117600000000000000e+04
1.341400000000000000e+04
1.169500000000000000e+04
1.459500000000000000e+04
6.682000000000000000e+03
1.561800000000000000e+04
1.506400000000000000e+04
1.039800000000000000e+04
1.332900000000000000e+04
1.228000000000000000e+04
1.264600000000000000e+04
1.182700000000000000e+04
5.610000000000000000e+02
9.515000000000000000e+03
2.560000000000000000e+02
7.397000000000000000e+03
8.952000000000000000e+03
8.196000000000000000e+03
1.123000000000000000e+03
1.012200000000000000e+04
9.234000000000000000e+03
9.283000000000000000e+03
1.326600000000000000e+04
7.981000000000000000e+03
7.872000000000000000e+03
2.742000000000000000e+03
7.798000000000000000e+03
9.090000000000000000e+03
8.450000000000000000e+03
6.016000000000000000e+03
6.032000000000000000e+03
4.620000000000000000e+03
5.850000000000000000e+03
1.210500000000000000e+04
1.034400000000000000e+04
7.099000000000000000e+03
2.399000000000000000e+03
3.217000000000000000e+03
5.532000000000000000e+03
1.104800000000000000e+04
2.233000000000000000e+03
7.333000000000000000e+03
1.168100000000000000e+04
1.081800000000000000e+04
1.408600000000000000e+04
5.879000000000000000e+03
1.375500000000000000e+04
1.327900000000000000e+04
1.270400000000000000e+04
1.751000000000000000e+03
1.372200000000000000e+04
4.314000000000000000e+03
1.082900000000000000e+04
9.828000000000000000e+03
1.451700000000000000e+04
1.313100000000000000e+04
7.010000000000000000e+03
1.012400000000000000e+04
8.640000000000000000e+02
5.541000000000000000e+03
9.475000000000000000e+03
1.524500000000000000e+04
8.506000000000000000e+03
6.508000000000000000e+03
5.996000000000000000e+03
7.990000000000000000e+03
3.013000000000000000e+03
1.059200000000000000e+04
2.625000000000000000e+03
4.350000000000000000e+03
6.762000000000000000e+03
3.808000000000000000e+03
4.782000000000000000e+03
1.132100000000000000e+04
4.559000000000000000e+03
2.571000000000000000e+03
1.278000000000000000e+03
6.720000000000000000e+03
1.021900000000000000e+04
1.361400000000000000e+04
1.051500000000000000e+04
7.534000000000000000e+03
7.823000000000000000e+03
8.817000000000000000e+03
1.639900000000000000e+04
1.486200000000000000e+04
2.149000000000000000e+03
2.578000000000000000e+03
1.003000000000000000e+03
1.234000000000000000e+03
1.367500000000000000e+04
1.458400000000000000e+04
6.778000000000000000e+03
1.530500000000000000e+04
1.710100000000000000e+04
1.478500000000000000e+04
1.616400000000000000e+04
9.820000000000000000e+03
8.090000000000000000e+03
7.175000000000000000e+03
7.230000000000000000e+02
1.509700000000000000e+04
1.142400000000000000e+04
1.589900000000000000e+04
1.370100000000000000e+04
3.026000000000000000e+03
9.282000000000000000e+03
3.593000000000000000e+03
1.294300000000000000e+04
1.717900000000000000e+04
2.095000000000000000e+03
1.390600000000000000e+04
1.078000000000000000e+04
1.319000000000000000e+03
6.130000000000000000e+03
1.730000000000000000e+04
7.128000000000000000e+03
1.411200000000000000e+04
1.528700000000000000e+04
1.905000000000000000e+03
4.548000000000000000e+03
1.604600000000000000e+04
1.420900000000000000e+04
1.404100000000000000e+04
1.140400000000000000e+04
1.834700000000000000e+04
9.534000000000000000e+03
8.890000000000000000e+02
9.802000000000000000e+03
9.514000000000000000e+03
1.394300000000000000e+04
1.393000000000000000e+03
7.309000000000000000e+03
3.694000000000000000e+03
6.670000000000000000e+03
1.223000000000000000e+04
6.161000000000000000e+03
1.646000000000000000e+03
1.224700000000000000e+04
8.951000000000000000e+03
1.545600000000000000e+04
7.135000000000000000e+03
1.076500000000000000e+04
1.042000000000000000e+03
2.860000000000000000e+03
9.476000000000000000e+03
1.416100000000000000e+04
3.814000000000000000e+03
1.148400000000000000e+04
1.420700000000000000e+04
1.740600000000000000e+04
1.730100000000000000e+04
1.782700000000000000e+04
1.926000000000000000e+03
1.614600000000000000e+04
1.079600000000000000e+04
1.802000000000000000e+03
1.158600000000000000e+04
6.104000000000000000e+03
6.536000000000000000e+03
9.884000000000000000e+03
1.121500000000000000e+04
1.377000000000000000e+04
1.353400000000000000e+04
1.140500000000000000e+04
1.368900000000000000e+04
4.432000000000000000e+03
4.010000000000000000e+03
9.406000000000000000e+03
8.604000000000000000e+03
4.531000000000000000e+03
1.704800000000000000e+04
1.585800000000000000e+04
1.714600000000000000e+04
1.451800000000000000e+04
6.804000000000000000e+03
1.777700000000000000e+04
1.776200000000000000e+04
3.183000000000000000e+03
4.505000000000000000e+03
3.764000000000000000e+03
3.916000000000000000e+03
1.440900000000000000e+04
1.884000000000000000e+03
4.532000000000000000e+03
4.592000000000000000e+03
1.417000000000000000e+03
1.733200000000000000e+04
1.493700000000000000e+04
5.401000000000000000e+03
9.829000000000000000e+03
1.135200000000000000e+04
1.608700000000000000e+04
1.690600000000000000e+04
3.210000000000000000e+02
1.064200000000000000e+04
1.309600000000000000e+04
1.311000000000000000e+03
5.370000000000000000e+03
3.952000000000000000e+03
8.570000000000000000e+03
1.334600000000000000e+04
8.361000000000000000e+03
1.546600000000000000e+04
1.729900000000000000e+04
1.579600000000000000e+04
5.957000000000000000e+03
8.676000000000000000e+03
4.593000000000000000e+03
1.596700000000000000e+04
7.151000000000000000e+03
9.979000000000000000e+03
1.619000000000000000e+03
1.832100000000000000e+04
1.564500000000000000e+04
4.524000000000000000e+03
7.136000000000000000e+03
1.791100000000000000e+04
7.907000000000000000e+03
1.574700000000000000e+04
4.480000000000000000e+02
4.971000000000000000e+03
1.473500000000000000e+04
1.669900000000000000e+04
1.617900000000000000e+04
1.616500000000000000e+04
3.366000000000000000e+03
7.038000000000000000e+03
5.010000000000000000e+02
2.195000000000000000e+03
1.291000000000000000e+03
1.838200000000000000e+04
4.575000000000000000e+03
1.553500000000000000e+04
1.283900000000000000e+04
1.712700000000000000e+04
8.371000000000000000e+03
7.360000000000000000e+03
1.591200000000000000e+04
1.724000000000000000e+03
1.397100000000000000e+04
1.109100000000000000e+04
1.787000000000000000e+04
1.036500000000000000e+04
1.093100000000000000e+04
4.941000000000000000e+03
4.430000000000000000e+02
1.689200000000000000e+04
4.212000000000000000e+03
3.326000000000000000e+03
1.610000000000000000e+04
7.320000000000000000e+02
5.575000000000000000e+03
1.416200000000000000e+04
1.843000000000000000e+03
1.317900000000000000e+04
1.435500000000000000e+04
1.845700000000000000e+04
1.775200000000000000e+04
1.844700000000000000e+04
4.287000000000000000e+03
1.813600000000000000e+04
5.664000000000000000e+03
6.540000000000000000e+03
3.816000000000000000e+03
1.763900000000000000e+04
1.649600000000000000e+04
1.743200000000000000e+04
1.470600000000000000e+04
1.413700000000000000e+04
3.960000000000000000e+03
1.566000000000000000e+03
1.145200000000000000e+04
2.846000000000000000e+03
6.565000000000000000e+03
1.319400000000000000e+04
1.819400000000000000e+04
6.959000000000000000e+03
1.001700000000000000e+04
8.416000000000000000e+03
7.292000000000000000e+03
1.172200000000000000e+04
8.600000000000000000e+01
3.717000000000000000e+03
5.635000000000000000e+03
1.629400000000000000e+04
1.177700000000000000e+04
8.518000000000000000e+03
9.740000000000000000e+03
1.491100000000000000e+04
1.465700000000000000e+04
1.816900000000000000e+04
9.209000000000000000e+03
7.460000000000000000e+02
8.652000000000000000e+03
8.331000000000000000e+03
1.093000000000000000e+04
5.715000000000000000e+03
1.206800000000000000e+04
