6.200000000000000000e+01
3.900000000000000000e+01
2.500000000000000000e+01
9.900000000000000000e+01
4.320000000000000000e+02
3.390000000000000000e+02
4.530000000000000000e+02
3.200000000000000000e+01
6.080000000000000000e+02
4.800000000000000000e+01
8.430000000000000000e+02
5.760000000000000000e+02
2.150000000000000000e+02
4.940000000000000000e+02
1.772000000000000000e+03
7.760000000000000000e+02
3.920000000000000000e+02
3.400000000000000000e+02
1.138000000000000000e+03
8.800000000000000000e+02
1.368000000000000000e+03
2.270000000000000000e+02
1.505000000000000000e+03
8.300000000000000000e+02
1.426000000000000000e+03
2.314000000000000000e+03
3.179000000000000000e+03
1.959000000000000000e+03
2.366000000000000000e+03
1.520000000000000000e+02
3.054000000000000000e+03
7.100000000000000000e+02
1.040000000000000000e+02
1.045000000000000000e+03
1.002000000000000000e+03
1.521000000000000000e+03
2.634000000000000000e+03
1.629000000000000000e+03
7.410000000000000000e+02
1.210000000000000000e+03
1.270000000000000000e+03
1.420000000000000000e+03
4.127000000000000000e+03
7.900000000000000000e+01
9.470000000000000000e+02
6.030000000000000000e+02
1.592000000000000000e+03
1.183000000000000000e+03
1.630000000000000000e+02
3.732000000000000000e+03
1.567000000000000000e+03
4.890000000000000000e+03
3.840000000000000000e+03
1.315000000000000000e+03
6.700000000000000000e+02
4.061000000000000000e+03
3.894000000000000000e+03
5.620000000000000000e+02
1.195000000000000000e+03
2.955000000000000000e+03
1.206000000000000000e+03
2.255000000000000000e+03
1.908000000000000000e+03
3.739000000000000000e+03
3.273000000000000000e+03
1.947000000000000000e+03
8.200000000000000000e+02
5.747000000000000000e+03
1.320000000000000000e+03
1.401000000000000000e+03
2.758000000000000000e+03
2.817000000000000000e+03
1.760000000000000000e+03
1.898000000000000000e+03
3.236000000000000000e+03
3.931000000000000000e+03
1.921000000000000000e+03
8.050000000000000000e+02
1.220000000000000000e+03
7.639000000000000000e+03
1.316000000000000000e+03
2.497000000000000000e+03
2.192000000000000000e+03
3.792000000000000000e+03
1.283000000000000000e+03
1.371000000000000000e+03
3.727000000000000000e+03
3.366000000000000000e+03
5.157000000000000000e+03
2.481000000000000000e+03
1.967000000000000000e+03
1.664000000000000000e+03
2.867000000000000000e+03
1.314000000000000000e+03
3.875000000000000000e+03
3.401000000000000000e+03
6.009000000000000000e+03
4.590000000000000000e+02
1.130000000000000000e+03
1.938000000000000000e+03
3.860000000000000000e+03
1.516000000000000000e+03
1.676000000000000000e+03
3.449000000000000000e+03
4.287000000000000000e+03
1.900000000000000000e+03
3.230000000000000000e+02
2.841000000000000000e+03
2.073000000000000000e+03
2.123000000000000000e+03
9.283000000000000000e+03
4.161000000000000000e+03
3.369000000000000000e+03
1.963000000000000000e+03
6.762000000000000000e+03
5.575000000000000000e+03
1.749000000000000000e+03
3.699000000000000000e+03
2.407000000000000000e+03
2.550000000000000000e+02
1.728000000000000000e+03
7.683000000000000000e+03
1.297000000000000000e+03
1.624000000000000000e+03
6.046000000000000000e+03
2.262000000000000000e+03
7.333000000000000000e+03
4.960000000000000000e+03
1.858000000000000000e+03
5.130000000000000000e+02
2.921000000000000000e+03
4.314000000000000000e+03
6.959000000000000000e+03
7.920000000000000000e+02
5.569000000000000000e+03
2.578000000000000000e+03
4.711000000000000000e+03
1.042000000000000000e+03
1.068000000000000000e+03
2.682000000000000000e+03
1.507000000000000000e+03
6.883000000000000000e+03
3.930000000000000000e+03
3.573000000000000000e+03
2.609000000000000000e+03
3.076000000000000000e+03
3.256000000000000000e+03
1.755000000000000000e+03
8.141000000000000000e+03
7.718000000000000000e+03
8.595000000000000000e+03
4.712000000000000000e+03
3.183000000000000000e+03
6.863000000000000000e+03
1.113000000000000000e+03
5.094000000000000000e+03
3.463000000000000000e+03
4.257000000000000000e+03
5.956000000000000000e+03
4.226000000000000000e+03
3.912000000000000000e+03
1.627000000000000000e+03
2.085000000000000000e+03
2.854000000000000000e+03
3.210000000000000000e+02
9.590000000000000000e+02
2.853000000000000000e+03
5.317000000000000000e+03
7.099000000000000000e+03
4.991000000000000000e+03
7.490000000000000000e+02
7.534000000000000000e+03
4.247000000000000000e+03
1.169000000000000000e+03
3.026000000000000000e+03
1.527000000000000000e+03
1.160000000000000000e+02
2.526000000000000000e+03
6.318000000000000000e+03
8.196000000000000000e+03
4.879000000000000000e+03
8.342000000000000000e+03
4.694000000000000000e+03
4.303000000000000000e+03
1.168100000000000000e+04
7.981000000000000000e+03
7.453000000000000000e+03
2.740000000000000000e+03
4.566000000000000000e+03
7.309000000000000000e+03
4.782000000000000000e+03
4.280000000000000000e+03
3.918000000000000000e+03
8.518000000000000000e+03
3.694000000000000000e+03
4.180000000000000000e+02
2.442000000000000000e+03
4.853000000000000000e+03
6.706000000000000000e+03
7.136000000000000000e+03
5.325000000000000000e+03
4.635000000000000000e+03
8.450000000000000000e+03
7.151000000000000000e+03
6.889000000000000000e+03
7.574000000000000000e+03
4.330000000000000000e+03
9.828000000000000000e+03
7.367000000000000000e+03
1.013300000000000000e+04
2.233000000000000000e+03
2.095000000000000000e+03
4.432000000000000000e+03
4.097000000000000000e+03
6.655000000000000000e+03
7.092000000000000000e+03
1.929000000000000000e+03
4.854000000000000000e+03
2.638000000000000000e+03
7.630000000000000000e+03
6.670000000000000000e+03
7.460000000000000000e+02
3.150000000000000000e+03
6.278000000000000000e+03
1.082900000000000000e+04
6.749000000000000000e+03
7.480000000000000000e+03
2.000000000000000000e+03
7.872000000000000000e+03
4.559000000000000000e+03
7.871000000000000000e+03
1.802000000000000000e+03
2.415000000000000000e+03
6.161000000000000000e+03
2.280000000000000000e+02
3.470000000000000000e+02
1.393000000000000000e+03
7.990000000000000000e+03
7.608000000000000000e+03
6.508000000000000000e+03
9.819000000000000000e+03
7.894000000000000000e+03
4.725000000000000000e+03
8.506000000000000000e+03
8.362000000000000000e+03
7.759000000000000000e+03
6.713000000000000000e+03
2.198000000000000000e+03
5.812000000000000000e+03
1.900000000000000000e+01
3.270000000000000000e+02
1.457000000000000000e+03
6.268000000000000000e+03
4.241000000000000000e+03
3.071000000000000000e+03
5.038000000000000000e+03
7.619000000000000000e+03
2.326000000000000000e+03
9.104000000000000000e+03
1.270400000000000000e+04
1.140500000000000000e+04
4.505000000000000000e+03
8.779000000000000000e+03
9.515000000000000000e+03
7.320000000000000000e+02
1.182700000000000000e+04
4.722000000000000000e+03
6.778000000000000000e+03
5.211000000000000000e+03
6.750000000000000000e+03
7.332000000000000000e+03
4.010000000000000000e+03
5.140000000000000000e+03
7.135000000000000000e+03
1.370100000000000000e+04
7.175000000000000000e+03
6.835000000000000000e+03
1.180200000000000000e+04
1.397100000000000000e+04
4.575000000000000000e+03
2.889000000000000000e+03
9.303000000000000000e+03
1.228000000000000000e+04
4.524000000000000000e+03
1.754000000000000000e+03
6.760000000000000000e+02
7.434000000000000000e+03
6.181000000000000000e+03
5.393000000000000000e+03
1.025700000000000000e+04
1.394300000000000000e+04
5.879000000000000000e+03
2.547000000000000000e+03
9.868000000000000000e+03
1.132100000000000000e+04
3.574000000000000000e+03
7.128000000000000000e+03
8.090000000000000000e+03
9.476000000000000000e+03
7.629000000000000000e+03
2.630000000000000000e+03
5.845000000000000000e+03
1.954000000000000000e+03
9.243000000000000000e+03
6.720000000000000000e+03
6.813000000000000000e+03
1.044000000000000000e+03
1.486200000000000000e+04
7.407000000000000000e+03
2.978000000000000000e+03
3.916000000000000000e+03
1.301000000000000000e+03
7.320000000000000000e+03
1.408600000000000000e+04
6.804000000000000000e+03
2.956000000000000000e+03
1.200200000000000000e+04
1.361400000000000000e+04
1.109100000000000000e+04
1.926000000000000000e+03
1.377000000000000000e+04
1.216100000000000000e+04
7.907000000000000000e+03
1.012400000000000000e+04
1.501400000000000000e+04
5.939000000000000000e+03
2.149000000000000000e+03
1.399000000000000000e+03
4.620000000000000000e+02
1.884000000000000000e+03
3.202000000000000000e+03
9.820000000000000000e+03
6.189000000000000000e+03
1.071700000000000000e+04
5.401000000000000000e+03
7.530000000000000000e+02
3.764000000000000000e+03
1.079600000000000000e+04
9.829000000000000000e+03
7.292000000000000000e+03
5.715000000000000000e+03
9.850000000000000000e+02
3.120000000000000000e+02
1.326600000000000000e+04
8.423000000000000000e+03
7.799000000000000000e+03
5.708000000000000000e+03
1.158600000000000000e+04
4.720000000000000000e+02
1.100600000000000000e+04
1.451800000000000000e+04
9.979000000000000000e+03
3.670000000000000000e+03
4.679000000000000000e+03
5.109000000000000000e+03
5.439000000000000000e+03
1.309600000000000000e+04
1.416200000000000000e+04
9.518000000000000000e+03
7.481000000000000000e+03
9.740000000000000000e+03
7.982000000000000000e+03
1.064200000000000000e+04
6.921000000000000000e+03
1.071600000000000000e+04
2.432000000000000000e+03
1.216200000000000000e+04
1.493700000000000000e+04
1.107800000000000000e+04
1.083900000000000000e+04
5.226000000000000000e+03
1.257100000000000000e+04
1.121500000000000000e+04
1.470600000000000000e+04
6.540000000000000000e+03
1.086800000000000000e+04
1.423800000000000000e+04
1.313100000000000000e+04
5.113000000000000000e+03
1.411200000000000000e+04
7.620000000000000000e+03
1.579600000000000000e+04
1.679500000000000000e+04
1.146500000000000000e+04
1.372200000000000000e+04
1.117600000000000000e+04
3.014000000000000000e+03
4.941000000000000000e+03
3.960000000000000000e+03
9.374000000000000000e+03
1.451700000000000000e+04
1.059300000000000000e+04
1.375500000000000000e+04
1.416100000000000000e+04
3.551000000000000000e+03
6.132000000000000000e+03
5.774000000000000000e+03
6.131000000000000000e+03
3.013000000000000000e+03
1.039800000000000000e+04
7.236000000000000000e+03
1.616500000000000000e+04
1.658400000000000000e+04
6.951000000000000000e+03
1.524500000000000000e+04
1.390600000000000000e+04
1.102400000000000000e+04
1.230000000000000000e+03
2.311000000000000000e+03
1.134400000000000000e+04
1.312100000000000000e+04
2.860000000000000000e+03
1.604000000000000000e+03
1.619000000000000000e+03
2.160000000000000000e+02
1.135200000000000000e+04
3.469000000000000000e+03
1.413700000000000000e+04
1.076500000000000000e+04
1.078000000000000000e+04
1.353400000000000000e+04
1.681400000000000000e+04
1.173400000000000000e+04
1.440900000000000000e+04
1.839000000000000000e+03
1.018000000000000000e+03
1.478500000000000000e+04
1.400800000000000000e+04
8.258000000000000000e+03
3.384000000000000000e+03
7.370000000000000000e+02
1.794000000000000000e+03
1.614600000000000000e+04
9.928000000000000000e+03
7.038000000000000000e+03
3.841000000000000000e+03
8.817000000000000000e+03
1.034400000000000000e+04
1.585800000000000000e+04
1.127800000000000000e+04
9.427000000000000000e+03
5.160000000000000000e+02
1.294300000000000000e+04
4.550000000000000000e+03
1.528700000000000000e+04
1.506400000000000000e+04
5.957000000000000000e+03
1.327900000000000000e+04
1.286000000000000000e+03
1.189000000000000000e+03
2.430000000000000000e+02
6.802000000000000000e+03
1.332900000000000000e+04
2.593000000000000000e+03
3.711000000000000000e+03
9.521000000000000000e+03
1.166600000000000000e+04
5.370000000000000000e+03
1.326800000000000000e+04
1.012200000000000000e+04
1.169500000000000000e+04
1.194100000000000000e+04
1.021900000000000000e+04
1.784400000000000000e+04
1.173300000000000000e+04
4.487000000000000000e+03
1.465700000000000000e+04
5.664000000000000000e+03
1.279400000000000000e+04
4.139000000000000000e+03
1.589900000000000000e+04
1.775200000000000000e+04
6.144000000000000000e+03
8.652000000000000000e+03
4.337000000000000000e+03
1.730100000000000000e+04
1.733200000000000000e+04
1.243500000000000000e+04
1.119600000000000000e+04
2.134000000000000000e+03
4.972000000000000000e+03
6.495000000000000000e+03
1.386400000000000000e+04
5.007000000000000000e+03
8.405000000000000000e+03
3.534000000000000000e+03
6.032000000000000000e+03
2.977000000000000000e+03
1.164100000000000000e+04
3.601000000000000000e+03
1.459500000000000000e+04
1.420800000000000000e+04
1.604600000000000000e+04
1.018900000000000000e+04
9.209000000000000000e+03
3.615000000000000000e+03
2.986000000000000000e+03
1.171000000000000000e+03
1.404100000000000000e+04
1.420900000000000000e+04
3.697000000000000000e+03
1.821500000000000000e+04
1.001700000000000000e+04
1.020800000000000000e+04
2.040000000000000000e+02
9.918000000000000000e+03
9.534000000000000000e+03
2.359000000000000000e+03
1.431000000000000000e+03
7.397000000000000000e+03
1.616400000000000000e+04
1.839600000000000000e+04
1.491100000000000000e+04
1.714600000000000000e+04
2.332000000000000000e+03
1.306700000000000000e+04
1.572000000000000000e+03
7.798000000000000000e+03
9.028000000000000000e+03
7.105000000000000000e+03
1.505100000000000000e+04
1.291600000000000000e+04
8.836000000000000000e+03
1.530500000000000000e+04
2.034000000000000000e+03
9.727000000000000000e+03
1.059200000000000000e+04
8.449000000000000000e+03
1.831400000000000000e+04
1.791100000000000000e+04
4.761000000000000000e+03
3.070000000000000000e+03
1.223000000000000000e+04
4.523000000000000000e+03
1.115900000000000000e+04
1.768000000000000000e+04
7.414000000000000000e+03
1.173500000000000000e+04
6.911000000000000000e+03
3.683000000000000000e+03
1.542300000000000000e+04
1.793000000000000000e+03
9.242000000000000000e+03
1.258500000000000000e+04
2.818000000000000000e+03
1.704800000000000000e+04
1.819400000000000000e+04
1.813600000000000000e+04
9.631000000000000000e+03
1.298100000000000000e+04
4.150000000000000000e+03
8.331000000000000000e+03
3.960000000000000000e+02
1.285800000000000000e+04
2.843000000000000000e+03
1.864000000000000000e+03
5.532000000000000000e+03
1.367500000000000000e+04
1.561800000000000000e+04
1.787000000000000000e+04
1.752700000000000000e+04
2.829000000000000000e+03
9.950000000000000000e+02
1.794800000000000000e+04
1.377100000000000000e+04
1.079800000000000000e+04
7.142000000000000000e+03
4.602000000000000000e+03
9.050000000000000000e+02
1.717900000000000000e+04
1.210500000000000000e+04
6.016000000000000000e+03
1.051500000000000000e+04
1.367600000000000000e+04
1.377200000000000000e+04
1.655900000000000000e+04
8.259000000000000000e+03
9.632000000000000000e+03
1.145200000000000000e+04
9.604000000000000000e+03
1.341400000000000000e+04
1.816900000000000000e+04
1.808300000000000000e+04
7.218000000000000000e+03
1.768100000000000000e+04
5.732000000000000000e+03
1.206800000000000000e+04
1.558100000000000000e+04
2.490000000000000000e+02
8.416000000000000000e+03
1.036500000000000000e+04
8.393000000000000000e+03
1.093000000000000000e+04
1.041100000000000000e+04
9.577000000000000000e+03
1.458400000000000000e+04
4.350000000000000000e+03
1.776200000000000000e+04
1.383700000000000000e+04
9.997000000000000000e+03
1.859000000000000000e+03
1.274000000000000000e+04
6.130000000000000000e+02
1.175300000000000000e+04
3.808000000000000000e+03
1.081800000000000000e+04
7.582000000000000000e+03
4.124000000000000000e+03
1.264000000000000000e+04
7.359000000000000000e+03
1.137000000000000000e+04
1.828000000000000000e+03
7.631000000000000000e+03
1.093100000000000000e+04
4.480000000000000000e+02
3.217000000000000000e+03
2.904000000000000000e+03
1.710100000000000000e+04
6.521000000000000000e+03
1.777700000000000000e+04
1.148500000000000000e+04
1.571900000000000000e+04
1.825900000000000000e+04
1.641500000000000000e+04
9.454000000000000000e+03
1.791200000000000000e+04
1.442000000000000000e+03
1.798000000000000000e+04
5.868000000000000000e+03
1.779800000000000000e+04
1.356000000000000000e+03
1.104800000000000000e+04
1.037800000000000000e+04
1.016700000000000000e+04
7.833000000000000000e+03
6.491000000000000000e+03
1.168800000000000000e+04
5.610000000000000000e+02
1.890000000000000000e+02
3.814000000000000000e+03
2.701000000000000000e+03
5.996000000000000000e+03
1.140400000000000000e+04
1.142400000000000000e+04
1.729900000000000000e+04
3.627000000000000000e+03
1.779900000000000000e+04
1.375600000000000000e+04
9.176000000000000000e+03
