3.200000000000000000e+01
7.900000000000000000e+01
2.150000000000000000e+02
1.630000000000000000e+02
4.540000000000000000e+02
3.730000000000000000e+02
2.270000000000000000e+02
4.800000000000000000e+01
6.130000000000000000e+02
1.864000000000000000e+03
3.210000000000000000e+02
2.550000000000000000e+02
9.900000000000000000e+01
7.920000000000000000e+02
5.130000000000000000e+02
1.442000000000000000e+03
3.230000000000000000e+02
5.620000000000000000e+02
7.460000000000000000e+02
4.620000000000000000e+02
1.859000000000000000e+03
2.134000000000000000e+03
1.619000000000000000e+03
1.186000000000000000e+03
2.149000000000000000e+03
2.754000000000000000e+03
2.860000000000000000e+03
3.540000000000000000e+02
7.530000000000000000e+02
9.590000000000000000e+02
8.200000000000000000e+02
1.507000000000000000e+03
1.399000000000000000e+03
3.920000000000000000e+02
3.026000000000000000e+03
1.320000000000000000e+03
1.516000000000000000e+03
1.728000000000000000e+03
1.286000000000000000e+03
1.967000000000000000e+03
1.839000000000000000e+03
2.233000000000000000e+03
7.760000000000000000e+02
2.573000000000000000e+03
6.700000000000000000e+02
3.960000000000000000e+03
1.316000000000000000e+03
3.014000000000000000e+03
1.169000000000000000e+03
6.020000000000000000e+02
2.500000000000000000e+01
6.030000000000000000e+02
3.070000000000000000e+03
2.380000000000000000e+02
2.986000000000000000e+03
3.400000000000000000e+02
1.210000000000000000e+03
6.080000000000000000e+02
3.764000000000000000e+03
2.609000000000000000e+03
4.124000000000000000e+03
4.940000000000000000e+02
2.578000000000000000e+03
2.841000000000000000e+03
7.410000000000000000e+02
3.384000000000000000e+03
2.843000000000000000e+03
3.916000000000000000e+03
2.359000000000000000e+03
3.900000000000000000e+01
5.840000000000000000e+02
7.490000000000000000e+02
1.183000000000000000e+03
2.034000000000000000e+03
4.575000000000000000e+03
3.711000000000000000e+03
2.095000000000000000e+03
3.615000000000000000e+03
1.045000000000000000e+03
3.660000000000000000e+03
1.900000000000000000e+03
2.593000000000000000e+03
3.670000000000000000e+03
1.900000000000000000e+01
1.938000000000000000e+03
1.604000000000000000e+03
3.551000000000000000e+03
1.802000000000000000e+03
3.009000000000000000e+03
1.401000000000000000e+03
1.165000000000000000e+03
3.697000000000000000e+03
1.908000000000000000e+03
4.761000000000000000e+03
1.283000000000000000e+03
1.393000000000000000e+03
4.559000000000000000e+03
9.470000000000000000e+02
1.760000000000000000e+03
3.183000000000000000e+03
7.218000000000000000e+03
4.002000000000000000e+03
4.010000000000000000e+03
4.471000000000000000e+03
1.521000000000000000e+03
1.884000000000000000e+03
1.431000000000000000e+03
2.332000000000000000e+03
1.926000000000000000e+03
4.033000000000000000e+03
1.567000000000000000e+03
1.042000000000000000e+03
1.748000000000000000e+03
7.038000000000000000e+03
5.793000000000000000e+03
1.527000000000000000e+03
1.959000000000000000e+03
1.314000000000000000e+03
5.664000000000000000e+03
7.833000000000000000e+03
4.161000000000000000e+03
6.911000000000000000e+03
2.490000000000000000e+02
1.148000000000000000e+03
7.414000000000000000e+03
3.960000000000000000e+02
2.867000000000000000e+03
4.287000000000000000e+03
4.432000000000000000e+03
1.664000000000000000e+03
3.694000000000000000e+03
4.849000000000000000e+03
6.491000000000000000e+03
2.287000000000000000e+03
3.240000000000000000e+03
1.676000000000000000e+03
4.782000000000000000e+03
5.226000000000000000e+03
2.497000000000000000e+03
5.977000000000000000e+03
1.315000000000000000e+03
4.524000000000000000e+03
8.400000000000000000e+03
4.972000000000000000e+03
6.279000000000000000e+03
9.263000000000000000e+03
2.870000000000000000e+02
2.184000000000000000e+03
3.366000000000000000e+03
4.186000000000000000e+03
5.370000000000000000e+03
6.960000000000000000e+03
7.000000000000000000e+00
5.708000000000000000e+03
1.131000000000000000e+03
1.520000000000000000e+02
1.629000000000000000e+03
6.144000000000000000e+03
6.161000000000000000e+03
2.526000000000000000e+03
6.200000000000000000e+01
5.010000000000000000e+03
4.941000000000000000e+03
5.069000000000000000e+03
1.012300000000000000e+04
8.331000000000000000e+03
5.211000000000000000e+03
3.071000000000000000e+03
3.972000000000000000e+03
7.142000000000000000e+03
1.828000000000000000e+03
4.602000000000000000e+03
2.214000000000000000e+03
5.879000000000000000e+03
6.508000000000000000e+03
7.152000000000000000e+03
2.150000000000000000e+03
9.294000000000000000e+03
4.505000000000000000e+03
1.069000000000000000e+03
8.689000000000000000e+03
7.810000000000000000e+02
6.670000000000000000e+03
9.312000000000000000e+03
7.982000000000000000e+03
1.441000000000000000e+03
1.834000000000000000e+03
5.340000000000000000e+02
9.990000000000000000e+02
2.817000000000000000e+03
4.330000000000000000e+03
4.280000000000000000e+03
9.632000000000000000e+03
8.430000000000000000e+02
4.997000000000000000e+03
7.360000000000000000e+03
4.139000000000000000e+03
5.329000000000000000e+03
8.300000000000000000e+02
4.226000000000000000e+03
8.258000000000000000e+03
7.359000000000000000e+03
5.939000000000000000e+03
2.893000000000000000e+03
3.683000000000000000e+03
8.259000000000000000e+03
5.812000000000000000e+03
7.320000000000000000e+02
7.105000000000000000e+03
5.868000000000000000e+03
2.829000000000000000e+03
2.481000000000000000e+03
3.841000000000000000e+03
6.426000000000000000e+03
5.401000000000000000e+03
8.416000000000000000e+03
9.170000000000000000e+03
7.621000000000000000e+03
1.036500000000000000e+04
9.997000000000000000e+03
1.037800000000000000e+04
8.393000000000000000e+03
5.038000000000000000e+03
9.821000000000000000e+03
9.411000000000000000e+03
4.712000000000000000e+03
1.297200000000000000e+04
2.774000000000000000e+03
9.427000000000000000e+03
5.126000000000000000e+03
5.326000000000000000e+03
6.720000000000000000e+03
1.755000000000000000e+03
1.109200000000000000e+04
7.907000000000000000e+03
6.804000000000000000e+03
9.521000000000000000e+03
4.221000000000000000e+03
7.407000000000000000e+03
7.175000000000000000e+03
7.631000000000000000e+03
8.915000000000000000e+03
1.206000000000000000e+03
4.722000000000000000e+03
1.163000000000000000e+04
5.715000000000000000e+03
1.089000000000000000e+04
7.292000000000000000e+03
1.592000000000000000e+03
3.236000000000000000e+03
2.200000000000000000e+01
7.301000000000000000e+03
5.957000000000000000e+03
7.128000000000000000e+03
5.317000000000000000e+03
1.829000000000000000e+03
1.007400000000000000e+04
1.375000000000000000e+03
7.517000000000000000e+03
9.209000000000000000e+03
9.454000000000000000e+03
1.079800000000000000e+04
6.132000000000000000e+03
6.318000000000000000e+03
2.366000000000000000e+03
9.740000000000000000e+03
8.090000000000000000e+03
1.041100000000000000e+04
9.727000000000000000e+03
4.303000000000000000e+03
6.778000000000000000e+03
7.026000000000000000e+03
1.016700000000000000e+04
1.107900000000000000e+04
2.605000000000000000e+03
4.241000000000000000e+03
7.135000000000000000e+03
4.320000000000000000e+02
3.627000000000000000e+03
9.631000000000000000e+03
1.001000000000000000e+04
1.238000000000000000e+04
8.270000000000000000e+03
1.348700000000000000e+04
1.093000000000000000e+04
9.599000000000000000e+03
2.300000000000000000e+03
1.002000000000000000e+03
3.918000000000000000e+03
3.463000000000000000e+03
1.020800000000000000e+04
6.525000000000000000e+03
1.600300000000000000e+04
9.307000000000000000e+03
2.955000000000000000e+03
8.658000000000000000e+03
3.076000000000000000e+03
7.309000000000000000e+03
1.148500000000000000e+04
3.256000000000000000e+03
4.314000000000000000e+03
6.959000000000000000e+03
1.001700000000000000e+04
2.896000000000000000e+03
1.056300000000000000e+04
1.173500000000000000e+04
6.278000000000000000e+03
8.652000000000000000e+03
1.290400000000000000e+04
1.172000000000000000e+03
7.461000000000000000e+03
1.248700000000000000e+04
1.254900000000000000e+04
1.036600000000000000e+04
2.028000000000000000e+03
3.769000000000000000e+03
3.401000000000000000e+03
1.324900000000000000e+04
8.869000000000000000e+03
2.129000000000000000e+03
1.270000000000000000e+03
4.110000000000000000e+03
1.151500000000000000e+04
5.251000000000000000e+03
8.217000000000000000e+03
6.706000000000000000e+03
1.019000000000000000e+03
9.518000000000000000e+03
2.192000000000000000e+03
2.123000000000000000e+03
2.682000000000000000e+03
1.300000000000000000e+04
1.363200000000000000e+04
8.973000000000000000e+03
1.351900000000000000e+04
1.206800000000000000e+04
4.590000000000000000e+02
3.860000000000000000e+03
1.069100000000000000e+04
3.370000000000000000e+02
6.813000000000000000e+03
7.151000000000000000e+03
1.242400000000000000e+04
1.295800000000000000e+04
1.143900000000000000e+04
1.894000000000000000e+03
8.667000000000000000e+03
8.405000000000000000e+03
9.741000000000000000e+03
2.203000000000000000e+03
7.872000000000000000e+03
4.660000000000000000e+02
7.534000000000000000e+03
1.107800000000000000e+04
1.221300000000000000e+04
1.159000000000000000e+03
1.111600000000000000e+04
2.889000000000000000e+03
9.979000000000000000e+03
1.168800000000000000e+04
3.390000000000000000e+02
7.136000000000000000e+03
1.083900000000000000e+04
1.375600000000000000e+04
1.079700000000000000e+04
9.860000000000000000e+02
9.496000000000000000e+03
4.725000000000000000e+03
3.792000000000000000e+03
1.115900000000000000e+04
1.119600000000000000e+04
7.990000000000000000e+03
1.127800000000000000e+04
1.064200000000000000e+04
1.400900000000000000e+04
1.326700000000000000e+04
3.449000000000000000e+03
4.879000000000000000e+03
4.080000000000000000e+02
1.137000000000000000e+04
8.814000000000000000e+03
1.093100000000000000e+04
1.138000000000000000e+03
1.102400000000000000e+04
1.228100000000000000e+04
1.524600000000000000e+04
1.407200000000000000e+04
1.457000000000000000e+03
2.630000000000000000e+03
1.195000000000000000e+03
1.377100000000000000e+04
1.533400000000000000e+04
1.493800000000000000e+04
1.325000000000000000e+04
1.051600000000000000e+04
9.176000000000000000e+03
2.539000000000000000e+03
5.923000000000000000e+03
4.580000000000000000e+02
9.829000000000000000e+03
1.423900000000000000e+04
9.476000000000000000e+03
1.298100000000000000e+04
1.330600000000000000e+04
3.746000000000000000e+03
1.394400000000000000e+04
4.050000000000000000e+02
3.912000000000000000e+03
7.871000000000000000e+03
1.358100000000000000e+04
1.285800000000000000e+04
1.236100000000000000e+04
1.205500000000000000e+04
5.410000000000000000e+02
9.470000000000000000e+03
7.310000000000000000e+03
1.165600000000000000e+04
6.540000000000000000e+03
8.800000000000000000e+02
8.518000000000000000e+03
1.079600000000000000e+04
1.465800000000000000e+04
7.563000000000000000e+03
1.564600000000000000e+04
1.321200000000000000e+04
2.382000000000000000e+03
1.190200000000000000e+04
7.966000000000000000e+03
1.306700000000000000e+04
1.223000000000000000e+04
4.138000000000000000e+03
1.300100000000000000e+04
1.074200000000000000e+04
2.085000000000000000e+03
1.076500000000000000e+04
8.506000000000000000e+03
9.928000000000000000e+03
1.312100000000000000e+04
5.557000000000000000e+03
1.418500000000000000e+04
1.158600000000000000e+04
1.821600000000000000e+04
1.383800000000000000e+04
1.121500000000000000e+04
7.092000000000000000e+03
1.462200000000000000e+04
7.472000000000000000e+03
1.166600000000000000e+04
1.156600000000000000e+04
6.363000000000000000e+03
5.325000000000000000e+03
4.694000000000000000e+03
7.099000000000000000e+03
9.820000000000000000e+03
1.173400000000000000e+04
1.616600000000000000e+04
1.326800000000000000e+04
1.257200000000000000e+04
1.007000000000000000e+03
2.407000000000000000e+03
1.383700000000000000e+04
1.149700000000000000e+04
1.612900000000000000e+04
1.012400000000000000e+04
3.545000000000000000e+03
5.158000000000000000e+03
1.666900000000000000e+04
8.519000000000000000e+03
2.106000000000000000e+03
2.073000000000000000e+03
5.569000000000000000e+03
3.407000000000000000e+03
1.303300000000000000e+04
1.430000000000000000e+02
1.858000000000000000e+03
1.173300000000000000e+04
9.779000000000000000e+03
1.561900000000000000e+04
3.875000000000000000e+03
7.367000000000000000e+03
7.574000000000000000e+03
1.423700000000000000e+04
7.936000000000000000e+03
1.542300000000000000e+04
6.492000000000000000e+03
1.418600000000000000e+04
1.109100000000000000e+04
1.641500000000000000e+04
1.614800000000000000e+04
6.749000000000000000e+03
1.420000000000000000e+03
3.179000000000000000e+03
1.377200000000000000e+04
5.575000000000000000e+03
7.922000000000000000e+03
4.700000000000000000e+03
6.980000000000000000e+02
1.297300000000000000e+04
4.219000000000000000e+03
6.532000000000000000e+03
1.712900000000000000e+04
1.662300000000000000e+04
6.750000000000000000e+03
7.027000000000000000e+03
9.515000000000000000e+03
1.264000000000000000e+04
1.686700000000000000e+04
1.228200000000000000e+04
4.900000000000000000e+03
2.755000000000000000e+03
3.470000000000000000e+02
1.638300000000000000e+04
1.654000000000000000e+04
1.101000000000000000e+03
1.587500000000000000e+04
7.759000000000000000e+03
1.739100000000000000e+04
1.573800000000000000e+04
4.380000000000000000e+02
1.712800000000000000e+04
1.505100000000000000e+04
3.702000000000000000e+03
6.789000000000000000e+03
7.894000000000000000e+03
1.491100000000000000e+04
1.823800000000000000e+04
1.232400000000000000e+04
1.547600000000000000e+04
1.724900000000000000e+04
5.068000000000000000e+03
7.017000000000000000e+03
1.368000000000000000e+03
1.614700000000000000e+04
8.605000000000000000e+03
6.624000000000000000e+03
7.799000000000000000e+03
7.981000000000000000e+03
1.767000000000000000e+04
1.739200000000000000e+04
4.181000000000000000e+03
9.890000000000000000e+03
1.772000000000000000e+03
4.061000000000000000e+03
8.342000000000000000e+03
1.676700000000000000e+04
3.020000000000000000e+02
1.921000000000000000e+03
1.784500000000000000e+04
1.380900000000000000e+04
1.798000000000000000e+04
2.212000000000000000e+03
1.544100000000000000e+04
1.808000000000000000e+04
1.678100000000000000e+04
1.616700000000000000e+04
1.171600000000000000e+04
1.367600000000000000e+04
1.820700000000000000e+04
1.508300000000000000e+04
1.798100000000000000e+04
4.387000000000000000e+03
1.347000000000000000e+03
1.947000000000000000e+03
4.566000000000000000e+03
1.140500000000000000e+04
1.791200000000000000e+04
1.536100000000000000e+04
1.579700000000000000e+04
1.754400000000000000e+04
9.096000000000000000e+03
2.255000000000000000e+03
1.832200000000000000e+04
1.102500000000000000e+04
7.164000000000000000e+03
6.552000000000000000e+03
1.525700000000000000e+04
1.068000000000000000e+03
1.353400000000000000e+04
5.157000000000000000e+03
1.700100000000000000e+04
1.692700000000000000e+04
1.233300000000000000e+04
1.220000000000000000e+03
7.333000000000000000e+03
1.655900000000000000e+04
1.830500000000000000e+04
3.334000000000000000e+03
2.190000000000000000e+03
6.990000000000000000e+02
2.655000000000000000e+03
1.135200000000000000e+04
7.630000000000000000e+03
9.868000000000000000e+03
6.883000000000000000e+03
1.779900000000000000e+04
2.627000000000000000e+03
1.681500000000000000e+04
1.211900000000000000e+04
1.410000000000000000e+03
2.925000000000000000e+03
1.478500000000000000e+04
1.082900000000000000e+04
1.416200000000000000e+04
1.658500000000000000e+04
1.437100000000000000e+04
1.378200000000000000e+04
2.857000000000000000e+03
1.187500000000000000e+04
3.273000000000000000e+03
1.465700000000000000e+04
1.413700000000000000e+04
1.400800000000000000e+04
2.442000000000000000e+03
1.440900000000000000e+04
1.309600000000000000e+04
3.905000000000000000e+03
9.218000000000000000e+03
4.530000000000000000e+02
6.762000000000000000e+03
1.573900000000000000e+04
3.594000000000000000e+03
1.325100000000000000e+04
1.216300000000000000e+04
1.177800000000000000e+04
1.951000000000000000e+03
1.264100000000000000e+04
1.659800000000000000e+04
3.936000000000000000e+03
1.250600000000000000e+04
1.909000000000000000e+03
5.880000000000000000e+03
2.262000000000000000e+03
8.196000000000000000e+03
1.416100000000000000e+04
1.827700000000000000e+04
1.649700000000000000e+04
1.078000000000000000e+04
1.397200000000000000e+04
1.593400000000000000e+04
1.072600000000000000e+04
5.668000000000000000e+03
5.368000000000000000e+03
4.338000000000000000e+03
1.179000000000000000e+03
3.952000000000000000e+03
2.415000000000000000e+03
1.371000000000000000e+03
7.619000000000000000e+03
8.779000000000000000e+03
5.094000000000000000e+03
8.141000000000000000e+03
1.408600000000000000e+04
1.086800000000000000e+04
1.040000000000000000e+02
8.850000000000000000e+02
1.692600000000000000e+04
1.300000000000000000e+02
