7.900000000000000000e+01
3.200000000000000000e+01
4.540000000000000000e+02
3.730000000000000000e+02
1.630000000000000000e+02
6.130000000000000000e+02
5.130000000000000000e+02
2.270000000000000000e+02
3.540000000000000000e+02
2.150000000000000000e+02
3.230000000000000000e+02
2.550000000000000000e+02
4.620000000000000000e+02
3.210000000000000000e+02
1.619000000000000000e+03
4.800000000000000000e+01
1.186000000000000000e+03
1.148000000000000000e+03
9.900000000000000000e+01
1.399000000000000000e+03
1.859000000000000000e+03
1.442000000000000000e+03
7.460000000000000000e+02
3.009000000000000000e+03
1.864000000000000000e+03
2.380000000000000000e+02
7.530000000000000000e+02
7.920000000000000000e+02
2.134000000000000000e+03
1.839000000000000000e+03
6.020000000000000000e+02
8.200000000000000000e+02
1.169000000000000000e+03
1.900000000000000000e+01
2.573000000000000000e+03
3.660000000000000000e+03
9.590000000000000000e+02
5.010000000000000000e+03
1.165000000000000000e+03
2.754000000000000000e+03
3.920000000000000000e+02
7.000000000000000000e+00
1.802000000000000000e+03
1.604000000000000000e+03
2.829000000000000000e+03
2.287000000000000000e+03
4.110000000000000000e+03
5.620000000000000000e+02
2.359000000000000000e+03
2.034000000000000000e+03
2.149000000000000000e+03
1.286000000000000000e+03
5.840000000000000000e+02
2.095000000000000000e+03
1.320000000000000000e+03
2.843000000000000000e+03
3.615000000000000000e+03
7.760000000000000000e+02
1.507000000000000000e+03
7.410000000000000000e+02
1.069000000000000000e+03
3.070000000000000000e+03
2.593000000000000000e+03
4.033000000000000000e+03
2.300000000000000000e+03
1.441000000000000000e+03
1.748000000000000000e+03
2.870000000000000000e+02
6.030000000000000000e+02
3.240000000000000000e+03
2.150000000000000000e+03
4.139000000000000000e+03
3.960000000000000000e+02
3.384000000000000000e+03
1.728000000000000000e+03
6.700000000000000000e+02
1.516000000000000000e+03
4.849000000000000000e+03
2.860000000000000000e+03
1.884000000000000000e+03
2.233000000000000000e+03
1.431000000000000000e+03
3.769000000000000000e+03
1.316000000000000000e+03
2.609000000000000000e+03
3.400000000000000000e+02
3.014000000000000000e+03
5.977000000000000000e+03
2.986000000000000000e+03
1.393000000000000000e+03
6.279000000000000000e+03
1.430000000000000000e+02
3.916000000000000000e+03
4.997000000000000000e+03
6.911000000000000000e+03
3.711000000000000000e+03
5.340000000000000000e+02
1.828000000000000000e+03
4.660000000000000000e+02
1.938000000000000000e+03
2.682000000000000000e+03
4.002000000000000000e+03
2.332000000000000000e+03
6.426000000000000000e+03
1.183000000000000000e+03
1.527000000000000000e+03
6.980000000000000000e+02
1.283000000000000000e+03
1.926000000000000000e+03
2.490000000000000000e+02
5.793000000000000000e+03
2.605000000000000000e+03
4.940000000000000000e+02
8.400000000000000000e+03
1.834000000000000000e+03
4.186000000000000000e+03
9.990000000000000000e+02
2.200000000000000000e+01
7.301000000000000000e+03
3.551000000000000000e+03
1.042000000000000000e+03
6.960000000000000000e+03
1.401000000000000000e+03
2.893000000000000000e+03
2.214000000000000000e+03
3.683000000000000000e+03
5.069000000000000000e+03
1.760000000000000000e+03
5.126000000000000000e+03
1.172000000000000000e+03
7.320000000000000000e+02
8.658000000000000000e+03
4.761000000000000000e+03
8.217000000000000000e+03
1.131000000000000000e+03
3.764000000000000000e+03
3.697000000000000000e+03
1.900000000000000000e+03
2.184000000000000000e+03
5.370000000000000000e+03
7.810000000000000000e+02
3.370000000000000000e+02
4.124000000000000000e+03
5.664000000000000000e+03
2.841000000000000000e+03
2.578000000000000000e+03
8.259000000000000000e+03
1.829000000000000000e+03
1.664000000000000000e+03
2.774000000000000000e+03
1.410000000000000000e+03
2.925000000000000000e+03
9.890000000000000000e+03
4.559000000000000000e+03
7.142000000000000000e+03
1.375000000000000000e+03
3.071000000000000000e+03
6.491000000000000000e+03
4.221000000000000000e+03
1.210000000000000000e+03
5.251000000000000000e+03
8.689000000000000000e+03
5.868000000000000000e+03
3.670000000000000000e+03
3.972000000000000000e+03
4.524000000000000000e+03
3.183000000000000000e+03
7.038000000000000000e+03
5.326000000000000000e+03
4.432000000000000000e+03
1.908000000000000000e+03
7.621000000000000000e+03
1.019000000000000000e+03
7.360000000000000000e+03
7.105000000000000000e+03
8.331000000000000000e+03
7.218000000000000000e+03
1.007400000000000000e+04
7.152000000000000000e+03
7.027000000000000000e+03
4.941000000000000000e+03
5.211000000000000000e+03
9.860000000000000000e+02
5.226000000000000000e+03
4.471000000000000000e+03
2.500000000000000000e+01
1.959000000000000000e+03
4.080000000000000000e+02
9.294000000000000000e+03
1.315000000000000000e+03
2.896000000000000000e+03
6.080000000000000000e+02
4.138000000000000000e+03
4.972000000000000000e+03
7.490000000000000000e+02
5.401000000000000000e+03
9.997000000000000000e+03
5.812000000000000000e+03
9.307000000000000000e+03
6.525000000000000000e+03
3.746000000000000000e+03
4.602000000000000000e+03
1.045000000000000000e+03
3.841000000000000000e+03
1.079800000000000000e+04
2.203000000000000000e+03
1.012300000000000000e+04
1.295800000000000000e+04
4.387000000000000000e+03
5.329000000000000000e+03
4.010000000000000000e+03
1.894000000000000000e+03
3.407000000000000000e+03
9.470000000000000000e+02
8.300000000000000000e+02
9.263000000000000000e+03
7.359000000000000000e+03
1.159000000000000000e+03
2.028000000000000000e+03
5.642000000000000000e+03
7.517000000000000000e+03
7.461000000000000000e+03
6.720000000000000000e+03
5.879000000000000000e+03
8.915000000000000000e+03
1.151500000000000000e+04
2.539000000000000000e+03
2.526000000000000000e+03
1.629000000000000000e+03
4.575000000000000000e+03
1.165600000000000000e+04
6.144000000000000000e+03
9.599000000000000000e+03
1.016700000000000000e+04
9.170000000000000000e+03
3.960000000000000000e+03
3.905000000000000000e+03
4.580000000000000000e+02
2.382000000000000000e+03
1.007000000000000000e+03
3.694000000000000000e+03
8.393000000000000000e+03
1.297200000000000000e+04
5.957000000000000000e+03
9.312000000000000000e+03
5.923000000000000000e+03
6.363000000000000000e+03
1.206000000000000000e+03
4.241000000000000000e+03
5.939000000000000000e+03
5.715000000000000000e+03
8.814000000000000000e+03
5.158000000000000000e+03
9.632000000000000000e+03
9.496000000000000000e+03
6.532000000000000000e+03
9.821000000000000000e+03
1.290400000000000000e+04
5.708000000000000000e+03
8.973000000000000000e+03
1.967000000000000000e+03
4.050000000000000000e+02
7.026000000000000000e+03
3.936000000000000000e+03
2.129000000000000000e+03
1.079700000000000000e+04
5.038000000000000000e+03
6.552000000000000000e+03
2.497000000000000000e+03
1.089000000000000000e+04
7.310000000000000000e+03
1.001700000000000000e+04
8.869000000000000000e+03
6.540000000000000000e+03
1.676000000000000000e+03
2.867000000000000000e+03
8.270000000000000000e+03
1.521000000000000000e+03
4.782000000000000000e+03
6.670000000000000000e+03
1.163000000000000000e+04
8.667000000000000000e+03
1.236100000000000000e+04
7.631000000000000000e+03
4.380000000000000000e+02
9.779000000000000000e+03
6.161000000000000000e+03
6.132000000000000000e+03
9.741000000000000000e+03
1.326800000000000000e+04
1.036600000000000000e+04
7.563000000000000000e+03
6.990000000000000000e+02
1.567000000000000000e+03
1.001000000000000000e+04
4.505000000000000000e+03
4.287000000000000000e+03
1.149700000000000000e+04
1.303300000000000000e+04
8.416000000000000000e+03
1.069100000000000000e+04
2.106000000000000000e+03
4.314000000000000000e+03
7.982000000000000000e+03
1.205500000000000000e+04
8.258000000000000000e+03
9.631000000000000000e+03
4.226000000000000000e+03
1.037800000000000000e+04
7.292000000000000000e+03
6.624000000000000000e+03
4.161000000000000000e+03
1.020800000000000000e+04
1.547600000000000000e+04
1.102500000000000000e+04
7.135000000000000000e+03
1.248700000000000000e+04
9.411000000000000000e+03
7.922000000000000000e+03
1.143900000000000000e+04
1.111600000000000000e+04
1.325000000000000000e+04
2.755000000000000000e+03
1.493800000000000000e+04
3.334000000000000000e+03
3.627000000000000000e+03
1.573800000000000000e+04
9.209000000000000000e+03
7.907000000000000000e+03
1.348700000000000000e+04
4.365000000000000000e+03
3.702000000000000000e+03
8.430000000000000000e+02
1.324900000000000000e+04
9.454000000000000000e+03
5.557000000000000000e+03
7.936000000000000000e+03
8.519000000000000000e+03
1.247000000000000000e+04
7.472000000000000000e+03
3.918000000000000000e+03
7.175000000000000000e+03
1.533400000000000000e+04
7.414000000000000000e+03
1.330600000000000000e+04
7.534000000000000000e+03
3.026000000000000000e+03
1.423700000000000000e+04
1.056300000000000000e+04
1.051600000000000000e+04
3.545000000000000000e+03
8.405000000000000000e+03
9.521000000000000000e+03
8.090000000000000000e+03
9.176000000000000000e+03
1.321200000000000000e+04
1.228200000000000000e+04
1.173500000000000000e+04
1.041100000000000000e+04
7.833000000000000000e+03
1.400900000000000000e+04
1.084000000000000000e+03
1.394400000000000000e+04
2.817000000000000000e+03
9.427000000000000000e+03
1.649700000000000000e+04
1.232400000000000000e+04
1.383800000000000000e+04
2.627000000000000000e+03
1.465800000000000000e+04
1.221300000000000000e+04
1.612900000000000000e+04
1.297300000000000000e+04
2.212000000000000000e+03
1.168800000000000000e+04
9.260000000000000000e+02
2.630000000000000000e+03
1.228100000000000000e+04
1.156600000000000000e+04
4.219000000000000000e+03
1.561900000000000000e+04
1.101000000000000000e+03
1.109200000000000000e+04
1.596800000000000000e+04
1.407200000000000000e+04
1.593400000000000000e+04
1.570100000000000000e+04
6.278000000000000000e+03
7.966000000000000000e+03
1.300100000000000000e+04
5.068000000000000000e+03
2.971000000000000000e+03
1.257200000000000000e+04
3.236000000000000000e+03
1.093000000000000000e+04
1.137000000000000000e+04
4.700000000000000000e+03
1.678100000000000000e+04
1.216300000000000000e+04
6.492000000000000000e+03
1.951000000000000000e+03
3.594000000000000000e+03
1.755000000000000000e+03
7.128000000000000000e+03
1.107900000000000000e+04
1.741000000000000000e+03
1.190200000000000000e+04
1.520000000000000000e+02
2.481000000000000000e+03
5.317000000000000000e+03
1.107800000000000000e+04
1.524600000000000000e+04
9.470000000000000000e+03
1.587500000000000000e+04
1.127800000000000000e+04
1.326700000000000000e+04
7.017000000000000000e+03
4.181000000000000000e+03
1.592000000000000000e+03
1.418500000000000000e+04
1.423900000000000000e+04
3.020000000000000000e+02
4.900000000000000000e+03
1.115900000000000000e+04
4.338000000000000000e+03
3.401000000000000000e+03
7.136000000000000000e+03
1.363200000000000000e+04
8.645000000000000000e+03
1.074200000000000000e+04
1.264100000000000000e+04
1.579700000000000000e+04
1.093100000000000000e+04
2.123000000000000000e+03
4.879000000000000000e+03
1.325100000000000000e+04
1.220300000000000000e+04
1.242400000000000000e+04
8.605000000000000000e+03
1.347000000000000000e+03
9.727000000000000000e+03
1.262500000000000000e+04
5.368000000000000000e+03
1.148500000000000000e+04
1.286500000000000000e+04
1.036500000000000000e+04
7.398000000000000000e+03
7.407000000000000000e+03
1.666900000000000000e+04
6.804000000000000000e+03
1.171600000000000000e+04
1.250600000000000000e+04
4.303000000000000000e+03
9.979000000000000000e+03
1.616700000000000000e+04
8.850000000000000000e+02
1.618000000000000000e+04
1.418600000000000000e+04
1.457000000000000000e+03
1.119600000000000000e+04
2.655000000000000000e+03
6.778000000000000000e+03
7.309000000000000000e+03
1.676700000000000000e+04
7.721000000000000000e+03
1.658500000000000000e+04
1.437100000000000000e+04
1.250500000000000000e+04
1.378200000000000000e+04
4.330000000000000000e+03
1.076500000000000000e+04
1.358100000000000000e+04
9.476000000000000000e+03
9.605000000000000000e+03
1.002000000000000000e+03
3.792000000000000000e+03
1.254900000000000000e+04
1.375600000000000000e+04
9.218000000000000000e+03
1.909000000000000000e+03
9.740000000000000000e+03
1.285800000000000000e+04
1.298100000000000000e+04
6.083000000000000000e+03
1.574000000000000000e+03
5.668000000000000000e+03
6.508000000000000000e+03
1.564600000000000000e+04
6.200000000000000000e+01
3.463000000000000000e+03
1.397200000000000000e+04
1.380900000000000000e+04
4.003000000000000000e+03
1.233000000000000000e+03
4.590000000000000000e+02
3.076000000000000000e+03
1.616600000000000000e+04
6.789000000000000000e+03
9.820000000000000000e+03
1.064200000000000000e+04
1.614800000000000000e+04
1.177800000000000000e+04
2.190000000000000000e+03
3.470000000000000000e+02
1.102400000000000000e+04
1.724900000000000000e+04
5.968000000000000000e+03
7.164000000000000000e+03
1.080600000000000000e+04
1.314000000000000000e+03
7.151000000000000000e+03
1.377100000000000000e+04
1.351900000000000000e+04
3.880000000000000000e+02
1.574700000000000000e+04
9.096000000000000000e+03
1.233300000000000000e+04
2.192000000000000000e+03
4.722000000000000000e+03
1.264000000000000000e+04
1.739200000000000000e+04
1.816100000000000000e+04
7.871000000000000000e+03
1.692600000000000000e+04
6.706000000000000000e+03
9.928000000000000000e+03
9.829000000000000000e+03
2.777000000000000000e+03
1.754400000000000000e+04
1.211900000000000000e+04
1.187500000000000000e+04
7.990000000000000000e+03
1.600300000000000000e+04
1.536100000000000000e+04
1.274000000000000000e+04
2.281000000000000000e+03
3.912000000000000000e+03
1.312100000000000000e+04
3.148000000000000000e+03
3.449000000000000000e+03
1.462300000000000000e+04
1.159700000000000000e+04
1.659800000000000000e+04
1.525700000000000000e+04
1.808000000000000000e+04
1.138000000000000000e+03
1.368000000000000000e+03
1.462200000000000000e+04
1.573900000000000000e+04
1.632200000000000000e+04
1.072600000000000000e+04
1.361500000000000000e+04
1.681500000000000000e+04
9.615000000000000000e+03
1.300000000000000000e+02
6.700000000000000000e+03
1.323000000000000000e+03
2.085000000000000000e+03
2.366000000000000000e+03
4.320000000000000000e+02
1.300000000000000000e+04
1.686700000000000000e+04
1.506500000000000000e+04
1.700100000000000000e+04
3.328000000000000000e+03
6.079000000000000000e+03
2.003000000000000000e+03
6.749000000000000000e+03
1.082900000000000000e+04
1.767000000000000000e+04
1.712900000000000000e+04
6.803000000000000000e+03
2.621000000000000000e+03
1.313200000000000000e+04
1.053300000000000000e+04
8.490000000000000000e+02
3.256000000000000000e+03
8.818000000000000000e+03
1.542300000000000000e+04
1.482900000000000000e+04
3.079000000000000000e+03
6.558000000000000000e+03
1.312200000000000000e+04
1.135200000000000000e+04
7.759000000000000000e+03
9.515000000000000000e+03
1.048000000000000000e+03
4.422000000000000000e+03
1.544100000000000000e+04
1.471800000000000000e+04
6.515000000000000000e+03
2.857000000000000000e+03
1.328000000000000000e+04
8.652000000000000000e+03
5.410000000000000000e+02
1.229800000000000000e+04
1.553600000000000000e+04
1.117700000000000000e+04
5.880000000000000000e+03
3.031000000000000000e+03
5.325000000000000000e+03
1.478500000000000000e+04
1.121500000000000000e+04
1.383700000000000000e+04
3.910000000000000000e+03
1.007500000000000000e+04
5.297000000000000000e+03
7.243000000000000000e+03
3.379000000000000000e+03
1.032200000000000000e+04
3.875000000000000000e+03
1.491100000000000000e+04
1.505100000000000000e+04
1.823800000000000000e+04
1.306700000000000000e+04
1.798100000000000000e+04
1.723200000000000000e+04
1.726400000000000000e+04
1.442800000000000000e+04
1.751000000000000000e+04
1.718000000000000000e+04
1.635300000000000000e+04
2.776000000000000000e+03
2.334000000000000000e+03
2.889000000000000000e+03
3.390000000000000000e+02
7.367000000000000000e+03
6.813000000000000000e+03
1.158600000000000000e+04
9.345000000000000000e+03
1.674900000000000000e+04
3.752000000000000000e+03
1.103500000000000000e+04
5.558000000000000000e+03
8.424000000000000000e+03
4.130000000000000000e+03
1.560000000000000000e+02
1.755500000000000000e+04
3.894000000000000000e+03
1.662300000000000000e+04
1.728400000000000000e+04
7.422000000000000000e+03
1.079600000000000000e+04
1.739100000000000000e+04
1.238000000000000000e+04
1.784500000000000000e+04
1.823900000000000000e+04
9.560000000000000000e+03
2.308000000000000000e+03
6.318000000000000000e+03
8.779000000000000000e+03
1.353400000000000000e+04
4.280000000000000000e+03
1.832200000000000000e+04
1.359700000000000000e+04
3.926000000000000000e+03
1.402500000000000000e+04
3.385000000000000000e+03
1.752800000000000000e+04
1.140600000000000000e+04
1.299000000000000000e+04
1.571000000000000000e+03
1.829200000000000000e+04
7.894000000000000000e+03
1.173300000000000000e+04
1.655900000000000000e+04
1.820700000000000000e+04
1.712800000000000000e+04
1.012400000000000000e+04
1.798000000000000000e+04
4.576000000000000000e+03
1.756100000000000000e+04
7.399000000000000000e+03
1.161100000000000000e+04
1.303400000000000000e+04
1.231300000000000000e+04
4.270000000000000000e+03
8.353000000000000000e+03
9.555000000000000000e+03
6.166000000000000000e+03
3.953000000000000000e+03
1.560600000000000000e+04
5.760000000000000000e+03
