7.000000000000000000e+00
4.050000000000000000e+02
4.380000000000000000e+02
4.660000000000000000e+02
2.490000000000000000e+02
4.580000000000000000e+02
8.190000000000000000e+02
1.100000000000000000e+01
2.380000000000000000e+02
2.200000000000000000e+01
6.980000000000000000e+02
1.430000000000000000e+02
2.308000000000000000e+03
1.951000000000000000e+03
2.776000000000000000e+03
1.428000000000000000e+03
1.574000000000000000e+03
1.179000000000000000e+03
1.228000000000000000e+03
1.007000000000000000e+03
3.370000000000000000e+02
7.320000000000000000e+02
2.780000000000000000e+02
1.829000000000000000e+03
9.260000000000000000e+02
2.003000000000000000e+03
6.990000000000000000e+02
3.540000000000000000e+02
3.960000000000000000e+02
1.159000000000000000e+03
1.909000000000000000e+03
1.486000000000000000e+03
2.870000000000000000e+02
1.323000000000000000e+03
5.840000000000000000e+02
1.375000000000000000e+03
1.233000000000000000e+03
3.031000000000000000e+03
2.539000000000000000e+03
1.900000000000000000e+01
2.655000000000000000e+03
1.019000000000000000e+03
9.990000000000000000e+02
5.340000000000000000e+02
5.731000000000000000e+03
2.946000000000000000e+03
3.880000000000000000e+02
6.020000000000000000e+02
4.286000000000000000e+03
3.926000000000000000e+03
2.777000000000000000e+03
8.930000000000000000e+02
5.300000000000000000e+02
2.901000000000000000e+03
3.956000000000000000e+03
1.894000000000000000e+03
1.410000000000000000e+03
3.961000000000000000e+03
4.080000000000000000e+02
5.600000000000000000e+01
1.101000000000000000e+03
1.441000000000000000e+03
2.857000000000000000e+03
1.172000000000000000e+03
3.061000000000000000e+03
3.460000000000000000e+02
3.545000000000000000e+03
2.627000000000000000e+03
4.079000000000000000e+03
5.000000000000000000e+03
2.744000000000000000e+03
2.621000000000000000e+03
2.106000000000000000e+03
4.219000000000000000e+03
3.702000000000000000e+03
2.184000000000000000e+03
3.627000000000000000e+03
1.131000000000000000e+03
3.953000000000000000e+03
5.760000000000000000e+03
4.620000000000000000e+02
2.203000000000000000e+03
2.896000000000000000e+03
3.379000000000000000e+03
3.407000000000000000e+03
8.490000000000000000e+02
4.422000000000000000e+03
1.042000000000000000e+03
1.165000000000000000e+03
3.067000000000000000e+03
3.872000000000000000e+03
4.148000000000000000e+03
1.300000000000000000e+01
3.261000000000000000e+03
9.860000000000000000e+02
2.382000000000000000e+03
6.400000000000000000e+03
4.003000000000000000e+03
2.971000000000000000e+03
6.480000000000000000e+03
1.069000000000000000e+03
2.190000000000000000e+03
3.328000000000000000e+03
3.910000000000000000e+03
4.181000000000000000e+03
2.869000000000000000e+03
5.193000000000000000e+03
3.752000000000000000e+03
3.210000000000000000e+02
3.148000000000000000e+03
2.755000000000000000e+03
1.347000000000000000e+03
3.709000000000000000e+03
1.834000000000000000e+03
4.338000000000000000e+03
5.668000000000000000e+03
1.022000000000000000e+03
1.263000000000000000e+03
6.166000000000000000e+03
5.297000000000000000e+03
3.079000000000000000e+03
2.796000000000000000e+03
1.638000000000000000e+03
2.504000000000000000e+03
3.337000000000000000e+03
4.658000000000000000e+03
2.893000000000000000e+03
3.594000000000000000e+03
6.152000000000000000e+03
5.368000000000000000e+03
2.129000000000000000e+03
1.828000000000000000e+03
1.741000000000000000e+03
2.281000000000000000e+03
4.130000000000000000e+03
2.630000000000000000e+03
1.553000000000000000e+03
1.148000000000000000e+03
6.337000000000000000e+03
3.385000000000000000e+03
7.810000000000000000e+02
2.925000000000000000e+03
7.237000000000000000e+03
1.286000000000000000e+03
1.048000000000000000e+03
4.200000000000000000e+02
3.730000000000000000e+02
4.365000000000000000e+03
1.748000000000000000e+03
2.086000000000000000e+03
3.200000000000000000e+01
1.432000000000000000e+03
2.009000000000000000e+03
6.029000000000000000e+03
7.530000000000000000e+02
4.576000000000000000e+03
6.925000000000000000e+03
5.732000000000000000e+03
3.936000000000000000e+03
3.074000000000000000e+03
3.334000000000000000e+03
9.658000000000000000e+03
1.300000000000000000e+02
2.214000000000000000e+03
2.300000000000000000e+03
4.270000000000000000e+03
2.315000000000000000e+03
2.670000000000000000e+03
7.955000000000000000e+03
3.230000000000000000e+02
7.164000000000000000e+03
4.540000000000000000e+02
3.937000000000000000e+03
5.880000000000000000e+03
6.083000000000000000e+03
2.287000000000000000e+03
1.931000000000000000e+03
3.905000000000000000e+03
6.050000000000000000e+03
5.271000000000000000e+03
7.873000000000000000e+03
9.560000000000000000e+03
5.558000000000000000e+03
4.374000000000000000e+03
8.424000000000000000e+03
2.145000000000000000e+03
4.184000000000000000e+03
1.099000000000000000e+03
1.425000000000000000e+03
2.550000000000000000e+02
1.630000000000000000e+02
7.060000000000000000e+03
6.518000000000000000e+03
6.700000000000000000e+03
7.017000000000000000e+03
9.788000000000000000e+03
2.150000000000000000e+03
2.774000000000000000e+03
4.778000000000000000e+03
3.849000000000000000e+03
9.584000000000000000e+03
1.571000000000000000e+03
1.129600000000000000e+04
8.121000000000000000e+03
4.437000000000000000e+03
5.557000000000000000e+03
8.353000000000000000e+03
3.575000000000000000e+03
6.515000000000000000e+03
1.084000000000000000e+03
3.746000000000000000e+03
4.235000000000000000e+03
8.250000000000000000e+03
7.812000000000000000e+03
4.058000000000000000e+03
6.079000000000000000e+03
7.865000000000000000e+03
7.288000000000000000e+03
2.829000000000000000e+03
7.852000000000000000e+03
1.560000000000000000e+02
7.900000000000000000e+01
8.850000000000000000e+02
4.130000000000000000e+02
6.700000000000000000e+02
6.624000000000000000e+03
2.513000000000000000e+03
9.894000000000000000e+03
5.212000000000000000e+03
3.020000000000000000e+02
4.900000000000000000e+03
6.522000000000000000e+03
1.168200000000000000e+04
3.972000000000000000e+03
6.492000000000000000e+03
6.130000000000000000e+02
1.214800000000000000e+04
9.345000000000000000e+03
5.642000000000000000e+03
5.240000000000000000e+03
2.212000000000000000e+03
7.243000000000000000e+03
1.884000000000000000e+03
5.411000000000000000e+03
1.116000000000000000e+04
5.251000000000000000e+03
7.398000000000000000e+03
2.334000000000000000e+03
6.558000000000000000e+03
1.430000000000000000e+03
4.700000000000000000e+03
8.964000000000000000e+03
7.945000000000000000e+03
9.082000000000000000e+03
6.500000000000000000e+03
1.315000000000000000e+03
4.873000000000000000e+03
7.971000000000000000e+03
1.088100000000000000e+04
1.168900000000000000e+04
1.020900000000000000e+04
5.540000000000000000e+02
1.025800000000000000e+04
5.181000000000000000e+03
1.331800000000000000e+04
1.604000000000000000e+03
3.683000000000000000e+03
8.080000000000000000e+03
5.001000000000000000e+03
1.267300000000000000e+04
4.221000000000000000e+03
2.028000000000000000e+03
1.007500000000000000e+04
1.127900000000000000e+04
1.275800000000000000e+04
1.459600000000000000e+04
7.595000000000000000e+03
6.234000000000000000e+03
1.277300000000000000e+04
5.923000000000000000e+03
1.664000000000000000e+03
1.273900000000000000e+04
9.096000000000000000e+03
9.652000000000000000e+03
7.399000000000000000e+03
1.337700000000000000e+04
1.527000000000000000e+03
1.047000000000000000e+03
1.070200000000000000e+04
1.053300000000000000e+04
1.070100000000000000e+04
1.392300000000000000e+04
8.720000000000000000e+02
1.393000000000000000e+03
4.169000000000000000e+03
7.321000000000000000e+03
6.523000000000000000e+03
4.275000000000000000e+03
8.818000000000000000e+03
1.455900000000000000e+04
9.970000000000000000e+03
3.841000000000000000e+03
4.387000000000000000e+03
1.046100000000000000e+04
1.341500000000000000e+04
5.815000000000000000e+03
3.769000000000000000e+03
2.332000000000000000e+03
7.922000000000000000e+03
8.249000000000000000e+03
8.630000000000000000e+03
1.961000000000000000e+03
5.410000000000000000e+02
7.422000000000000000e+03
1.277400000000000000e+04
1.186000000000000000e+03
1.483000000000000000e+04
9.844000000000000000e+03
9.555000000000000000e+03
1.201300000000000000e+04
5.910000000000000000e+03
5.968000000000000000e+03
1.412000000000000000e+03
2.270000000000000000e+02
7.721000000000000000e+03
1.308400000000000000e+04
4.236000000000000000e+03
1.027300000000000000e+04
2.605000000000000000e+03
9.218000000000000000e+03
1.540000000000000000e+02
9.321000000000000000e+03
9.470000000000000000e+03
5.158000000000000000e+03
6.552000000000000000e+03
1.185100000000000000e+04
1.271400000000000000e+04
2.683000000000000000e+03
2.338000000000000000e+03
1.187500000000000000e+04
4.138000000000000000e+03
1.072600000000000000e+04
1.408700000000000000e+04
1.035900000000000000e+04
1.250700000000000000e+04
8.870000000000000000e+03
1.397300000000000000e+04
1.154000000000000000e+04
1.267400000000000000e+04
4.187000000000000000e+03
1.369000000000000000e+04
1.022000000000000000e+04
6.525000000000000000e+03
3.071000000000000000e+03
4.186000000000000000e+03
9.605000000000000000e+03
1.233300000000000000e+04
1.764000000000000000e+04
1.204800000000000000e+04
7.936000000000000000e+03
1.131400000000000000e+04
7.143000000000000000e+03
6.532000000000000000e+03
1.322000000000000000e+04
5.964000000000000000e+03
4.471000000000000000e+03
1.074200000000000000e+04
1.506600000000000000e+04
1.081900000000000000e+04
3.722000000000000000e+03
1.044600000000000000e+04
6.803000000000000000e+03
1.392200000000000000e+04
3.413000000000000000e+03
6.789000000000000000e+03
4.002000000000000000e+03
5.126000000000000000e+03
6.540000000000000000e+03
8.755000000000000000e+03
1.625900000000000000e+04
5.000000000000000000e+01
1.140600000000000000e+04
1.310600000000000000e+04
5.822000000000000000e+03
7.563000000000000000e+03
1.080600000000000000e+04
1.830000000000000000e+03
1.431000000000000000e+03
6.519000000000000000e+03
5.130000000000000000e+02
1.177800000000000000e+04
1.303400000000000000e+04
1.309700000000000000e+04
1.661000000000000000e+04
1.236200000000000000e+04
1.508400000000000000e+04
1.117700000000000000e+04
1.614900000000000000e+04
1.574800000000000000e+04
1.901000000000000000e+03
1.413400000000000000e+04
1.337600000000000000e+04
9.633000000000000000e+03
1.525800000000000000e+04
8.540000000000000000e+02
4.389000000000000000e+03
1.926000000000000000e+03
1.107900000000000000e+04
1.237200000000000000e+04
5.069000000000000000e+03
1.568200000000000000e+04
8.869000000000000000e+03
1.231300000000000000e+04
1.235100000000000000e+04
1.585900000000000000e+04
7.554000000000000000e+03
1.328000000000000000e+04
1.465900000000000000e+04
8.605000000000000000e+03
1.161100000000000000e+04
4.602000000000000000e+03
1.405300000000000000e+04
6.363000000000000000e+03
9.900000000000000000e+01
3.240000000000000000e+03
1.523300000000000000e+04
1.528800000000000000e+04
7.207000000000000000e+03
7.264000000000000000e+03
5.370000000000000000e+03
1.055500000000000000e+04
1.100700000000000000e+04
7.026000000000000000e+03
8.270000000000000000e+03
1.103500000000000000e+04
9.830000000000000000e+03
1.032200000000000000e+04
5.068000000000000000e+03
7.966000000000000000e+03
9.615000000000000000e+03
1.064300000000000000e+04
1.312200000000000000e+04
3.684000000000000000e+03
2.843000000000000000e+03
8.519000000000000000e+03
1.221400000000000000e+04
1.283000000000000000e+03
1.159700000000000000e+04
1.630800000000000000e+04
1.192900000000000000e+04
1.379700000000000000e+04
9.904000000000000000e+03
3.234000000000000000e+03
1.337500000000000000e+04
1.361500000000000000e+04
1.313200000000000000e+04
4.133000000000000000e+03
6.269000000000000000e+03
7.558000000000000000e+03
5.868000000000000000e+03
5.957000000000000000e+03
1.493900000000000000e+04
1.656000000000000000e+04
1.451900000000000000e+04
1.299000000000000000e+04
4.388000000000000000e+03
1.564700000000000000e+04
1.211900000000000000e+04
1.560600000000000000e+04
1.271500000000000000e+04
3.170000000000000000e+02
1.274100000000000000e+04
3.434000000000000000e+03
8.200000000000000000e+02
7.549000000000000000e+03
1.434500000000000000e+04
2.500000000000000000e+03
1.286500000000000000e+04
1.721100000000000000e+04
1.578400000000000000e+04
1.432500000000000000e+04
1.704900000000000000e+04
9.780000000000000000e+02
1.050000000000000000e+02
1.336800000000000000e+04
1.471800000000000000e+04
3.519000000000000000e+03
6.030000000000000000e+02
7.301000000000000000e+03
1.262500000000000000e+04
1.711400000000000000e+04
1.542400000000000000e+04
7.535000000000000000e+03
8.668000000000000000e+03
1.787100000000000000e+04
3.860000000000000000e+02
3.070000000000000000e+03
1.457200000000000000e+04
1.220300000000000000e+04
1.767100000000000000e+04
1.274000000000000000e+04
1.839000000000000000e+03
3.551000000000000000e+03
1.574700000000000000e+04
2.875000000000000000e+03
1.135200000000000000e+04
1.399000000000000000e+03
6.279000000000000000e+03
1.264100000000000000e+04
1.011200000000000000e+04
1.401000000000000000e+03
4.020000000000000000e+03
1.319600000000000000e+04
1.267500000000000000e+04
6.813000000000000000e+03
1.171600000000000000e+04
1.731600000000000000e+04
1.777800000000000000e+04
1.781200000000000000e+04
1.378300000000000000e+04
6.468000000000000000e+03
1.498200000000000000e+04
1.225600000000000000e+04
7.027000000000000000e+03
1.525700000000000000e+04
1.496900000000000000e+04
1.781300000000000000e+04
7.594000000000000000e+03
4.849000000000000000e+03
8.814000000000000000e+03
5.226000000000000000e+03
1.827000000000000000e+04
1.711500000000000000e+04
6.119000000000000000e+03
4.648000000000000000e+03
1.241100000000000000e+04
2.034000000000000000e+03
1.619000000000000000e+03
1.094400000000000000e+04
1.462200000000000000e+04
8.416000000000000000e+03
9.176000000000000000e+03
8.973000000000000000e+03
1.544100000000000000e+04
1.596900000000000000e+04
1.701100000000000000e+04
1.678200000000000000e+04
1.364300000000000000e+04
1.704000000000000000e+03
4.505000000000000000e+03
8.645000000000000000e+03
1.692700000000000000e+04
1.623000000000000000e+04
1.157600000000000000e+04
8.405000000000000000e+03
1.726500000000000000e+04
6.080000000000000000e+02
4.139000000000000000e+03
1.752800000000000000e+04
8.667000000000000000e+03
1.632300000000000000e+04
7.517000000000000000e+03
1.767200000000000000e+04
1.826000000000000000e+04
2.123000000000000000e+03
2.682000000000000000e+03
1.635300000000000000e+04
6.969000000000000000e+03
1.197100000000000000e+04
1.597900000000000000e+04
4.280000000000000000e+03
1.536100000000000000e+04
5.010000000000000000e+03
2.359000000000000000e+03
2.819000000000000000e+03
6.590000000000000000e+02
8.406000000000000000e+03
4.533000000000000000e+03
7.080000000000000000e+02
2.095000000000000000e+03
3.660000000000000000e+03
1.297300000000000000e+04
1.359700000000000000e+04
1.679600000000000000e+04
1.827800000000000000e+04
4.000000000000000000e+01
4.831000000000000000e+03
5.170000000000000000e+03
8.425000000000000000e+03
8.426000000000000000e+03
1.802000000000000000e+03
9.741000000000000000e+03
1.437100000000000000e+04
1.418600000000000000e+04
1.864000000000000000e+03
8.217000000000000000e+03
8.596000000000000000e+03
1.199200000000000000e+04
2.611000000000000000e+03
2.868000000000000000e+03
1.216500000000000000e+04
6.720000000000000000e+03
7.920000000000000000e+02
7.152000000000000000e+03
7.292000000000000000e+03
5.708000000000000000e+03
2.573000000000000000e+03
6.132000000000000000e+03
1.216400000000000000e+04
7.631000000000000000e+03
1.553600000000000000e+04
1.257200000000000000e+04
4.972000000000000000e+03
1.807000000000000000e+04
1.751100000000000000e+04
1.583000000000000000e+03
1.475400000000000000e+04
8.830000000000000000e+03
1.595000000000000000e+04
6.010000000000000000e+03
2.526000000000000000e+03
3.764000000000000000e+03
1.442000000000000000e+03
9.170000000000000000e+03
1.165600000000000000e+04
1.700100000000000000e+04
1.668600000000000000e+04
2.392000000000000000e+03
1.777900000000000000e+04
1.402000000000000000e+03
2.341000000000000000e+03
3.707000000000000000e+03
