7.000000000000000000e+00
5.600000000000000000e+01
1.100000000000000000e+01
2.200000000000000000e+01
1.300000000000000000e+01
4.200000000000000000e+02
3.860000000000000000e+02
1.540000000000000000e+02
1.560000000000000000e+02
5.300000000000000000e+02
8.930000000000000000e+02
1.830000000000000000e+03
3.020000000000000000e+02
1.263000000000000000e+03
2.780000000000000000e+02
3.460000000000000000e+02
1.430000000000000000e+03
3.880000000000000000e+02
4.570000000000000000e+02
2.513000000000000000e+03
1.425000000000000000e+03
1.704000000000000000e+03
4.130000000000000000e+02
4.050000000000000000e+02
5.410000000000000000e+02
8.720000000000000000e+02
1.022000000000000000e+03
2.338000000000000000e+03
2.490000000000000000e+02
4.533000000000000000e+03
1.228000000000000000e+03
1.029000000000000000e+03
1.553000000000000000e+03
6.750000000000000000e+02
3.370000000000000000e+02
1.233000000000000000e+03
9.260000000000000000e+02
3.234000000000000000e+03
2.341000000000000000e+03
4.580000000000000000e+02
1.486000000000000000e+03
2.819000000000000000e+03
6.990000000000000000e+02
1.638000000000000000e+03
1.101000000000000000e+03
2.870000000000000000e+02
1.019000000000000000e+03
8.190000000000000000e+02
8.520000000000000000e+02
3.700000000000000000e+01
4.000000000000000000e+01
1.047000000000000000e+03
3.413000000000000000e+03
1.050000000000000000e+02
2.125000000000000000e+03
4.380000000000000000e+02
1.323000000000000000e+03
3.363000000000000000e+03
1.179000000000000000e+03
2.670000000000000000e+03
3.519000000000000000e+03
4.388000000000000000e+03
6.590000000000000000e+02
1.412000000000000000e+03
2.190000000000000000e+03
3.575000000000000000e+03
1.931000000000000000e+03
4.389000000000000000e+03
6.010000000000000000e+03
1.432000000000000000e+03
4.236000000000000000e+03
4.020000000000000000e+03
2.796000000000000000e+03
1.430000000000000000e+02
4.080000000000000000e+02
3.243000000000000000e+03
1.099000000000000000e+03
3.690000000000000000e+03
4.437000000000000000e+03
2.367000000000000000e+03
2.692000000000000000e+03
2.003000000000000000e+03
1.901000000000000000e+03
2.756000000000000000e+03
2.946000000000000000e+03
2.086000000000000000e+03
3.490000000000000000e+02
2.627000000000000000e+03
4.275000000000000000e+03
3.231000000000000000e+03
1.007000000000000000e+03
2.281000000000000000e+03
7.080000000000000000e+02
5.001000000000000000e+03
2.504000000000000000e+03
8.490000000000000000e+02
5.340000000000000000e+02
2.522000000000000000e+03
9.860000000000000000e+02
4.443000000000000000e+03
5.815000000000000000e+03
1.571000000000000000e+03
2.129000000000000000e+03
1.159000000000000000e+03
3.061000000000000000e+03
2.744000000000000000e+03
7.320000000000000000e+02
5.181000000000000000e+03
4.184000000000000000e+03
2.145000000000000000e+03
3.434000000000000000e+03
4.675000000000000000e+03
1.428000000000000000e+03
3.074000000000000000e+03
2.028000000000000000e+03
4.270000000000000000e+03
4.187000000000000000e+03
7.558000000000000000e+03
5.622000000000000000e+03
2.875000000000000000e+03
8.406000000000000000e+03
9.970000000000000000e+02
7.207000000000000000e+03
2.380000000000000000e+02
2.212000000000000000e+03
4.873000000000000000e+03
9.550000000000000000e+02
9.780000000000000000e+02
3.385000000000000000e+03
3.148000000000000000e+03
5.645000000000000000e+03
6.678000000000000000e+03
4.235000000000000000e+03
6.980000000000000000e+02
6.468000000000000000e+03
2.009000000000000000e+03
1.741000000000000000e+03
2.315000000000000000e+03
2.106000000000000000e+03
6.270000000000000000e+03
3.067000000000000000e+03
4.658000000000000000e+03
4.643000000000000000e+03
6.523000000000000000e+03
4.374000000000000000e+03
5.170000000000000000e+03
5.840000000000000000e+02
6.100000000000000000e+02
8.850000000000000000e+02
4.778000000000000000e+03
2.382000000000000000e+03
8.394000000000000000e+03
6.522000000000000000e+03
4.326000000000000000e+03
2.857000000000000000e+03
5.964000000000000000e+03
6.256000000000000000e+03
7.777000000000000000e+03
3.849000000000000000e+03
2.621000000000000000e+03
5.822000000000000000e+03
8.251000000000000000e+03
7.594000000000000000e+03
6.519000000000000000e+03
3.230000000000000000e+02
1.084000000000000000e+03
6.119000000000000000e+03
6.473000000000000000e+03
3.337000000000000000e+03
6.616000000000000000e+03
4.148000000000000000e+03
7.106000000000000000e+03
2.334000000000000000e+03
2.868000000000000000e+03
9.795000000000000000e+03
3.331000000000000000e+03
7.810000000000000000e+02
4.700000000000000000e+03
3.709000000000000000e+03
1.347000000000000000e+03
6.234000000000000000e+03
1.909000000000000000e+03
1.402000000000000000e+03
1.585000000000000000e+03
9.990000000000000000e+02
5.621000000000000000e+03
2.683000000000000000e+03
8.225000000000000000e+03
5.271000000000000000e+03
4.058000000000000000e+03
1.068200000000000000e+04
4.130000000000000000e+03
2.611000000000000000e+03
1.361000000000000000e+03
5.212000000000000000e+03
1.961000000000000000e+03
7.852000000000000000e+03
4.576000000000000000e+03
4.003000000000000000e+03
4.660000000000000000e+02
7.399000000000000000e+03
4.648000000000000000e+03
2.096000000000000000e+03
5.540000000000000000e+02
8.596000000000000000e+03
8.830000000000000000e+03
1.375000000000000000e+03
7.853000000000000000e+03
4.138000000000000000e+03
6.500000000000000000e+03
3.722000000000000000e+03
4.079000000000000000e+03
3.646000000000000000e+03
1.042000000000000000e+03
5.201000000000000000e+03
5.099000000000000000e+03
3.684000000000000000e+03
8.450000000000000000e+02
8.540000000000000000e+02
5.240000000000000000e+03
6.360000000000000000e+03
5.910000000000000000e+03
2.392000000000000000e+03
5.968000000000000000e+03
9.171000000000000000e+03
1.048000000000000000e+03
3.328000000000000000e+03
7.264000000000000000e+03
3.872000000000000000e+03
7.549000000000000000e+03
2.858000000000000000e+03
3.205000000000000000e+03
7.535000000000000000e+03
3.852000000000000000e+03
7.288000000000000000e+03
5.000000000000000000e+01
6.269000000000000000e+03
2.308000000000000000e+03
8.755000000000000000e+03
7.945000000000000000e+03
5.754000000000000000e+03
3.379000000000000000e+03
4.133000000000000000e+03
1.583000000000000000e+03
3.190000000000000000e+02
6.152000000000000000e+03
7.865000000000000000e+03
3.937000000000000000e+03
1.339200000000000000e+04
8.630000000000000000e+03
9.904000000000000000e+03
6.039000000000000000e+03
6.925000000000000000e+03
1.197100000000000000e+04
7.120000000000000000e+03
9.210000000000000000e+03
1.073000000000000000e+03
1.172000000000000000e+03
7.971000000000000000e+03
2.500000000000000000e+03
7.422000000000000000e+03
1.319500000000000000e+04
1.157600000000000000e+04
7.595000000000000000e+03
1.027200000000000000e+04
5.382000000000000000e+03
1.900000000000000000e+01
4.811000000000000000e+03
2.755000000000000000e+03
8.080000000000000000e+03
9.150000000000000000e+03
7.060000000000000000e+03
7.321000000000000000e+03
6.969000000000000000e+03
3.261000000000000000e+03
2.869000000000000000e+03
8.426000000000000000e+03
2.203000000000000000e+03
2.901000000000000000e+03
5.193000000000000000e+03
7.656000000000000000e+03
4.093000000000000000e+03
1.094400000000000000e+04
7.554000000000000000e+03
5.479000000000000000e+03
6.198000000000000000e+03
9.633000000000000000e+03
5.880000000000000000e+03
4.422000000000000000e+03
1.518200000000000000e+04
8.420000000000000000e+02
7.610000000000000000e+02
6.700000000000000000e+03
9.082000000000000000e+03
1.199200000000000000e+04
1.168300000000000000e+04
2.630000000000000000e+03
8.249000000000000000e+03
3.956000000000000000e+03
9.844000000000000000e+03
2.981000000000000000e+03
9.555000000000000000e+03
1.298200000000000000e+04
1.272800000000000000e+04
3.594000000000000000e+03
6.518000000000000000e+03
3.953000000000000000e+03
7.486000000000000000e+03
8.870000000000000000e+03
8.218000000000000000e+03
4.091000000000000000e+03
1.027300000000000000e+04
1.678000000000000000e+03
1.221400000000000000e+04
5.828000000000000000e+03
1.169600000000000000e+04
7.812000000000000000e+03
2.655000000000000000e+03
5.732000000000000000e+03
2.880000000000000000e+02
1.212000000000000000e+04
1.387400000000000000e+04
1.574000000000000000e+03
1.022000000000000000e+04
4.831000000000000000e+03
1.009600000000000000e+04
1.050800000000000000e+04
6.300000000000000000e+01
1.140800000000000000e+04
4.636000000000000000e+03
1.471900000000000000e+04
4.286000000000000000e+03
1.032200000000000000e+04
1.241100000000000000e+04
9.253000000000000000e+03
8.875000000000000000e+03
1.179200000000000000e+04
1.511200000000000000e+04
8.425000000000000000e+03
1.750000000000000000e+03
5.068000000000000000e+03
9.733000000000000000e+03
1.475400000000000000e+04
1.267500000000000000e+04
1.216500000000000000e+04
9.659000000000000000e+03
1.336800000000000000e+04
1.410000000000000000e+03
4.181000000000000000e+03
2.001000000000000000e+03
1.584700000000000000e+04
4.676000000000000000e+03
1.172300000000000000e+04
1.438600000000000000e+04
2.527000000000000000e+03
1.055500000000000000e+04
1.319600000000000000e+04
9.830000000000000000e+03
1.651900000000000000e+04
9.137000000000000000e+03
1.126200000000000000e+04
2.971000000000000000e+03
1.100700000000000000e+04
1.035900000000000000e+04
7.237000000000000000e+03
9.321000000000000000e+03
1.007600000000000000e+04
4.274000000000000000e+03
3.707000000000000000e+03
1.618100000000000000e+04
5.000000000000000000e+03
6.166000000000000000e+03
1.453400000000000000e+04
1.427800000000000000e+04
1.247200000000000000e+04
1.131000000000000000e+03
6.515000000000000000e+03
8.166000000000000000e+03
2.550000000000000000e+02
1.568300000000000000e+04
9.652000000000000000e+03
3.170000000000000000e+02
1.364300000000000000e+04
3.910000000000000000e+03
1.044600000000000000e+04
1.470700000000000000e+04
4.510000000000000000e+02
9.970000000000000000e+03
1.341600000000000000e+04
9.810000000000000000e+02
1.064300000000000000e+04
1.834000000000000000e+03
9.584000000000000000e+03
1.192900000000000000e+04
1.549300000000000000e+04
8.780000000000000000e+03
1.679600000000000000e+04
1.236200000000000000e+04
9.894000000000000000e+03
1.378300000000000000e+04
1.458500000000000000e+04
1.547000000000000000e+03
4.169000000000000000e+03
6.337000000000000000e+03
1.670000000000000000e+04
1.473600000000000000e+04
1.646700000000000000e+04
1.274100000000000000e+04
1.192000000000000000e+03
8.669000000000000000e+03
3.079000000000000000e+03
5.411000000000000000e+03
1.140600000000000000e+04
8.964000000000000000e+03
1.636000000000000000e+03
1.951000000000000000e+03
4.338000000000000000e+03
1.140700000000000000e+04
1.372000000000000000e+03
1.088100000000000000e+04
1.300000000000000000e+02
1.379700000000000000e+04
9.000000000000000000e+01
1.451900000000000000e+04
1.271500000000000000e+04
1.627800000000000000e+04
6.532000000000000000e+03
1.595000000000000000e+04
1.401000000000000000e+04
7.596000000000000000e+03
1.894000000000000000e+03
3.746000000000000000e+03
4.900000000000000000e+03
1.579800000000000000e+04
1.328100000000000000e+04
1.250800000000000000e+04
1.225600000000000000e+04
1.337500000000000000e+04
7.955000000000000000e+03
1.131400000000000000e+04
1.235100000000000000e+04
3.031000000000000000e+03
8.659000000000000000e+03
1.286000000000000000e+03
1.545700000000000000e+04
1.501500000000000000e+04
2.661000000000000000e+03
3.524000000000000000e+03
1.462300000000000000e+04
5.297000000000000000e+03
7.873000000000000000e+03
1.250700000000000000e+04
1.692800000000000000e+04
6.805000000000000000e+03
5.480000000000000000e+03
4.555000000000000000e+03
2.300000000000000000e+03
1.081900000000000000e+04
6.790000000000000000e+02
1.568400000000000000e+04
6.070000000000000000e+03
3.752000000000000000e+03
1.498200000000000000e+04
5.557000000000000000e+03
3.961000000000000000e+03
1.626000000000000000e+04
3.210000000000000000e+02
1.267600000000000000e+04
8.353000000000000000e+03
9.605000000000000000e+03
1.800300000000000000e+04
1.579900000000000000e+04
5.153000000000000000e+03
2.179000000000000000e+03
2.184000000000000000e+03
2.539000000000000000e+03
1.299000000000000000e+04
1.042400000000000000e+04
9.929000000000000000e+03
3.627000000000000000e+03
2.777000000000000000e+03
1.127900000000000000e+04
1.369000000000000000e+04
1.735700000000000000e+04
3.698000000000000000e+03
4.213000000000000000e+03
4.391000000000000000e+03
7.563000000000000000e+03
1.337600000000000000e+04
1.350400000000000000e+04
1.378000000000000000e+03
1.308000000000000000e+03
1.664000000000000000e+03
3.540000000000000000e+02
1.046100000000000000e+04
1.457200000000000000e+04
6.050000000000000000e+03
2.214000000000000000e+03
1.247100000000000000e+04
2.419000000000000000e+03
9.971000000000000000e+03
9.096000000000000000e+03
1.168200000000000000e+04
1.267400000000000000e+04
1.233600000000000000e+04
5.230000000000000000e+02
1.154000000000000000e+04
6.084000000000000000e+03
3.960000000000000000e+02
3.071000000000000000e+03
1.432500000000000000e+04
1.537600000000000000e+04
1.322000000000000000e+04
1.658600000000000000e+04
4.787000000000000000e+03
1.549400000000000000e+04
2.166000000000000000e+03
5.440000000000000000e+03
1.715000000000000000e+03
6.029000000000000000e+03
1.701100000000000000e+04
1.816200000000000000e+04
1.697200000000000000e+04
1.200300000000000000e+04
5.957000000000000000e+03
1.528800000000000000e+04
1.733300000000000000e+04
8.764000000000000000e+03
1.733400000000000000e+04
1.132200000000000000e+04
8.035000000000000000e+03
6.644000000000000000e+03
5.986000000000000000e+03
1.678300000000000000e+04
3.988000000000000000e+03
1.777200000000000000e+04
3.730000000000000000e+02
1.397300000000000000e+04
7.143000000000000000e+03
1.233500000000000000e+04
1.190600000000000000e+04
6.079000000000000000e+03
9.788000000000000000e+03
1.271400000000000000e+04
6.419000000000000000e+03
1.475500000000000000e+04
5.923000000000000000e+03
5.731000000000000000e+03
6.130000000000000000e+02
1.623000000000000000e+04
1.328000000000000000e+04
1.055600000000000000e+04
8.061000000000000000e+03
1.083000000000000000e+03
1.284500000000000000e+04
1.829200000000000000e+04
1.069000000000000000e+03
6.083000000000000000e+03
1.025800000000000000e+04
1.632300000000000000e+04
7.243000000000000000e+03
1.337700000000000000e+04
1.434500000000000000e+04
7.493000000000000000e+03
1.477000000000000000e+03
1.574000000000000000e+04
1.748300000000000000e+04
2.843000000000000000e+03
1.752800000000000000e+04
1.496900000000000000e+04
1.310700000000000000e+04
5.760000000000000000e+03
8.507000000000000000e+03
1.713000000000000000e+04
1.641600000000000000e+04
2.318000000000000000e+03
4.577000000000000000e+03
1.064400000000000000e+04
1.578000000000000000e+03
4.688000000000000000e+03
9.762000000000000000e+03
1.413400000000000000e+04
4.540000000000000000e+02
7.936000000000000000e+03
4.219000000000000000e+03
5.668000000000000000e+03
4.387000000000000000e+03
1.726500000000000000e+04
1.413800000000000000e+04
5.551000000000000000e+03
8.045000000000000000e+03
8.735000000000000000e+03
1.264700000000000000e+04
1.209400000000000000e+04
1.128700000000000000e+04
7.277000000000000000e+03
3.200000000000000000e+01
1.303400000000000000e+04
1.525700000000000000e+04
8.424000000000000000e+03
1.711500000000000000e+04
4.544000000000000000e+03
1.434600000000000000e+04
7.271000000000000000e+03
7.597000000000000000e+03
1.177800000000000000e+04
1.273900000000000000e+04
1.020900000000000000e+04
1.392300000000000000e+04
9.560000000000000000e+03
1.405300000000000000e+04
1.630800000000000000e+04
1.585900000000000000e+04
1.310600000000000000e+04
1.542400000000000000e+04
1.437200000000000000e+04
3.149000000000000000e+03
1.303500000000000000e+04
1.149000000000000000e+03
