4.000000000000000000e+01
1.300000000000000000e+01
1.540000000000000000e+02
1.100000000000000000e+01
5.600000000000000000e+01
9.780000000000000000e+02
1.073000000000000000e+03
4.570000000000000000e+02
8.520000000000000000e+02
9.550000000000000000e+02
1.560000000000000000e+02
5.410000000000000000e+02
3.460000000000000000e+02
3.860000000000000000e+02
1.420000000000000000e+02
2.780000000000000000e+02
6.100000000000000000e+02
2.200000000000000000e+01
3.700000000000000000e+01
7.080000000000000000e+02
1.050000000000000000e+02
1.025000000000000000e+03
1.361000000000000000e+03
6.750000000000000000e+02
2.096000000000000000e+03
3.020000000000000000e+02
5.540000000000000000e+02
4.130000000000000000e+02
1.583000000000000000e+03
8.420000000000000000e+02
8.720000000000000000e+02
5.300000000000000000e+02
9.810000000000000000e+02
3.190000000000000000e+02
3.490000000000000000e+02
1.047000000000000000e+03
1.022000000000000000e+03
6.790000000000000000e+02
2.880000000000000000e+02
2.419000000000000000e+03
8.850000000000000000e+02
1.578000000000000000e+03
2.367000000000000000e+03
1.477000000000000000e+03
4.200000000000000000e+02
7.000000000000000000e+00
1.308000000000000000e+03
4.510000000000000000e+02
2.661000000000000000e+03
2.756000000000000000e+03
1.029000000000000000e+03
2.205000000000000000e+03
2.692000000000000000e+03
4.787000000000000000e+03
2.125000000000000000e+03
9.970000000000000000e+02
3.698000000000000000e+03
5.000000000000000000e+01
2.868000000000000000e+03
1.750000000000000000e+03
7.610000000000000000e+02
1.704000000000000000e+03
1.412000000000000000e+03
2.341000000000000000e+03
2.858000000000000000e+03
8.540000000000000000e+02
2.875000000000000000e+03
1.678000000000000000e+03
3.880000000000000000e+02
1.961000000000000000e+03
6.070000000000000000e+03
1.149000000000000000e+03
1.547000000000000000e+03
1.585000000000000000e+03
3.707000000000000000e+03
6.300000000000000000e+01
3.524000000000000000e+03
3.331000000000000000e+03
2.543000000000000000e+03
4.555000000000000000e+03
6.590000000000000000e+02
1.099000000000000000e+03
4.080000000000000000e+02
1.372000000000000000e+03
1.402000000000000000e+03
4.091000000000000000e+03
2.527000000000000000e+03
2.522000000000000000e+03
1.048000000000000000e+03
1.571000000000000000e+03
1.636000000000000000e+03
3.370000000000000000e+02
3.690000000000000000e+03
1.741000000000000000e+03
2.001000000000000000e+03
7.655000000000000000e+03
4.676000000000000000e+03
1.826000000000000000e+03
1.425000000000000000e+03
2.683000000000000000e+03
2.334000000000000000e+03
1.901000000000000000e+03
1.432000000000000000e+03
1.378000000000000000e+03
4.274000000000000000e+03
5.099000000000000000e+03
1.638000000000000000e+03
2.819000000000000000e+03
1.430000000000000000e+03
3.231000000000000000e+03
5.230000000000000000e+02
2.880000000000000000e+03
1.287000000000000000e+03
1.179000000000000000e+03
4.648000000000000000e+03
2.086000000000000000e+03
3.852000000000000000e+03
2.009000000000000000e+03
3.434000000000000000e+03
3.363000000000000000e+03
5.986000000000000000e+03
5.479000000000000000e+03
5.828000000000000000e+03
2.844000000000000000e+03
7.271000000000000000e+03
3.205000000000000000e+03
3.243000000000000000e+03
4.643000000000000000e+03
4.133000000000000000e+03
5.382000000000000000e+03
9.000000000000000000e+01
2.392000000000000000e+03
4.093000000000000000e+03
4.535000000000000000e+03
1.931000000000000000e+03
6.198000000000000000e+03
5.059000000000000000e+03
2.318000000000000000e+03
2.500000000000000000e+03
7.810000000000000000e+02
5.201000000000000000e+03
5.318000000000000000e+03
4.577000000000000000e+03
2.723000000000000000e+03
1.984000000000000000e+03
4.811000000000000000e+03
8.490000000000000000e+02
4.169000000000000000e+03
4.213000000000000000e+03
2.166000000000000000e+03
4.443000000000000000e+03
1.084000000000000000e+03
5.100000000000000000e+02
6.876000000000000000e+03
6.039000000000000000e+03
4.544000000000000000e+03
7.260000000000000000e+02
4.675000000000000000e+03
8.450000000000000000e+02
3.960000000000000000e+02
3.519000000000000000e+03
3.170000000000000000e+02
7.795000000000000000e+03
5.551000000000000000e+03
3.646000000000000000e+03
4.222000000000000000e+03
4.391000000000000000e+03
5.596000000000000000e+03
8.764000000000000000e+03
4.457000000000000000e+03
3.149000000000000000e+03
2.981000000000000000e+03
4.688000000000000000e+03
5.645000000000000000e+03
7.120000000000000000e+03
4.444000000000000000e+03
3.988000000000000000e+03
4.326000000000000000e+03
1.430000000000000000e+02
5.480000000000000000e+03
1.233400000000000000e+04
4.824000000000000000e+03
6.084000000000000000e+03
2.611000000000000000e+03
5.754000000000000000e+03
2.145000000000000000e+03
3.413000000000000000e+03
9.260000000000000000e+02
6.270000000000000000e+03
7.493000000000000000e+03
7.596000000000000000e+03
6.644000000000000000e+03
3.722000000000000000e+03
5.694000000000000000e+03
2.315000000000000000e+03
6.360000000000000000e+03
5.621000000000000000e+03
1.486000000000000000e+03
6.256000000000000000e+03
7.106000000000000000e+03
1.096100000000000000e+04
4.673000000000000000e+03
1.008600000000000000e+04
8.061000000000000000e+03
3.234000000000000000e+03
1.395000000000000000e+03
7.656000000000000000e+03
8.166000000000000000e+03
1.553000000000000000e+03
3.048000000000000000e+03
4.636000000000000000e+03
8.930000000000000000e+02
2.870000000000000000e+02
1.228000000000000000e+03
7.486000000000000000e+03
5.822000000000000000e+03
8.754000000000000000e+03
9.941000000000000000e+03
1.042400000000000000e+04
1.830000000000000000e+03
4.020000000000000000e+03
3.684000000000000000e+03
6.419000000000000000e+03
9.313000000000000000e+03
4.030000000000000000e+02
1.263000000000000000e+03
4.187000000000000000e+03
1.396000000000000000e+03
2.212000000000000000e+03
9.929000000000000000e+03
5.622000000000000000e+03
3.067000000000000000e+03
9.137000000000000000e+03
1.091100000000000000e+04
8.507000000000000000e+03
7.143000000000000000e+03
6.969000000000000000e+03
3.230000000000000000e+03
1.300000000000000000e+02
7.535000000000000000e+03
4.831000000000000000e+03
9.270000000000000000e+02
5.068000000000000000e+03
1.347000000000000000e+03
1.055600000000000000e+04
5.153000000000000000e+03
6.707000000000000000e+03
8.035000000000000000e+03
2.670000000000000000e+03
1.009600000000000000e+04
1.699000000000000000e+03
3.470000000000000000e+03
5.897000000000000000e+03
3.385000000000000000e+03
8.425000000000000000e+03
2.028000000000000000e+03
2.869000000000000000e+03
2.377000000000000000e+03
7.277000000000000000e+03
8.659000000000000000e+03
9.860000000000000000e+02
7.554000000000000000e+03
1.190600000000000000e+04
1.358200000000000000e+04
6.510000000000000000e+02
2.115000000000000000e+03
8.780000000000000000e+03
1.310000000000000000e+03
6.190000000000000000e+02
2.338000000000000000e+03
9.253000000000000000e+03
7.853000000000000000e+03
1.103600000000000000e+04
6.473000000000000000e+03
2.643000000000000000e+03
2.504000000000000000e+03
1.083000000000000000e+03
8.212000000000000000e+03
1.303500000000000000e+04
1.018100000000000000e+04
1.192000000000000000e+03
3.937000000000000000e+03
1.310700000000000000e+04
8.550000000000000000e+03
2.213000000000000000e+03
8.218000000000000000e+03
1.126200000000000000e+04
1.253600000000000000e+04
5.240000000000000000e+03
4.580000000000000000e+02
8.225000000000000000e+03
6.588000000000000000e+03
6.805000000000000000e+03
1.791000000000000000e+03
3.480000000000000000e+02
3.849000000000000000e+03
6.616000000000000000e+03
6.119000000000000000e+03
5.170000000000000000e+03
1.132200000000000000e+04
1.284500000000000000e+04
6.269000000000000000e+03
9.150000000000000000e+03
9.971000000000000000e+03
7.568000000000000000e+03
1.007600000000000000e+04
5.440000000000000000e+03
1.560700000000000000e+04
1.200300000000000000e+04
8.426000000000000000e+03
1.333000000000000000e+04
1.233600000000000000e+04
2.710000000000000000e+02
1.233500000000000000e+04
1.062100000000000000e+04
9.659000000000000000e+03
4.389000000000000000e+03
3.074000000000000000e+03
8.875000000000000000e+03
9.762000000000000000e+03
1.357200000000000000e+04
7.044000000000000000e+03
9.210000000000000000e+03
2.216000000000000000e+03
4.778000000000000000e+03
9.171000000000000000e+03
1.064400000000000000e+04
2.658000000000000000e+03
3.464000000000000000e+03
2.179000000000000000e+03
1.337800000000000000e+04
2.281000000000000000e+03
5.910000000000000000e+03
1.489000000000000000e+04
4.355000000000000000e+03
1.435600000000000000e+04
2.300000000000000000e+03
9.830000000000000000e+03
2.796000000000000000e+03
1.050800000000000000e+04
9.733000000000000000e+03
1.267600000000000000e+04
8.596000000000000000e+03
1.212000000000000000e+04
1.434600000000000000e+04
1.413800000000000000e+04
1.013400000000000000e+04
1.715000000000000000e+03
8.982000000000000000e+03
1.140700000000000000e+04
1.437200000000000000e+04
1.128700000000000000e+04
1.054300000000000000e+04
5.340000000000000000e+02
2.513000000000000000e+03
1.264700000000000000e+04
7.777000000000000000e+03
4.388000000000000000e+03
1.121600000000000000e+04
7.594000000000000000e+03
1.323000000000000000e+03
1.247100000000000000e+04
7.430000000000000000e+02
4.885000000000000000e+03
4.058000000000000000e+03
1.489100000000000000e+04
3.575000000000000000e+03
7.264000000000000000e+03
6.678000000000000000e+03
1.250800000000000000e+04
5.275000000000000000e+03
3.552000000000000000e+03
1.657000000000000000e+03
5.212000000000000000e+03
9.676000000000000000e+03
8.830000000000000000e+03
9.707000000000000000e+03
7.597000000000000000e+03
3.337000000000000000e+03
4.533000000000000000e+03
1.271600000000000000e+04
1.412100000000000000e+04
6.990000000000000000e+02
5.815000000000000000e+03
4.130000000000000000e+03
1.272800000000000000e+04
1.172300000000000000e+04
9.905000000000000000e+03
1.328100000000000000e+04
1.722200000000000000e+04
1.309800000000000000e+04
5.461000000000000000e+03
1.101000000000000000e+03
1.179200000000000000e+04
1.229900000000000000e+04
6.460000000000000000e+02
4.944000000000000000e+03
4.900000000000000000e+03
1.140800000000000000e+04
1.597000000000000000e+04
1.555200000000000000e+04
1.568500000000000000e+04
8.219000000000000000e+03
4.700000000000000000e+03
6.468000000000000000e+03
6.010000000000000000e+03
6.329000000000000000e+03
1.167000000000000000e+03
1.350400000000000000e+04
8.045000000000000000e+03
2.540000000000000000e+03
6.420000000000000000e+03
4.050000000000000000e+02
7.400000000000000000e+03
1.475500000000000000e+04
8.900000000000000000e+01
1.209400000000000000e+04
7.549000000000000000e+03
1.641600000000000000e+04
1.681600000000000000e+04
6.519000000000000000e+03
5.639000000000000000e+03
1.574000000000000000e+04
2.129000000000000000e+03
1.155800000000000000e+04
9.720000000000000000e+02
8.669000000000000000e+03
1.168900000000000000e+04
1.039900000000000000e+04
5.823000000000000000e+03
2.271000000000000000e+03
2.190000000000000000e+03
4.236000000000000000e+03
1.470700000000000000e+04
1.169600000000000000e+04
3.670000000000000000e+02
3.160000000000000000e+03
1.055500000000000000e+04
6.925000000000000000e+03
1.100700000000000000e+04
1.427900000000000000e+04
3.230000000000000000e+02
3.752000000000000000e+03
4.873000000000000000e+03
1.027200000000000000e+04
1.054200000000000000e+04
6.234000000000000000e+03
9.904000000000000000e+03
1.549400000000000000e+04
1.247200000000000000e+04
3.810000000000000000e+02
1.233000000000000000e+03
7.237000000000000000e+03
8.870000000000000000e+03
1.201400000000000000e+04
8.462000000000000000e+03
4.995000000000000000e+03
3.724000000000000000e+03
1.022800000000000000e+04
1.821400000000000000e+04
1.579800000000000000e+04
4.275000000000000000e+03
7.558000000000000000e+03
4.742000000000000000e+03
1.271700000000000000e+04
4.270000000000000000e+03
1.501500000000000000e+04
1.748300000000000000e+04
1.797100000000000000e+04
6.714000000000000000e+03
3.940000000000000000e+02
1.713000000000000000e+04
1.690700000000000000e+04
1.678300000000000000e+04
1.294400000000000000e+04
1.574000000000000000e+03
4.079000000000000000e+03
1.341600000000000000e+04
1.481700000000000000e+04
3.633000000000000000e+03
9.210000000000000000e+02
1.042500000000000000e+04
5.411000000000000000e+03
9.555000000000000000e+03
9.633000000000000000e+03
1.216500000000000000e+04
1.658600000000000000e+04
4.311000000000000000e+03
1.641700000000000000e+04
1.300200000000000000e+04
1.579900000000000000e+04
1.733400000000000000e+04
4.788000000000000000e+03
1.769400000000000000e+04
1.252500000000000000e+04
1.239300000000000000e+04
7.873000000000000000e+03
4.184000000000000000e+03
1.518300000000000000e+04
1.401000000000000000e+04
1.772500000000000000e+04
4.812000000000000000e+03
1.677000000000000000e+03
1.697200000000000000e+04
1.626000000000000000e+04
1.648400000000000000e+04
1.241100000000000000e+04
1.427800000000000000e+04
1.813700000000000000e+04
1.711600000000000000e+04
1.802000000000000000e+04
4.138000000000000000e+03
5.964000000000000000e+03
4.437000000000000000e+03
3.740000000000000000e+03
1.131000000000000000e+03
5.271000000000000000e+03
4.148000000000000000e+03
1.068200000000000000e+04
1.798200000000000000e+04
1.286800000000000000e+04
4.380000000000000000e+02
1.299000000000000000e+04
1.473600000000000000e+04
8.755000000000000000e+03
1.058800000000000000e+04
1.318000000000000000e+04
1.159000000000000000e+03
1.458500000000000000e+04
1.568400000000000000e+04
1.503200000000000000e+04
1.037900000000000000e+04
9.439000000000000000e+03
3.881000000000000000e+03
6.500000000000000000e+03
1.168300000000000000e+04
1.298000000000000000e+03
9.172000000000000000e+03
1.777200000000000000e+04
1.225600000000000000e+04
4.374000000000000000e+03
1.199200000000000000e+04
1.626100000000000000e+04
8.097000000000000000e+03
2.548000000000000000e+03
1.566700000000000000e+04
1.726600000000000000e+04
1.172000000000000000e+03
3.148000000000000000e+03
5.880000000000000000e+03
1.545700000000000000e+04
1.595000000000000000e+04
3.101000000000000000e+03
1.001100000000000000e+04
1.968000000000000000e+03
5.552000000000000000e+03
1.177900000000000000e+04
3.151000000000000000e+03
1.835000000000000000e+03
3.853000000000000000e+03
4.700000000000000000e+01
5.840000000000000000e+02
5.968000000000000000e+03
4.003000000000000000e+03
7.321000000000000000e+03
2.857000000000000000e+03
6.523000000000000000e+03
9.990000000000000000e+02
8.735000000000000000e+03
1.620300000000000000e+04
1.437300000000000000e+04
1.464000000000000000e+04
1.408800000000000000e+04
9.606000000000000000e+03
