4.000000000000000000e+01
1.420000000000000000e+02
1.300000000000000000e+01
6.790000000000000000e+02
1.300000000000000000e+02
3.190000000000000000e+02
2.880000000000000000e+02
1.025000000000000000e+03
1.677000000000000000e+03
6.300000000000000000e+01
4.510000000000000000e+02
9.810000000000000000e+02
3.700000000000000000e+01
9.270000000000000000e+02
1.192000000000000000e+03
5.230000000000000000e+02
1.540000000000000000e+02
1.287000000000000000e+03
3.680000000000000000e+02
4.030000000000000000e+02
4.570000000000000000e+02
8.420000000000000000e+02
7.430000000000000000e+02
1.395000000000000000e+03
6.190000000000000000e+02
1.167000000000000000e+03
3.490000000000000000e+02
1.396000000000000000e+03
2.001000000000000000e+03
5.540000000000000000e+02
2.543000000000000000e+03
7.610000000000000000e+02
1.372000000000000000e+03
1.578000000000000000e+03
3.464000000000000000e+03
2.205000000000000000e+03
1.826000000000000000e+03
1.308000000000000000e+03
9.210000000000000000e+02
6.100000000000000000e+02
7.080000000000000000e+02
1.678000000000000000e+03
1.149000000000000000e+03
1.636000000000000000e+03
4.130000000000000000e+02
1.477000000000000000e+03
6.750000000000000000e+02
8.540000000000000000e+02
3.940000000000000000e+02
8.450000000000000000e+02
1.583000000000000000e+03
1.050000000000000000e+02
2.179000000000000000e+03
4.885000000000000000e+03
1.402000000000000000e+03
3.724000000000000000e+03
1.378000000000000000e+03
3.630000000000000000e+02
2.723000000000000000e+03
6.510000000000000000e+02
8.900000000000000000e+01
5.600000000000000000e+01
7.260000000000000000e+02
1.791000000000000000e+03
1.585000000000000000e+03
1.361000000000000000e+03
5.440000000000000000e+03
2.147000000000000000e+03
1.310000000000000000e+03
2.419000000000000000e+03
9.970000000000000000e+02
9.550000000000000000e+02
6.419000000000000000e+03
2.115000000000000000e+03
2.844000000000000000e+03
1.984000000000000000e+03
8.520000000000000000e+02
3.048000000000000000e+03
2.216000000000000000e+03
2.661000000000000000e+03
2.643000000000000000e+03
2.500000000000000000e+03
3.860000000000000000e+02
3.633000000000000000e+03
3.149000000000000000e+03
1.699000000000000000e+03
9.000000000000000000e+01
4.812000000000000000e+03
7.657000000000000000e+03
9.690000000000000000e+02
5.100000000000000000e+02
1.715000000000000000e+03
2.166000000000000000e+03
1.029000000000000000e+03
2.880000000000000000e+03
1.750000000000000000e+03
3.101000000000000000e+03
3.020000000000000000e+02
2.318000000000000000e+03
3.853000000000000000e+03
4.914000000000000000e+03
1.048000000000000000e+03
6.588000000000000000e+03
4.944000000000000000e+03
3.988000000000000000e+03
4.577000000000000000e+03
2.611000000000000000e+03
2.981000000000000000e+03
2.200000000000000000e+01
2.392000000000000000e+03
4.311000000000000000e+03
4.222000000000000000e+03
5.461000000000000000e+03
3.460000000000000000e+02
1.547000000000000000e+03
4.544000000000000000e+03
4.444000000000000000e+03
4.457000000000000000e+03
1.200000000000000000e+01
2.527000000000000000e+03
4.220000000000000000e+02
4.742000000000000000e+03
4.688000000000000000e+03
1.901000000000000000e+03
3.480000000000000000e+02
6.590000000000000000e+02
4.673000000000000000e+03
1.073000000000000000e+03
5.997000000000000000e+03
5.318000000000000000e+03
3.402000000000000000e+03
6.961000000000000000e+03
9.780000000000000000e+02
5.694000000000000000e+03
2.658000000000000000e+03
7.400000000000000000e+03
3.524000000000000000e+03
2.780000000000000000e+02
6.707000000000000000e+03
9.676000000000000000e+03
6.460000000000000000e+02
1.099000000000000000e+03
5.897000000000000000e+03
1.560000000000000000e+02
4.535000000000000000e+03
3.470000000000000000e+03
5.851000000000000000e+03
2.271000000000000000e+03
6.714000000000000000e+03
6.084000000000000000e+03
1.961000000000000000e+03
2.815000000000000000e+03
4.831000000000000000e+03
3.552000000000000000e+03
4.169000000000000000e+03
4.213000000000000000e+03
5.100000000000000000e+03
5.823000000000000000e+03
4.200000000000000000e+02
1.047000000000000000e+03
5.000000000000000000e+01
3.230000000000000000e+03
1.500000000000000000e+03
1.968000000000000000e+03
4.274000000000000000e+03
2.522000000000000000e+03
4.355000000000000000e+03
2.858000000000000000e+03
2.213000000000000000e+03
1.657000000000000000e+03
3.160000000000000000e+03
6.329000000000000000e+03
3.960000000000000000e+02
3.170000000000000000e+02
4.091000000000000000e+03
5.059000000000000000e+03
5.596000000000000000e+03
8.212000000000000000e+03
4.093000000000000000e+03
3.018000000000000000e+03
3.698000000000000000e+03
2.377000000000000000e+03
2.710000000000000000e+02
2.548000000000000000e+03
6.190000000000000000e+03
9.707000000000000000e+03
1.038800000000000000e+04
1.001100000000000000e+04
1.255600000000000000e+04
4.080000000000000000e+02
2.683000000000000000e+03
1.166700000000000000e+04
4.391000000000000000e+03
2.882000000000000000e+03
5.551000000000000000e+03
7.810000000000000000e+02
6.644000000000000000e+03
4.788000000000000000e+03
4.636000000000000000e+03
8.219000000000000000e+03
8.720000000000000000e+02
7.597000000000000000e+03
8.982000000000000000e+03
4.700000000000000000e+01
8.850000000000000000e+02
2.868000000000000000e+03
1.432000000000000000e+03
5.153000000000000000e+03
1.058800000000000000e+04
2.540000000000000000e+03
1.271700000000000000e+04
1.412000000000000000e+03
4.555000000000000000e+03
2.096000000000000000e+03
8.490000000000000000e+02
1.084000000000000000e+03
1.083000000000000000e+03
3.941000000000000000e+03
5.483000000000000000e+03
7.277000000000000000e+03
5.275000000000000000e+03
4.676000000000000000e+03
8.462000000000000000e+03
4.824000000000000000e+03
3.205000000000000000e+03
1.095200000000000000e+04
4.162000000000000000e+03
7.568000000000000000e+03
1.835000000000000000e+03
2.165000000000000000e+03
1.037900000000000000e+04
1.042500000000000000e+04
4.770000000000000000e+03
1.201400000000000000e+04
6.876000000000000000e+03
3.740000000000000000e+03
2.869000000000000000e+03
4.133000000000000000e+03
7.493000000000000000e+03
5.480000000000000000e+03
1.155800000000000000e+04
8.097000000000000000e+03
1.044700000000000000e+04
7.000000000000000000e+00
7.044000000000000000e+03
1.100000000000000000e+01
9.720000000000000000e+02
3.151000000000000000e+03
5.986000000000000000e+03
1.173000000000000000e+03
3.684000000000000000e+03
3.670000000000000000e+02
3.707000000000000000e+03
9.822000000000000000e+03
4.995000000000000000e+03
1.300200000000000000e+04
1.054200000000000000e+04
4.800000000000000000e+02
3.265000000000000000e+03
6.420000000000000000e+03
1.347000000000000000e+03
4.811000000000000000e+03
7.795000000000000000e+03
1.018100000000000000e+04
9.172000000000000000e+03
1.464000000000000000e+04
9.313000000000000000e+03
3.881000000000000000e+03
3.722000000000000000e+03
1.039900000000000000e+04
1.029900000000000000e+04
9.606000000000000000e+03
2.491000000000000000e+03
1.304000000000000000e+03
1.318000000000000000e+04
8.035000000000000000e+03
1.090000000000000000e+02
5.410000000000000000e+02
1.021000000000000000e+04
7.564000000000000000e+03
1.425800000000000000e+04
2.288000000000000000e+03
8.550000000000000000e+03
5.639000000000000000e+03
5.552000000000000000e+03
9.905000000000000000e+03
1.298000000000000000e+03
7.601000000000000000e+03
1.013400000000000000e+04
3.810000000000000000e+02
1.019000000000000000e+04
9.998000000000000000e+03
1.145300000000000000e+04
7.930000000000000000e+03
8.045000000000000000e+03
1.326900000000000000e+04
3.380000000000000000e+02
9.439000000000000000e+03
1.294400000000000000e+04
7.143000000000000000e+03
2.158000000000000000e+03
9.762000000000000000e+03
3.231000000000000000e+03
5.958000000000000000e+03
9.537000000000000000e+03
1.209400000000000000e+04
1.229900000000000000e+04
6.805000000000000000e+03
1.121600000000000000e+04
1.302100000000000000e+04
2.315000000000000000e+03
1.405400000000000000e+04
9.971000000000000000e+03
1.408800000000000000e+04
6.483000000000000000e+03
2.504000000000000000e+03
1.559500000000000000e+04
1.067000000000000000e+03
1.271600000000000000e+04
1.159800000000000000e+04
1.372500000000000000e+04
2.934000000000000000e+03
1.177900000000000000e+04
7.446000000000000000e+03
1.252500000000000000e+04
1.239300000000000000e+04
8.669000000000000000e+03
1.260000000000000000e+02
8.659000000000000000e+03
2.870000000000000000e+02
1.178000000000000000e+04
2.334000000000000000e+03
5.479000000000000000e+03
8.754000000000000000e+03
7.382000000000000000e+03
3.849000000000000000e+03
8.780000000000000000e+03
1.571000000000000000e+03
1.022800000000000000e+04
1.931000000000000000e+03
6.070000000000000000e+03
1.196100000000000000e+04
1.229000000000000000e+03
2.688000000000000000e+03
3.880000000000000000e+02
1.309800000000000000e+04
2.075000000000000000e+03
8.507000000000000000e+03
7.596000000000000000e+03
1.300300000000000000e+04
6.182000000000000000e+03
2.125000000000000000e+03
2.692000000000000000e+03
1.169700000000000000e+04
1.200400000000000000e+04
3.852000000000000000e+03
2.756000000000000000e+03
1.458600000000000000e+04
1.128700000000000000e+04
3.097000000000000000e+03
5.754000000000000000e+03
4.880000000000000000e+02
3.632000000000000000e+03
6.269000000000000000e+03
8.061000000000000000e+03
1.462400000000000000e+04
2.052000000000000000e+03
6.085000000000000000e+03
6.520000000000000000e+02
1.054300000000000000e+04
1.302200000000000000e+04
1.196200000000000000e+04
5.201000000000000000e+03
1.481700000000000000e+04
1.224000000000000000e+03
1.659900000000000000e+04
1.286800000000000000e+04
6.625000000000000000e+03
8.958000000000000000e+03
1.251000000000000000e+03
8.218000000000000000e+03
5.382000000000000000e+03
2.875000000000000000e+03
6.970000000000000000e+03
7.270000000000000000e+02
4.787000000000000000e+03
3.646000000000000000e+03
1.132200000000000000e+04
5.576000000000000000e+03
1.523400000000000000e+04
1.822000000000000000e+03
3.289000000000000000e+03
2.140000000000000000e+03
1.103600000000000000e+04
9.659000000000000000e+03
4.326000000000000000e+03
4.236000000000000000e+03
1.503200000000000000e+04
1.264700000000000000e+04
1.524700000000000000e+04
7.355000000000000000e+03
1.737800000000000000e+04
1.505200000000000000e+04
2.367000000000000000e+03
1.600400000000000000e+04
1.261200000000000000e+04
1.439700000000000000e+04
4.058000000000000000e+03
1.064400000000000000e+04
1.337800000000000000e+04
1.427900000000000000e+04
1.620300000000000000e+04
1.140900000000000000e+04
1.006600000000000000e+04
7.991000000000000000e+03
7.655000000000000000e+03
5.621000000000000000e+03
9.941000000000000000e+03
5.099000000000000000e+03
1.144000000000000000e+04
1.719100000000000000e+04
5.101000000000000000e+03
4.973000000000000000e+03
1.030800000000000000e+04
6.361000000000000000e+03
5.828000000000000000e+03
3.331000000000000000e+03
1.626100000000000000e+04
1.983000000000000000e+03
1.478600000000000000e+04
1.207000000000000000e+04
3.260000000000000000e+03
1.262600000000000000e+04
1.096100000000000000e+04
1.512700000000000000e+04
7.219000000000000000e+03
1.741000000000000000e+03
3.243000000000000000e+03
8.764000000000000000e+03
4.643000000000000000e+03
8.875000000000000000e+03
4.288000000000000000e+03
1.566700000000000000e+04
6.198000000000000000e+03
4.392000000000000000e+03
9.733000000000000000e+03
1.789900000000000000e+04
1.556500000000000000e+04
1.556600000000000000e+04
1.077300000000000000e+04
9.357000000000000000e+03
9.680000000000000000e+02
1.350400000000000000e+04
1.437300000000000000e+04
8.756000000000000000e+03
1.486000000000000000e+03
1.704000000000000000e+03
1.412100000000000000e+04
8.426000000000000000e+03
1.684200000000000000e+04
8.213000000000000000e+03
2.009000000000000000e+03
1.233500000000000000e+04
1.284500000000000000e+04
1.019500000000000000e+04
1.169000000000000000e+04
4.339000000000000000e+03
5.219000000000000000e+03
2.656000000000000000e+03
1.594500000000000000e+04
1.008600000000000000e+04
1.475000000000000000e+03
9.985000000000000000e+03
1.327000000000000000e+03
1.735800000000000000e+04
1.200300000000000000e+04
8.425000000000000000e+03
1.533600000000000000e+04
1.575000000000000000e+04
8.483000000000000000e+03
8.508000000000000000e+03
3.434000000000000000e+03
6.133000000000000000e+03
7.772000000000000000e+03
1.253600000000000000e+04
1.641700000000000000e+04
1.435600000000000000e+04
1.475500000000000000e+04
1.714700000000000000e+04
1.652000000000000000e+04
5.120000000000000000e+03
3.363000000000000000e+03
8.735000000000000000e+03
1.062100000000000000e+04
1.690700000000000000e+04
7.271000000000000000e+03
4.675000000000000000e+03
6.969000000000000000e+03
1.711600000000000000e+04
1.432600000000000000e+04
4.317000000000000000e+03
7.700000000000000000e+01
7.120000000000000000e+03
1.533500000000000000e+04
1.805200000000000000e+04
9.013000000000000000e+03
1.341700000000000000e+04
1.499500000000000000e+04
9.228000000000000000e+03
1.088100000000000000e+04
5.170000000000000000e+03
1.434600000000000000e+04
1.489100000000000000e+04
4.994000000000000000e+03
3.681000000000000000e+03
4.401000000000000000e+03
1.108000000000000000e+04
4.270000000000000000e+02
1.703100000000000000e+04
4.580000000000000000e+02
4.648000000000000000e+03
9.929000000000000000e+03
1.726000000000000000e+03
1.796800000000000000e+04
1.425000000000000000e+03
5.645000000000000000e+03
1.091100000000000000e+04
1.772500000000000000e+04
1.649800000000000000e+04
5.816000000000000000e+03
1.176300000000000000e+04
1.339300000000000000e+04
1.430400000000000000e+04
7.486000000000000000e+03
1.648400000000000000e+04
1.799100000000000000e+04
1.607200000000000000e+04
1.776000000000000000e+03
2.338000000000000000e+03
1.678300000000000000e+04
1.645300000000000000e+04
1.679800000000000000e+04
4.134000000000000000e+03
9.734000000000000000e+03
1.179000000000000000e+03
6.678000000000000000e+03
1.574000000000000000e+04
1.798200000000000000e+04
1.283000000000000000e+04
1.574900000000000000e+04
1.386500000000000000e+04
7.594000000000000000e+03
1.328100000000000000e+04
6.039000000000000000e+03
1.769400000000000000e+04
1.330000000000000000e+03
1.295900000000000000e+04
9.314000000000000000e+03
3.640000000000000000e+02
1.490500000000000000e+04
1.824000000000000000e+04
1.592400000000000000e+04
1.593500000000000000e+04
1.261300000000000000e+04
1.148700000000000000e+04
5.570000000000000000e+02
1.841000000000000000e+04
3.519000000000000000e+03
1.437200000000000000e+04
1.250800000000000000e+04
8.166000000000000000e+03
1.568500000000000000e+04
1.845200000000000000e+04
1.503300000000000000e+04
1.330700000000000000e+04
1.675000000000000000e+04
1.828500000000000000e+04
9.555000000000000000e+03
4.020000000000000000e+03
1.169600000000000000e+04
1.817000000000000000e+04
1.690800000000000000e+04
5.441000000000000000e+03
8.788000000000000000e+03
1.546000000000000000e+03
1.010300000000000000e+04
1.553000000000000000e+03
3.413000000000000000e+03
1.358200000000000000e+04
1.813700000000000000e+04
1.357200000000000000e+04
1.303500000000000000e+04
3.234000000000000000e+03
3.440000000000000000e+03
5.356000000000000000e+03
1.656100000000000000e+04
1.110700000000000000e+04
5.405000000000000000e+03
1.313300000000000000e+04
1.325200000000000000e+04
6.454000000000000000e+03
2.600000000000000000e+03
2.028000000000000000e+03
5.411000000000000000e+03
5.300000000000000000e+02
7.777000000000000000e+03
4.533000000000000000e+03
1.323000000000000000e+03
7.106000000000000000e+03
9.210000000000000000e+03
1.042400000000000000e+04
1.681600000000000000e+04
1.516200000000000000e+04
