3.630000000000000000e+02
1.420000000000000000e+02
3.940000000000000000e+02
6.300000000000000000e+01
1.300000000000000000e+01
4.030000000000000000e+02
3.680000000000000000e+02
2.880000000000000000e+02
9.690000000000000000e+02
6.190000000000000000e+02
9.270000000000000000e+02
3.190000000000000000e+02
1.300000000000000000e+02
1.167000000000000000e+03
5.230000000000000000e+02
4.000000000000000000e+01
3.700000000000000000e+01
1.677000000000000000e+03
1.149000000000000000e+03
1.192000000000000000e+03
1.229000000000000000e+03
6.790000000000000000e+02
9.210000000000000000e+02
4.510000000000000000e+02
8.450000000000000000e+02
4.162000000000000000e+03
2.147000000000000000e+03
1.395000000000000000e+03
7.260000000000000000e+02
7.430000000000000000e+02
8.900000000000000000e+01
1.287000000000000000e+03
5.100000000000000000e+02
1.372000000000000000e+03
2.179000000000000000e+03
1.791000000000000000e+03
5.540000000000000000e+02
4.700000000000000000e+01
3.490000000000000000e+02
9.000000000000000000e+01
2.216000000000000000e+03
6.100000000000000000e+02
1.090000000000000000e+02
3.380000000000000000e+02
3.632000000000000000e+03
3.633000000000000000e+03
1.983000000000000000e+03
4.812000000000000000e+03
2.165000000000000000e+03
7.610000000000000000e+02
1.826000000000000000e+03
1.396000000000000000e+03
3.464000000000000000e+03
4.800000000000000000e+02
1.310000000000000000e+03
8.420000000000000000e+02
2.543000000000000000e+03
1.699000000000000000e+03
3.724000000000000000e+03
2.115000000000000000e+03
9.720000000000000000e+02
3.101000000000000000e+03
2.844000000000000000e+03
1.636000000000000000e+03
3.018000000000000000e+03
2.934000000000000000e+03
6.510000000000000000e+02
1.304000000000000000e+03
8.540000000000000000e+02
1.477000000000000000e+03
1.050000000000000000e+02
2.723000000000000000e+03
3.480000000000000000e+02
1.968000000000000000e+03
7.270000000000000000e+02
1.378000000000000000e+03
1.715000000000000000e+03
1.578000000000000000e+03
4.220000000000000000e+02
1.475000000000000000e+03
4.130000000000000000e+02
2.288000000000000000e+03
4.944000000000000000e+03
1.308000000000000000e+03
3.402000000000000000e+03
9.810000000000000000e+02
2.075000000000000000e+03
3.470000000000000000e+03
3.048000000000000000e+03
1.984000000000000000e+03
1.025000000000000000e+03
2.611000000000000000e+03
2.548000000000000000e+03
3.853000000000000000e+03
6.460000000000000000e+02
4.770000000000000000e+03
1.067000000000000000e+03
2.882000000000000000e+03
2.643000000000000000e+03
9.970000000000000000e+02
4.742000000000000000e+03
4.311000000000000000e+03
5.100000000000000000e+03
1.822000000000000000e+03
4.914000000000000000e+03
1.260000000000000000e+02
3.670000000000000000e+02
2.205000000000000000e+03
1.402000000000000000e+03
3.941000000000000000e+03
1.835000000000000000e+03
2.001000000000000000e+03
3.230000000000000000e+03
2.271000000000000000e+03
5.997000000000000000e+03
6.590000000000000000e+02
4.885000000000000000e+03
1.750000000000000000e+03
3.149000000000000000e+03
4.288000000000000000e+03
6.520000000000000000e+02
1.657000000000000000e+03
1.678000000000000000e+03
2.658000000000000000e+03
2.981000000000000000e+03
1.173000000000000000e+03
2.815000000000000000e+03
3.151000000000000000e+03
7.355000000000000000e+03
1.330000000000000000e+03
3.988000000000000000e+03
1.585000000000000000e+03
2.166000000000000000e+03
1.547000000000000000e+03
6.190000000000000000e+03
3.881000000000000000e+03
1.298000000000000000e+03
3.160000000000000000e+03
2.540000000000000000e+03
6.182000000000000000e+03
4.355000000000000000e+03
3.810000000000000000e+02
5.120000000000000000e+03
2.200000000000000000e+01
2.318000000000000000e+03
5.851000000000000000e+03
2.491000000000000000e+03
2.500000000000000000e+03
7.219000000000000000e+03
1.083000000000000000e+03
4.880000000000000000e+02
5.483000000000000000e+03
2.052000000000000000e+03
7.080000000000000000e+02
2.213000000000000000e+03
1.200000000000000000e+01
3.097000000000000000e+03
4.222000000000000000e+03
5.823000000000000000e+03
4.788000000000000000e+03
3.740000000000000000e+03
5.275000000000000000e+03
4.994000000000000000e+03
3.170000000000000000e+02
8.462000000000000000e+03
7.383000000000000000e+03
4.673000000000000000e+03
2.656000000000000000e+03
1.099000000000000000e+03
6.714000000000000000e+03
4.995000000000000000e+03
9.822000000000000000e+03
2.392000000000000000e+03
6.329000000000000000e+03
9.537000000000000000e+03
5.552000000000000000e+03
3.876000000000000000e+03
5.441000000000000000e+03
7.382000000000000000e+03
2.688000000000000000e+03
5.958000000000000000e+03
5.059000000000000000e+03
6.961000000000000000e+03
5.000000000000000000e+01
5.461000000000000000e+03
7.991000000000000000e+03
1.251000000000000000e+03
6.970000000000000000e+03
1.327000000000000000e+03
3.552000000000000000e+03
1.048000000000000000e+03
2.880000000000000000e+03
8.097000000000000000e+03
7.700000000000000000e+01
5.570000000000000000e+02
4.457000000000000000e+03
1.560000000000000000e+02
4.688000000000000000e+03
7.564000000000000000e+03
9.606000000000000000e+03
3.020000000000000000e+02
4.444000000000000000e+03
4.213000000000000000e+03
4.391000000000000000e+03
9.998000000000000000e+03
1.224000000000000000e+03
1.037900000000000000e+04
6.483000000000000000e+03
5.897000000000000000e+03
5.639000000000000000e+03
3.289000000000000000e+03
4.270000000000000000e+02
7.400000000000000000e+03
7.568000000000000000e+03
5.440000000000000000e+03
6.420000000000000000e+03
4.636000000000000000e+03
1.500000000000000000e+03
2.158000000000000000e+03
6.085000000000000000e+03
4.339000000000000000e+03
7.255000000000000000e+03
5.576000000000000000e+03
1.169000000000000000e+04
7.657000000000000000e+03
8.902000000000000000e+03
5.318000000000000000e+03
8.756000000000000000e+03
5.153000000000000000e+03
1.038800000000000000e+04
1.042500000000000000e+04
4.973000000000000000e+03
1.084000000000000000e+03
4.831000000000000000e+03
2.527000000000000000e+03
1.006600000000000000e+04
1.029900000000000000e+04
1.041900000000000000e+04
1.776000000000000000e+03
4.392000000000000000e+03
1.044700000000000000e+04
7.930000000000000000e+03
5.816000000000000000e+03
3.260000000000000000e+03
1.196200000000000000e+04
4.093000000000000000e+03
1.592400000000000000e+04
9.172000000000000000e+03
7.601000000000000000e+03
8.788000000000000000e+03
2.377000000000000000e+03
1.341700000000000000e+04
1.095200000000000000e+04
5.405000000000000000e+03
7.044000000000000000e+03
1.283000000000000000e+04
5.480000000000000000e+03
8.490000000000000000e+02
5.101000000000000000e+03
6.588000000000000000e+03
1.295900000000000000e+04
4.998000000000000000e+03
4.317000000000000000e+03
1.261200000000000000e+04
2.661000000000000000e+03
8.508000000000000000e+03
4.577000000000000000e+03
9.680000000000000000e+02
9.439000000000000000e+03
4.401000000000000000e+03
1.019500000000000000e+04
6.625000000000000000e+03
3.960000000000000000e+02
1.039900000000000000e+04
5.596000000000000000e+03
4.824000000000000000e+03
1.196100000000000000e+04
7.429000000000000000e+03
8.219000000000000000e+03
1.581000000000000000e+03
4.535000000000000000e+03
7.277000000000000000e+03
1.361000000000000000e+03
6.707000000000000000e+03
3.205000000000000000e+03
1.540000000000000000e+02
1.058800000000000000e+04
1.166700000000000000e+04
1.148700000000000000e+04
1.158700000000000000e+04
1.725000000000000000e+03
4.527000000000000000e+03
5.551000000000000000e+03
7.583000000000000000e+03
8.669000000000000000e+03
1.077300000000000000e+04
8.483000000000000000e+03
1.019000000000000000e+04
1.512700000000000000e+04
8.156000000000000000e+03
1.029000000000000000e+03
1.054200000000000000e+04
1.302100000000000000e+04
1.394500000000000000e+04
7.446000000000000000e+03
5.694000000000000000e+03
3.265000000000000000e+03
1.726000000000000000e+03
4.570000000000000000e+02
2.710000000000000000e+02
1.159800000000000000e+04
6.454000000000000000e+03
9.220000000000000000e+02
3.610000000000000000e+02
3.860000000000000000e+02
5.600000000000000000e+01
1.961000000000000000e+03
1.358300000000000000e+04
1.177900000000000000e+04
1.145300000000000000e+04
2.869000000000000000e+03
1.347000000000000000e+03
3.684000000000000000e+03
1.144000000000000000e+04
1.001100000000000000e+04
5.219000000000000000e+03
2.522000000000000000e+03
2.419000000000000000e+03
9.314000000000000000e+03
7.772000000000000000e+03
3.852000000000000000e+03
1.533600000000000000e+04
1.022800000000000000e+04
4.200000000000000000e+02
4.091000000000000000e+03
1.261300000000000000e+04
1.326900000000000000e+04
1.556500000000000000e+04
1.054300000000000000e+04
7.597000000000000000e+03
1.262600000000000000e+04
6.199000000000000000e+03
1.021000000000000000e+04
9.013000000000000000e+03
2.610000000000000000e+02
2.140000000000000000e+03
8.045000000000000000e+03
4.439000000000000000e+03
1.361600000000000000e+04
2.228000000000000000e+03
1.178000000000000000e+04
3.440000000000000000e+03
9.905000000000000000e+03
1.405400000000000000e+04
1.462400000000000000e+04
1.013400000000000000e+04
6.876000000000000000e+03
1.176300000000000000e+04
8.213000000000000000e+03
6.805000000000000000e+03
4.544000000000000000e+03
1.200400000000000000e+04
1.302200000000000000e+04
4.080000000000000000e+02
9.550000000000000000e+02
1.073000000000000000e+03
1.339300000000000000e+04
5.505000000000000000e+03
6.361000000000000000e+03
2.683000000000000000e+03
3.640000000000000000e+02
2.858000000000000000e+03
1.330700000000000000e+04
9.357000000000000000e+03
4.058000000000000000e+03
8.754000000000000000e+03
1.062100000000000000e+04
1.047000000000000000e+03
1.439700000000000000e+04
6.133000000000000000e+03
9.734000000000000000e+03
9.762000000000000000e+03
5.411000000000000000e+03
6.750000000000000000e+02
1.533500000000000000e+04
1.252500000000000000e+04
1.372500000000000000e+04
1.286800000000000000e+04
1.207000000000000000e+04
8.958000000000000000e+03
1.239300000000000000e+04
8.212000000000000000e+03
1.523400000000000000e+04
3.722000000000000000e+03
4.811000000000000000e+03
6.644000000000000000e+03
1.458600000000000000e+04
1.645300000000000000e+04
8.035000000000000000e+03
1.193000000000000000e+03
1.778000000000000000e+04
8.720000000000000000e+02
1.018100000000000000e+04
1.300300000000000000e+04
1.221500000000000000e+04
9.228000000000000000e+03
1.490500000000000000e+04
1.121600000000000000e+04
1.030800000000000000e+04
6.509000000000000000e+03
1.478600000000000000e+04
1.575000000000000000e+04
1.412000000000000000e+03
1.437300000000000000e+04
1.679700000000000000e+04
7.908000000000000000e+03
1.556600000000000000e+04
1.372600000000000000e+04
1.656100000000000000e+04
3.698000000000000000e+03
2.870000000000000000e+02
1.408800000000000000e+04
1.754500000000000000e+04
1.430400000000000000e+04
1.566700000000000000e+04
9.985000000000000000e+03
1.679800000000000000e+04
1.593500000000000000e+04
1.432600000000000000e+04
1.505200000000000000e+04
1.110700000000000000e+04
1.010000000000000000e+03
1.503300000000000000e+04
1.607200000000000000e+04
3.681000000000000000e+03
4.134000000000000000e+03
1.499500000000000000e+04
1.503200000000000000e+04
1.714700000000000000e+04
1.524700000000000000e+04
1.621200000000000000e+04
1.138700000000000000e+04
1.010300000000000000e+04
1.108000000000000000e+04
7.340000000000000000e+02
1.427900000000000000e+04
1.140900000000000000e+04
1.264700000000000000e+04
1.294400000000000000e+04
9.049000000000000000e+03
1.703100000000000000e+04
5.898000000000000000e+03
1.546000000000000000e+03
1.209400000000000000e+04
1.735800000000000000e+04
8.819000000000000000e+03
3.460000000000000000e+02
9.707000000000000000e+03
9.313000000000000000e+03
8.982000000000000000e+03
2.600000000000000000e+03
8.550000000000000000e+03
1.425800000000000000e+04
1.135600000000000000e+04
1.298300000000000000e+04
2.096000000000000000e+03
1.155800000000000000e+04
1.574900000000000000e+04
1.386500000000000000e+04
5.356000000000000000e+03
5.504000000000000000e+03
1.594500000000000000e+04
8.507000000000000000e+03
9.676000000000000000e+03
8.659000000000000000e+03
4.555000000000000000e+03
1.464000000000000000e+04
8.735000000000000000e+03
1.169700000000000000e+04
1.349700000000000000e+04
7.689000000000000000e+03
2.232000000000000000e+03
3.646000000000000000e+03
1.620300000000000000e+04
1.817000000000000000e+04
1.690800000000000000e+04
1.463000000000000000e+03
2.381000000000000000e+03
1.689400000000000000e+04
1.489200000000000000e+04
1.902000000000000000e+03
1.516200000000000000e+04
8.218000000000000000e+03
1.128700000000000000e+04
7.929000000000000000e+03
9.471000000000000000e+03
1.675000000000000000e+04
2.199000000000000000e+03
1.306900000000000000e+04
1.064400000000000000e+04
1.824000000000000000e+04
1.255600000000000000e+04
1.652000000000000000e+04
1.171700000000000000e+04
5.005000000000000000e+03
2.125000000000000000e+03
1.730200000000000000e+04
1.480200000000000000e+04
8.850000000000000000e+02
1.931000000000000000e+03
1.684200000000000000e+04
1.043600000000000000e+04
1.484300000000000000e+04
7.325000000000000000e+03
1.313300000000000000e+04
3.062000000000000000e+03
1.470000000000000000e+02
9.441000000000000000e+03
1.100000000000000000e+01
1.318000000000000000e+04
6.084000000000000000e+03
5.218000000000000000e+03
6.419000000000000000e+03
1.559500000000000000e+04
1.300200000000000000e+04
7.462000000000000000e+03
1.208200000000000000e+04
6.092000000000000000e+03
2.868000000000000000e+03
1.489100000000000000e+04
4.481000000000000000e+03
1.142500000000000000e+04
1.673200000000000000e+04
1.531900000000000000e+04
1.546700000000000000e+04
3.441000000000000000e+03
6.620000000000000000e+03
5.640000000000000000e+03
4.246000000000000000e+03
1.309000000000000000e+03
9.971000000000000000e+03
1.799100000000000000e+04
1.126300000000000000e+04
1.572000000000000000e+04
9.440000000000000000e+03
1.726600000000000000e+04
1.014000000000000000e+04
1.232500000000000000e+04
3.396000000000000000e+03
3.707000000000000000e+03
1.805200000000000000e+04
1.466900000000000000e+04
5.129000000000000000e+03
1.197600000000000000e+04
1.649900000000000000e+04
9.340000000000000000e+02
1.495300000000000000e+04
5.775000000000000000e+03
1.608900000000000000e+04
1.325200000000000000e+04
1.600000000000000000e+02
9.780000000000000000e+02
4.274000000000000000e+03
1.641700000000000000e+04
8.875000000000000000e+03
1.415000000000000000e+04
4.116000000000000000e+03
2.504000000000000000e+03
1.271600000000000000e+04
1.769400000000000000e+04
1.690700000000000000e+04
1.828500000000000000e+04
1.003600000000000000e+04
1.092200000000000000e+04
4.326000000000000000e+03
2.692000000000000000e+03
9.295000000000000000e+03
1.654000000000000000e+03
9.823000000000000000e+03
6.191000000000000000e+03
9.516000000000000000e+03
1.389500000000000000e+04
6.572000000000000000e+03
4.676000000000000000e+03
7.596000000000000000e+03
1.201400000000000000e+04
1.600400000000000000e+04
1.737800000000000000e+04
6.774000000000000000e+03
7.093000000000000000e+03
9.647000000000000000e+03
1.001200000000000000e+04
2.334000000000000000e+03
1.571000000000000000e+03
1.719100000000000000e+04
1.414000000000000000e+03
1.759000000000000000e+04
5.171000000000000000e+03
5.446000000000000000e+03
7.285000000000000000e+03
8.685000000000000000e+03
6.715000000000000000e+03
3.880000000000000000e+02
5.099000000000000000e+03
2.875000000000000000e+03
1.412100000000000000e+04
1.435600000000000000e+04
1.124800000000000000e+04
2.272000000000000000e+03
1.306800000000000000e+04
6.708000000000000000e+03
9.481000000000000000e+03
1.731800000000000000e+04
8.938000000000000000e+03
1.221600000000000000e+04
7.170000000000000000e+03
5.078000000000000000e+03
3.061000000000000000e+03
5.828000000000000000e+03
5.201000000000000000e+03
1.096100000000000000e+04
1.711600000000000000e+04
1.068300000000000000e+04
1.748400000000000000e+04
8.803000000000000000e+03
1.019600000000000000e+04
7.956000000000000000e+03
6.200000000000000000e+02
1.434700000000000000e+04
1.007400000000000000e+04
1.841000000000000000e+04
