3.940000000000000000e+02
6.300000000000000000e+01
3.630000000000000000e+02
9.000000000000000000e+01
6.520000000000000000e+02
3.610000000000000000e+02
9.690000000000000000e+02
1.090000000000000000e+02
6.190000000000000000e+02
1.229000000000000000e+03
4.030000000000000000e+02
1.260000000000000000e+02
7.270000000000000000e+02
3.700000000000000000e+01
4.700000000000000000e+01
7.700000000000000000e+01
3.680000000000000000e+02
4.220000000000000000e+02
9.210000000000000000e+02
9.720000000000000000e+02
1.968000000000000000e+03
3.380000000000000000e+02
1.067000000000000000e+03
7.340000000000000000e+02
7.430000000000000000e+02
4.800000000000000000e+02
1.300000000000000000e+02
1.298000000000000000e+03
1.327000000000000000e+03
1.420000000000000000e+02
1.715000000000000000e+03
1.776000000000000000e+03
1.167000000000000000e+03
3.810000000000000000e+02
8.900000000000000000e+01
9.340000000000000000e+02
5.230000000000000000e+02
1.983000000000000000e+03
5.570000000000000000e+02
4.317000000000000000e+03
1.304000000000000000e+03
9.270000000000000000e+02
1.300000000000000000e+01
2.147000000000000000e+03
2.880000000000000000e+02
3.190000000000000000e+02
7.260000000000000000e+02
1.330000000000000000e+03
3.480000000000000000e+02
1.822000000000000000e+03
3.490000000000000000e+02
4.270000000000000000e+02
5.100000000000000000e+02
2.610000000000000000e+02
1.475000000000000000e+03
1.699000000000000000e+03
1.310000000000000000e+03
2.199000000000000000e+03
3.146000000000000000e+03
4.510000000000000000e+02
3.151000000000000000e+03
1.835000000000000000e+03
2.540000000000000000e+03
6.460000000000000000e+02
2.288000000000000000e+03
3.170000000000000000e+02
4.994000000000000000e+03
6.510000000000000000e+02
2.882000000000000000e+03
3.670000000000000000e+02
2.165000000000000000e+03
1.224000000000000000e+03
2.075000000000000000e+03
3.632000000000000000e+03
4.134000000000000000e+03
1.173000000000000000e+03
4.998000000000000000e+03
2.052000000000000000e+03
1.378000000000000000e+03
8.450000000000000000e+02
3.097000000000000000e+03
1.657000000000000000e+03
1.501000000000000000e+03
4.401000000000000000e+03
4.880000000000000000e+02
5.441000000000000000e+03
2.216000000000000000e+03
3.018000000000000000e+03
2.934000000000000000e+03
4.973000000000000000e+03
6.590000000000000000e+02
6.708000000000000000e+03
1.791000000000000000e+03
3.081000000000000000e+03
5.816000000000000000e+03
1.050000000000000000e+02
1.726000000000000000e+03
2.491000000000000000e+03
1.083000000000000000e+03
4.392000000000000000e+03
2.688000000000000000e+03
6.199000000000000000e+03
7.429000000000000000e+03
7.908000000000000000e+03
1.251000000000000000e+03
2.115000000000000000e+03
1.200000000000000000e+01
1.396000000000000000e+03
4.770000000000000000e+03
9.220000000000000000e+02
3.941000000000000000e+03
3.876000000000000000e+03
5.898000000000000000e+03
6.200000000000000000e+02
5.120000000000000000e+03
3.101000000000000000e+03
4.288000000000000000e+03
3.402000000000000000e+03
2.643000000000000000e+03
1.470000000000000000e+02
3.260000000000000000e+03
7.219000000000000000e+03
3.881000000000000000e+03
4.000000000000000000e+01
7.610000000000000000e+02
1.192000000000000000e+03
6.191000000000000000e+03
1.725000000000000000e+03
2.271000000000000000e+03
5.005000000000000000e+03
1.677000000000000000e+03
5.275000000000000000e+03
2.213000000000000000e+03
3.740000000000000000e+03
6.970000000000000000e+03
4.162000000000000000e+03
3.552000000000000000e+03
1.581000000000000000e+03
6.182000000000000000e+03
4.995000000000000000e+03
4.527000000000000000e+03
6.509000000000000000e+03
9.680000000000000000e+02
5.405000000000000000e+03
2.272000000000000000e+03
1.193000000000000000e+03
5.483000000000000000e+03
2.656000000000000000e+03
3.853000000000000000e+03
5.640000000000000000e+03
4.230000000000000000e+02
8.540000000000000000e+02
4.355000000000000000e+03
1.010000000000000000e+03
5.219000000000000000e+03
3.396000000000000000e+03
3.681000000000000000e+03
9.471000000000000000e+03
3.062000000000000000e+03
1.560000000000000000e+02
7.355000000000000000e+03
6.420000000000000000e+03
2.228000000000000000e+03
8.819000000000000000e+03
1.287000000000000000e+03
4.788000000000000000e+03
7.462000000000000000e+03
5.958000000000000000e+03
5.552000000000000000e+03
2.166000000000000000e+03
1.019500000000000000e+04
7.383000000000000000e+03
3.289000000000000000e+03
7.255000000000000000e+03
5.576000000000000000e+03
9.049000000000000000e+03
3.440000000000000000e+03
1.902000000000000000e+03
5.349000000000000000e+03
4.246000000000000000e+03
1.395000000000000000e+03
1.984000000000000000e+03
6.085000000000000000e+03
8.483000000000000000e+03
3.230000000000000000e+03
5.129000000000000000e+03
3.470000000000000000e+03
7.601000000000000000e+03
4.339000000000000000e+03
2.381000000000000000e+03
8.213000000000000000e+03
4.742000000000000000e+03
3.633000000000000000e+03
2.179000000000000000e+03
6.454000000000000000e+03
7.772000000000000000e+03
5.505000000000000000e+03
7.382000000000000000e+03
7.991000000000000000e+03
8.902000000000000000e+03
8.958000000000000000e+03
2.815000000000000000e+03
5.997000000000000000e+03
7.325000000000000000e+03
5.100000000000000000e+03
2.746000000000000000e+03
2.318000000000000000e+03
1.463000000000000000e+03
6.625000000000000000e+03
5.540000000000000000e+02
8.508000000000000000e+03
1.547000000000000000e+03
2.232000000000000000e+03
5.000000000000000000e+01
2.065000000000000000e+03
1.149000000000000000e+03
3.160000000000000000e+03
5.218000000000000000e+03
2.880000000000000000e+03
5.823000000000000000e+03
3.441000000000000000e+03
8.756000000000000000e+03
7.564000000000000000e+03
9.440000000000000000e+03
1.001200000000000000e+04
5.446000000000000000e+03
3.105000000000000000e+03
9.589000000000000000e+03
6.483000000000000000e+03
6.190000000000000000e+03
5.851000000000000000e+03
7.930000000000000000e+03
1.019600000000000000e+04
9.970000000000000000e+02
2.548000000000000000e+03
8.788000000000000000e+03
1.124900000000000000e+04
1.148600000000000000e+04
1.309000000000000000e+03
5.639000000000000000e+03
2.158000000000000000e+03
7.929000000000000000e+03
7.473000000000000000e+03
3.640000000000000000e+02
1.546000000000000000e+03
9.013000000000000000e+03
1.041900000000000000e+04
4.914000000000000000e+03
1.372000000000000000e+03
8.156000000000000000e+03
9.516000000000000000e+03
5.775000000000000000e+03
3.149000000000000000e+03
4.481000000000000000e+03
1.142500000000000000e+04
7.283000000000000000e+03
6.774000000000000000e+03
5.504000000000000000e+03
7.446000000000000000e+03
9.734000000000000000e+03
2.600000000000000000e+03
6.321000000000000000e+03
4.824000000000000000e+03
1.135600000000000000e+04
3.724000000000000000e+03
4.311000000000000000e+03
1.750000000000000000e+03
1.006600000000000000e+04
1.514800000000000000e+04
1.138700000000000000e+04
9.357000000000000000e+03
6.284000000000000000e+03
7.689000000000000000e+03
5.934000000000000000e+03
9.637000000000000000e+03
6.790000000000000000e+02
3.048000000000000000e+03
6.361000000000000000e+03
1.306900000000000000e+04
5.411000000000000000e+03
1.402000000000000000e+03
1.477000000000000000e+03
7.044000000000000000e+03
5.090000000000000000e+03
1.110700000000000000e+04
1.826000000000000000e+03
6.620000000000000000e+03
1.412200000000000000e+04
1.600000000000000000e+02
6.805000000000000000e+03
5.981000000000000000e+03
6.322000000000000000e+03
7.583000000000000000e+03
1.261300000000000000e+04
1.043600000000000000e+04
1.654000000000000000e+03
1.124800000000000000e+04
1.176300000000000000e+04
1.243600000000000000e+04
9.481000000000000000e+03
1.272900000000000000e+04
2.658000000000000000e+03
1.349700000000000000e+04
9.823000000000000000e+03
4.116000000000000000e+03
9.985000000000000000e+03
1.158700000000000000e+04
1.308000000000000000e+03
1.108000000000000000e+04
1.148700000000000000e+04
5.153000000000000000e+03
6.961000000000000000e+03
1.361600000000000000e+04
6.329000000000000000e+03
1.077300000000000000e+04
1.014000000000000000e+04
7.285000000000000000e+03
3.205000000000000000e+03
1.484300000000000000e+04
8.045000000000000000e+03
1.415000000000000000e+04
9.314000000000000000e+03
4.680000000000000000e+03
1.221500000000000000e+04
8.736000000000000000e+03
8.735000000000000000e+03
5.101000000000000000e+03
1.506800000000000000e+04
8.097000000000000000e+03
6.133000000000000000e+03
1.372600000000000000e+04
1.171700000000000000e+04
6.751000000000000000e+03
9.439000000000000000e+03
8.908000000000000000e+03
1.432600000000000000e+04
1.144000000000000000e+04
1.636000000000000000e+03
1.500000000000000000e+03
1.022800000000000000e+04
9.172000000000000000e+03
7.289000000000000000e+03
1.221600000000000000e+04
1.010300000000000000e+04
6.572000000000000000e+03
1.298300000000000000e+04
1.018200000000000000e+04
1.021000000000000000e+04
1.330700000000000000e+04
1.003600000000000000e+04
4.351000000000000000e+03
1.140900000000000000e+04
1.262600000000000000e+04
1.430400000000000000e+04
1.232500000000000000e+04
8.490000000000000000e+02
9.810000000000000000e+02
5.356000000000000000e+03
1.972000000000000000e+03
1.591700000000000000e+04
4.695000000000000000e+03
1.208200000000000000e+04
1.480200000000000000e+04
7.170000000000000000e+03
6.738000000000000000e+03
1.546700000000000000e+04
1.126300000000000000e+04
1.414000000000000000e+03
2.377000000000000000e+03
1.068300000000000000e+04
1.339300000000000000e+04
1.464100000000000000e+04
9.538000000000000000e+03
9.083000000000000000e+03
1.084000000000000000e+03
1.025000000000000000e+03
1.516200000000000000e+04
8.803000000000000000e+03
9.228000000000000000e+03
2.200000000000000000e+01
1.019000000000000000e+04
4.439000000000000000e+03
1.092200000000000000e+04
1.181000000000000000e+03
5.078000000000000000e+03
1.100000000000000000e+01
2.392000000000000000e+03
3.646000000000000000e+03
4.188000000000000000e+03
9.235000000000000000e+03
5.716000000000000000e+03
9.441000000000000000e+03
2.527000000000000000e+03
6.714000000000000000e+03
4.688000000000000000e+03
1.466900000000000000e+04
1.197600000000000000e+04
1.432700000000000000e+04
1.352000000000000000e+04
1.169700000000000000e+04
6.100000000000000000e+02
1.207000000000000000e+04
1.178000000000000000e+04
1.499500000000000000e+04
1.438700000000000000e+04
1.490500000000000000e+04
3.595000000000000000e+03
1.572100000000000000e+04
6.214000000000000000e+03
1.495300000000000000e+04
8.808000000000000000e+03
5.461000000000000000e+03
1.200400000000000000e+04
1.030800000000000000e+04
1.177900000000000000e+04
2.723000000000000000e+03
3.186000000000000000e+03
9.998000000000000000e+03
1.731700000000000000e+04
1.654100000000000000e+04
9.831000000000000000e+03
2.140000000000000000e+03
1.582600000000000000e+04
1.503300000000000000e+04
9.138000000000000000e+03
7.080000000000000000e+02
1.531900000000000000e+04
1.306800000000000000e+04
8.938000000000000000e+03
2.716000000000000000e+03
9.300000000000000000e+02
1.189500000000000000e+04
4.222000000000000000e+03
4.812000000000000000e+03
1.358300000000000000e+04
2.999000000000000000e+03
1.489200000000000000e+04
1.585000000000000000e+03
1.673200000000000000e+04
3.313000000000000000e+03
9.050000000000000000e+03
3.852000000000000000e+03
1.608900000000000000e+04
6.013000000000000000e+03
4.944000000000000000e+03
1.313300000000000000e+04
9.462000000000000000e+03
1.196100000000000000e+04
1.386500000000000000e+04
1.389500000000000000e+04
1.437300000000000000e+04
8.219000000000000000e+03
1.572000000000000000e+04
1.161900000000000000e+04
1.649900000000000000e+04
1.595100000000000000e+04
5.551000000000000000e+03
1.689400000000000000e+04
1.196200000000000000e+04
4.356000000000000000e+03
1.242500000000000000e+04
1.250900000000000000e+04
3.584000000000000000e+03
1.159800000000000000e+04
3.464000000000000000e+03
1.574900000000000000e+04
1.478600000000000000e+04
1.771300000000000000e+04
6.583000000000000000e+03
6.092000000000000000e+03
4.296000000000000000e+03
6.715000000000000000e+03
1.752500000000000000e+04
1.261200000000000000e+04
1.286800000000000000e+04
1.759000000000000000e+04
1.670100000000000000e+04
3.685000000000000000e+03
8.226000000000000000e+03
2.981000000000000000e+03
1.621200000000000000e+04
1.095200000000000000e+04
1.048000000000000000e+03
1.690800000000000000e+04
1.607200000000000000e+04
1.054300000000000000e+04
1.295900000000000000e+04
5.596000000000000000e+03
1.044700000000000000e+04
2.721000000000000000e+03
1.731800000000000000e+04
7.284000000000000000e+03
1.325200000000000000e+04
1.024800000000000000e+04
4.391000000000000000e+03
9.537000000000000000e+03
1.803300000000000000e+04
7.031000000000000000e+03
1.370200000000000000e+04
7.790000000000000000e+03
6.481000000000000000e+03
9.606000000000000000e+03
9.295000000000000000e+03
1.439700000000000000e+04
1.145300000000000000e+04
1.818200000000000000e+04
1.584800000000000000e+04
1.748400000000000000e+04
1.678400000000000000e+04
1.671800000000000000e+04
7.956000000000000000e+03
7.630000000000000000e+02
1.434700000000000000e+04
2.869000000000000000e+03
1.593500000000000000e+04
1.679700000000000000e+04
1.675000000000000000e+04
1.184100000000000000e+04
1.620400000000000000e+04
4.300000000000000000e+03
2.419000000000000000e+03
1.623100000000000000e+04
7.850000000000000000e+02
3.886000000000000000e+03
3.020000000000000000e+02
1.678000000000000000e+03
5.897000000000000000e+03
1.578000000000000000e+03
1.730200000000000000e+04
2.842000000000000000e+03
8.931000000000000000e+03
4.444000000000000000e+03
1.029900000000000000e+04
1.652000000000000000e+04
4.271000000000000000e+03
1.099000000000000000e+03
7.657000000000000000e+03
3.265000000000000000e+03
1.818100000000000000e+04
1.726600000000000000e+04
1.302300000000000000e+04
9.188000000000000000e+03
4.340000000000000000e+03
2.920000000000000000e+02
8.550000000000000000e+03
7.568000000000000000e+03
1.283000000000000000e+04
1.505200000000000000e+04
1.540000000000000000e+03
1.533500000000000000e+04
1.169000000000000000e+04
1.341700000000000000e+04
3.988000000000000000e+03
1.656100000000000000e+04
8.496000000000000000e+03
1.302200000000000000e+04
5.171000000000000000e+03
2.141000000000000000e+03
2.844000000000000000e+03
5.480000000000000000e+03
1.001100000000000000e+04
1.300300000000000000e+04
1.679800000000000000e+04
1.644000000000000000e+03
4.750000000000000000e+02
2.001000000000000000e+03
1.901000000000000000e+03
6.721000000000000000e+03
6.977000000000000000e+03
5.264000000000000000e+03
1.527100000000000000e+04
5.677000000000000000e+03
1.594500000000000000e+04
1.689100000000000000e+04
4.080000000000000000e+02
5.694000000000000000e+03
1.309800000000000000e+04
9.822000000000000000e+03
6.484000000000000000e+03
9.905000000000000000e+03
5.318000000000000000e+03
7.039000000000000000e+03
1.076000000000000000e+03
6.346000000000000000e+03
2.471000000000000000e+03
2.710000000000000000e+02
4.636000000000000000e+03
8.669000000000000000e+03
1.575000000000000000e+04
1.087000000000000000e+04
4.740000000000000000e+02
4.200000000000000000e+02
1.703100000000000000e+04
7.093000000000000000e+03
1.602500000000000000e+04
1.689000000000000000e+03
1.444100000000000000e+04
4.213000000000000000e+03
1.062100000000000000e+04
1.828500000000000000e+04
1.506700000000000000e+04
5.045000000000000000e+03
1.740700000000000000e+04
6.510000000000000000e+03
4.410000000000000000e+03
9.780000000000000000e+02
1.961000000000000000e+03
5.059000000000000000e+03
4.673000000000000000e+03
2.870000000000000000e+02
1.239300000000000000e+04
1.703200000000000000e+04
1.245100000000000000e+04
1.511300000000000000e+04
1.733500000000000000e+04
8.420000000000000000e+02
1.523400000000000000e+04
1.645300000000000000e+04
1.556600000000000000e+04
2.260000000000000000e+02
1.743300000000000000e+04
8.685000000000000000e+03
6.447000000000000000e+03
4.058000000000000000e+03
2.500000000000000000e+03
1.394500000000000000e+04
1.524700000000000000e+04
8.944000000000000000e+03
6.603000000000000000e+03
7.880000000000000000e+02
9.647000000000000000e+03
2.801000000000000000e+03
1.005400000000000000e+04
5.036000000000000000e+03
7.010000000000000000e+02
3.722000000000000000e+03
3.684000000000000000e+03
1.029000000000000000e+03
8.720000000000000000e+02
4.577000000000000000e+03
1.039900000000000000e+04
4.885000000000000000e+03
6.876000000000000000e+03
1.505300000000000000e+04
6.174000000000000000e+03
1.148800000000000000e+04
1.028300000000000000e+04
7.326000000000000000e+03
9.942000000000000000e+03
7.342000000000000000e+03
8.437000000000000000e+03
9.930000000000000000e+03
