2.260000000000000000e+02
2.020000000000000000e+02
4.700000000000000000e+01
1.470000000000000000e+02
1.600000000000000000e+02
7.700000000000000000e+01
7.630000000000000000e+02
2.920000000000000000e+02
7.010000000000000000e+02
3.800000000000000000e+02
1.260000000000000000e+02
1.008000000000000000e+03
2.610000000000000000e+02
8.870000000000000000e+02
4.270000000000000000e+02
1.090000000000000000e+02
4.230000000000000000e+02
4.740000000000000000e+02
1.972000000000000000e+03
6.200000000000000000e+02
4.750000000000000000e+02
1.309000000000000000e+03
7.820000000000000000e+02
4.880000000000000000e+02
2.319000000000000000e+03
1.193000000000000000e+03
3.000000000000000000e+02
3.380000000000000000e+02
1.076000000000000000e+03
4.100000000000000000e+01
1.689000000000000000e+03
1.912000000000000000e+03
3.640000000000000000e+02
2.323000000000000000e+03
8.900000000000000000e+01
7.850000000000000000e+02
1.181000000000000000e+03
7.880000000000000000e+02
3.810000000000000000e+02
2.471000000000000000e+03
3.670000000000000000e+02
4.140000000000000000e+02
1.930000000000000000e+03
3.618000000000000000e+03
4.800000000000000000e+02
2.674000000000000000e+03
1.100000000000000000e+01
1.200000000000000000e+01
3.553000000000000000e+03
1.546000000000000000e+03
2.801000000000000000e+03
9.680000000000000000e+02
2.689000000000000000e+03
2.152000000000000000e+03
1.540000000000000000e+03
5.071000000000000000e+03
1.654000000000000000e+03
1.581000000000000000e+03
2.666000000000000000e+03
7.150000000000000000e+02
3.186000000000000000e+03
1.644000000000000000e+03
3.480000000000000000e+02
1.010000000000000000e+03
7.160000000000000000e+02
1.414000000000000000e+03
5.570000000000000000e+02
2.952000000000000000e+03
3.264000000000000000e+03
1.584000000000000000e+03
2.065000000000000000e+03
2.842000000000000000e+03
2.256000000000000000e+03
4.410000000000000000e+03
9.340000000000000000e+02
4.340000000000000000e+03
9.220000000000000000e+02
5.170000000000000000e+02
1.739000000000000000e+03
6.794000000000000000e+03
1.050000000000000000e+02
7.340000000000000000e+02
2.228000000000000000e+03
2.141000000000000000e+03
3.322000000000000000e+03
1.170000000000000000e+02
4.250000000000000000e+03
4.641000000000000000e+03
4.290000000000000000e+02
2.803000000000000000e+03
1.970000000000000000e+03
2.533000000000000000e+03
3.996000000000000000e+03
3.357000000000000000e+03
1.902000000000000000e+03
9.300000000000000000e+02
8.170000000000000000e+02
2.600000000000000000e+03
6.460000000000000000e+02
5.194000000000000000e+03
6.481000000000000000e+03
1.500000000000000000e+03
4.924000000000000000e+03
3.886000000000000000e+03
5.517000000000000000e+03
3.253000000000000000e+03
4.011000000000000000e+03
6.844000000000000000e+03
6.683000000000000000e+03
1.725000000000000000e+03
2.232000000000000000e+03
5.070000000000000000e+03
7.342000000000000000e+03
6.250000000000000000e+02
6.092000000000000000e+03
7.137000000000000000e+03
7.040000000000000000e+03
3.313000000000000000e+03
2.032000000000000000e+03
1.251000000000000000e+03
5.040000000000000000e+02
3.170000000000000000e+02
5.100000000000000000e+02
5.676000000000000000e+03
4.771000000000000000e+03
4.220000000000000000e+02
3.595000000000000000e+03
4.271000000000000000e+03
2.716000000000000000e+03
6.640000000000000000e+03
6.480000000000000000e+02
6.827000000000000000e+03
4.068000000000000000e+03
5.577000000000000000e+03
2.517000000000000000e+03
5.171000000000000000e+03
5.597000000000000000e+03
5.428000000000000000e+03
6.757000000000000000e+03
4.901000000000000000e+03
2.700000000000000000e+02
2.355000000000000000e+03
6.133000000000000000e+03
6.174000000000000000e+03
1.296000000000000000e+03
4.296000000000000000e+03
2.548000000000000000e+03
3.441000000000000000e+03
4.237000000000000000e+03
9.610000000000000000e+02
1.501000000000000000e+03
4.188000000000000000e+03
8.660000000000000000e+03
5.242000000000000000e+03
3.105000000000000000e+03
3.845000000000000000e+03
3.685000000000000000e+03
1.053000000000000000e+03
9.895000000000000000e+03
6.738000000000000000e+03
5.881000000000000000e+03
9.000000000000000000e+01
2.721000000000000000e+03
7.316000000000000000e+03
7.223000000000000000e+03
1.809000000000000000e+03
2.710000000000000000e+02
4.799000000000000000e+03
6.905000000000000000e+03
7.454000000000000000e+03
2.644000000000000000e+03
5.513000000000000000e+03
9.244000000000000000e+03
5.677000000000000000e+03
1.224000000000000000e+03
2.381000000000000000e+03
3.529000000000000000e+03
6.603000000000000000e+03
2.746000000000000000e+03
6.608000000000000000e+03
2.140000000000000000e+03
2.489000000000000000e+03
8.497000000000000000e+03
8.613000000000000000e+03
6.373000000000000000e+03
3.260000000000000000e+03
5.356000000000000000e+03
5.045000000000000000e+03
7.019000000000000000e+03
2.984000000000000000e+03
2.158000000000000000e+03
5.559000000000000000e+03
1.264800000000000000e+04
3.108000000000000000e+03
3.296000000000000000e+03
1.880000000000000000e+02
5.036000000000000000e+03
1.177000000000000000e+04
7.049000000000000000e+03
1.083000000000000000e+03
3.440000000000000000e+03
6.447000000000000000e+03
8.810000000000000000e+02
8.696000000000000000e+03
5.264000000000000000e+03
1.327000000000000000e+03
7.018000000000000000e+03
9.445000000000000000e+03
8.265000000000000000e+03
1.170000000000000000e+03
5.716000000000000000e+03
1.503000000000000000e+03
5.090000000000000000e+03
8.876000000000000000e+03
9.351000000000000000e+03
3.395000000000000000e+03
6.510000000000000000e+03
8.685000000000000000e+03
2.272000000000000000e+03
9.412000000000000000e+03
6.510000000000000000e+02
9.566000000000000000e+03
2.201000000000000000e+03
1.173600000000000000e+04
6.721000000000000000e+03
2.558000000000000000e+03
9.653000000000000000e+03
3.396000000000000000e+03
1.726000000000000000e+03
3.864000000000000000e+03
6.845000000000000000e+03
1.059400000000000000e+04
5.873000000000000000e+03
6.852000000000000000e+03
4.695000000000000000e+03
7.800000000000000000e+03
6.583000000000000000e+03
1.071800000000000000e+04
2.113000000000000000e+03
1.330000000000000000e+03
6.346000000000000000e+03
8.252000000000000000e+03
9.716000000000000000e+03
1.706000000000000000e+03
3.700000000000000000e+01
8.737000000000000000e+03
8.484000000000000000e+03
9.375000000000000000e+03
8.179000000000000000e+03
9.173000000000000000e+03
5.612000000000000000e+03
6.338000000000000000e+03
4.116000000000000000e+03
4.966000000000000000e+03
3.492000000000000000e+03
4.300000000000000000e+03
7.482000000000000000e+03
3.584000000000000000e+03
7.326000000000000000e+03
9.600000000000000000e+03
1.252600000000000000e+04
5.078000000000000000e+03
1.300000000000000000e+02
4.246000000000000000e+03
1.001800000000000000e+04
1.358400000000000000e+04
2.911000000000000000e+03
6.409000000000000000e+03
8.437000000000000000e+03
4.170000000000000000e+03
6.153000000000000000e+03
4.439000000000000000e+03
7.093000000000000000e+03
2.691000000000000000e+03
8.468000000000000000e+03
9.463000000000000000e+03
1.135700000000000000e+04
8.565000000000000000e+03
4.572000000000000000e+03
8.690000000000000000e+03
3.280000000000000000e+02
5.101000000000000000e+03
3.265000000000000000e+03
4.356000000000000000e+03
3.081000000000000000e+03
1.173700000000000000e+04
1.010400000000000000e+04
1.004200000000000000e+04
1.196300000000000000e+04
1.173000000000000000e+03
7.473000000000000000e+03
3.400000000000000000e+03
5.000000000000000000e+01
7.956000000000000000e+03
1.289100000000000000e+04
2.658000000000000000e+03
1.053400000000000000e+04
5.343000000000000000e+03
1.064500000000000000e+04
6.977000000000000000e+03
9.876000000000000000e+03
1.094500000000000000e+04
7.284000000000000000e+03
5.709000000000000000e+03
1.106800000000000000e+04
6.572000000000000000e+03
2.552000000000000000e+03
1.005400000000000000e+04
8.566000000000000000e+03
5.505000000000000000e+03
8.944000000000000000e+03
9.972000000000000000e+03
1.340800000000000000e+04
3.558000000000000000e+03
3.839000000000000000e+03
2.052000000000000000e+03
7.031000000000000000e+03
5.952000000000000000e+03
4.481000000000000000e+03
8.722000000000000000e+03
2.656000000000000000e+03
1.286900000000000000e+04
1.483000000000000000e+03
1.028400000000000000e+04
7.020000000000000000e+03
4.571000000000000000e+03
9.930000000000000000e+03
6.715000000000000000e+03
3.160000000000000000e+03
5.349000000000000000e+03
1.176900000000000000e+04
1.290600000000000000e+04
1.413000000000000000e+03
8.863000000000000000e+03
2.999000000000000000e+03
1.336000000000000000e+04
2.650000000000000000e+03
9.188000000000000000e+03
5.446000000000000000e+03
1.283100000000000000e+04
9.132000000000000000e+03
1.186500000000000000e+04
9.407000000000000000e+03
2.114000000000000000e+03
3.610000000000000000e+02
7.130000000000000000e+02
9.547000000000000000e+03
1.067000000000000000e+03
1.370300000000000000e+04
1.184200000000000000e+04
1.463000000000000000e+03
1.290500000000000000e+04
1.383000000000000000e+03
6.814000000000000000e+03
2.271000000000000000e+03
1.996000000000000000e+03
6.214000000000000000e+03
1.551900000000000000e+04
1.242600000000000000e+04
1.416300000000000000e+04
3.289000000000000000e+03
8.808000000000000000e+03
1.394600000000000000e+04
6.736000000000000000e+03
1.464300000000000000e+04
1.208300000000000000e+04
7.293000000000000000e+03
1.028300000000000000e+04
9.462000000000000000e+03
1.498300000000000000e+04
1.816000000000000000e+03
1.291700000000000000e+04
9.896000000000000000e+03
9.295000000000000000e+03
9.050000000000000000e+03
1.381000000000000000e+04
3.212000000000000000e+03
6.483000000000000000e+03
6.484000000000000000e+03
6.322000000000000000e+03
1.062000000000000000e+03
1.464500000000000000e+04
1.304000000000000000e+03
1.737900000000000000e+04
1.445800000000000000e+04
1.464400000000000000e+04
7.423000000000000000e+03
6.574000000000000000e+03
8.226000000000000000e+03
8.091000000000000000e+03
7.285000000000000000e+03
7.238000000000000000e+03
6.300000000000000000e+01
7.270000000000000000e+02
6.321000000000000000e+03
5.775000000000000000e+03
6.284000000000000000e+03
2.688000000000000000e+03
1.122700000000000000e+04
1.390700000000000000e+04
1.104900000000000000e+04
1.341800000000000000e+04
1.539300000000000000e+04
1.190700000000000000e+04
9.001000000000000000e+03
5.504000000000000000e+03
6.013000000000000000e+03
2.026000000000000000e+03
5.525000000000000000e+03
7.584000000000000000e+03
7.622000000000000000e+03
2.199000000000000000e+03
1.445700000000000000e+04
1.533700000000000000e+04
1.221700000000000000e+04
1.329300000000000000e+04
5.332000000000000000e+03
1.584900000000000000e+04
3.410000000000000000e+03
1.654200000000000000e+04
1.751400000000000000e+04
1.258600000000000000e+04
3.146000000000000000e+03
1.483100000000000000e+04
8.931000000000000000e+03
1.555300000000000000e+04
9.264000000000000000e+03
1.422100000000000000e+04
7.790000000000000000e+03
1.499600000000000000e+04
1.279500000000000000e+04
1.052600000000000000e+04
1.515800000000000000e+04
1.984000000000000000e+03
1.148800000000000000e+04
1.388600000000000000e+04
1.184100000000000000e+04
1.615000000000000000e+04
1.377300000000000000e+04
6.620000000000000000e+03
1.333800000000000000e+04
1.555400000000000000e+04
1.316400000000000000e+04
1.000000000000000000e+03
2.377000000000000000e+03
7.260000000000000000e+02
2.815000000000000000e+03
8.908000000000000000e+03
1.475000000000000000e+03
9.236000000000000000e+03
1.689500000000000000e+04
6.758000000000000000e+03
1.521800000000000000e+04
1.180300000000000000e+04
1.144100000000000000e+04
8.312000000000000000e+03
1.210600000000000000e+04
4.339000000000000000e+03
1.348800000000000000e+04
1.019700000000000000e+04
1.582000000000000000e+03
7.020000000000000000e+02
1.344500000000000000e+04
1.537800000000000000e+04
8.496000000000000000e+03
5.218000000000000000e+03
1.435700000000000000e+04
1.453500000000000000e+04
1.611900000000000000e+04
1.040000000000000000e+04
1.395000000000000000e+03
1.549500000000000000e+04
1.434700000000000000e+04
1.152700000000000000e+04
9.799000000000000000e+03
1.120300000000000000e+04
1.415100000000000000e+04
1.464200000000000000e+04
1.123900000000000000e+04
3.097000000000000000e+03
1.006700000000000000e+04
1.105000000000000000e+04
1.572200000000000000e+04
4.134000000000000000e+03
1.185200000000000000e+04
1.494000000000000000e+04
1.540500000000000000e+04
1.654300000000000000e+04
8.860000000000000000e+02
1.788000000000000000e+03
1.822000000000000000e+03
6.520000000000000000e+02
7.283000000000000000e+03
9.481000000000000000e+03
9.228000000000000000e+03
1.536200000000000000e+04
1.537700000000000000e+04
3.718000000000000000e+03
1.459000000000000000e+03
7.583000000000000000e+03
4.527000000000000000e+03
9.637000000000000000e+03
1.817100000000000000e+04
1.070300000000000000e+04
1.564800000000000000e+04
1.352100000000000000e+04
2.783000000000000000e+03
1.802100000000000000e+04
1.703300000000000000e+04
7.138000000000000000e+03
7.929000000000000000e+03
6.774000000000000000e+03
2.075000000000000000e+03
6.361000000000000000e+03
9.717000000000000000e+03
1.084100000000000000e+04
3.680000000000000000e+02
1.444100000000000000e+04
9.857000000000000000e+03
1.027400000000000000e+04
4.117000000000000000e+03
6.162000000000000000e+03
1.092300000000000000e+04
1.296000000000000000e+04
3.681000000000000000e+03
8.803000000000000000e+03
1.230000000000000000e+04
1.489300000000000000e+04
2.934000000000000000e+03
5.640000000000000000e+03
1.087000000000000000e+04
1.745000000000000000e+04
6.737000000000000000e+03
1.505300000000000000e+04
1.497000000000000000e+04
1.159900000000000000e+04
9.980000000000000000e+03
5.005000000000000000e+03
9.942000000000000000e+03
9.138000000000000000e+03
1.800400000000000000e+04
1.778100000000000000e+04
1.738000000000000000e+04
6.455000000000000000e+03
9.314000000000000000e+03
5.981000000000000000e+03
4.680000000000000000e+03
6.454000000000000000e+03
1.626200000000000000e+04
3.620000000000000000e+02
1.835000000000000000e+03
1.810200000000000000e+04
6.559000000000000000e+03
9.014000000000000000e+03
1.495500000000000000e+04
4.191000000000000000e+03
1.036000000000000000e+03
3.060000000000000000e+02
3.881000000000000000e+03
1.298000000000000000e+03
1.250900000000000000e+04
7.170000000000000000e+03
1.726700000000000000e+04
1.828000000000000000e+04
1.833500000000000000e+04
1.837300000000000000e+04
1.751300000000000000e+04
1.022100000000000000e+04
1.184300000000000000e+04
1.821700000000000000e+04
1.441000000000000000e+04
2.820000000000000000e+02
1.200100000000000000e+04
4.288000000000000000e+03
4.030000000000000000e+02
7.039000000000000000e+03
9.647000000000000000e+03
4.351000000000000000e+03
1.733600000000000000e+04
7.435000000000000000e+03
6.573000000000000000e+03
6.684000000000000000e+03
3.286000000000000000e+03
4.128000000000000000e+03
5.420000000000000000e+02
1.830200000000000000e+04
7.689000000000000000e+03
1.849200000000000000e+04
1.495400000000000000e+04
4.789000000000000000e+03
1.412300000000000000e+04
1.530200000000000000e+04
9.823000000000000000e+03
9.441000000000000000e+03
1.842500000000000000e+04
1.544200000000000000e+04
3.417000000000000000e+03
5.186000000000000000e+03
1.111700000000000000e+04
8.877000000000000000e+03
2.318000000000000000e+03
3.402000000000000000e+03
7.462000000000000000e+03
9.589000000000000000e+03
8.938000000000000000e+03
9.538000000000000000e+03
1.716500000000000000e+04
1.375700000000000000e+04
1.233700000000000000e+04
1.767400000000000000e+04
1.780100000000000000e+04
5.917000000000000000e+03
1.059000000000000000e+03
7.992000000000000000e+03
1.575200000000000000e+04
1.178100000000000000e+04
9.268000000000000000e+03
