2.300000000000000000e+01
1.950000000000000000e+02
4.000000000000000000e+00
1.280000000000000000e+02
1.050000000000000000e+03
1.350000000000000000e+02
2.670000000000000000e+02
1.070000000000000000e+02
4.840000000000000000e+02
6.700000000000000000e+01
3.130000000000000000e+02
3.520000000000000000e+02
4.200000000000000000e+01
4.000000000000000000e+02
3.710000000000000000e+02
1.155000000000000000e+03
1.325000000000000000e+03
1.345000000000000000e+03
8.700000000000000000e+01
1.108000000000000000e+03
3.180000000000000000e+02
3.947000000000000000e+03
1.690000000000000000e+02
7.132000000000000000e+03
1.218000000000000000e+03
1.223000000000000000e+03
2.640000000000000000e+03
2.246000000000000000e+03
3.840000000000000000e+02
7.650000000000000000e+02
4.070000000000000000e+02
1.213000000000000000e+03
4.063000000000000000e+03
1.326000000000000000e+03
1.590000000000000000e+02
1.427000000000000000e+03
1.916000000000000000e+03
3.659000000000000000e+03
8.040000000000000000e+02
1.850000000000000000e+03
1.663000000000000000e+03
9.160000000000000000e+02
1.832000000000000000e+03
1.079000000000000000e+03
7.200000000000000000e+02
9.360000000000000000e+02
5.310000000000000000e+02
3.420000000000000000e+02
2.708000000000000000e+03
2.055000000000000000e+03
6.420000000000000000e+02
1.038000000000000000e+03
1.866000000000000000e+03
2.975000000000000000e+03
3.000000000000000000e+03
9.620000000000000000e+02
1.911000000000000000e+03
5.340000000000000000e+03
9.000000000000000000e+02
5.260000000000000000e+03
2.826000000000000000e+03
1.110000000000000000e+02
1.698000000000000000e+03
1.819000000000000000e+03
1.391000000000000000e+03
1.883000000000000000e+03
1.812000000000000000e+03
6.255000000000000000e+03
1.549000000000000000e+03
2.959000000000000000e+03
5.147000000000000000e+03
2.121000000000000000e+03
1.697000000000000000e+03
4.347000000000000000e+03
5.490000000000000000e+03
2.138000000000000000e+03
4.110000000000000000e+02
4.550000000000000000e+02
9.520000000000000000e+03
3.786000000000000000e+03
4.210000000000000000e+02
2.629000000000000000e+03
5.111000000000000000e+03
3.874000000000000000e+03
2.715000000000000000e+03
2.542000000000000000e+03
2.357000000000000000e+03
6.150000000000000000e+03
4.756000000000000000e+03
5.910000000000000000e+02
2.681000000000000000e+03
2.512000000000000000e+03
6.367000000000000000e+03
5.700000000000000000e+03
3.899000000000000000e+03
1.820000000000000000e+03
4.929000000000000000e+03
6.062000000000000000e+03
6.811000000000000000e+03
1.494000000000000000e+03
2.031000000000000000e+03
4.867000000000000000e+03
4.210000000000000000e+03
4.714000000000000000e+03
1.400000000000000000e+02
4.078000000000000000e+03
6.862000000000000000e+03
8.202000000000000000e+03
4.407000000000000000e+03
7.390000000000000000e+02
4.598000000000000000e+03
2.027000000000000000e+03
5.026000000000000000e+03
2.467000000000000000e+03
2.122000000000000000e+03
4.840000000000000000e+03
1.807000000000000000e+03
4.353000000000000000e+03
4.245000000000000000e+03
1.707000000000000000e+03
7.125000000000000000e+03
9.710000000000000000e+02
7.054000000000000000e+03
4.372000000000000000e+03
3.346000000000000000e+03
5.792000000000000000e+03
2.156000000000000000e+03
1.775000000000000000e+03
3.309000000000000000e+03
3.055000000000000000e+03
5.154000000000000000e+03
3.807000000000000000e+03
2.787000000000000000e+03
8.109000000000000000e+03
4.740000000000000000e+03
8.892000000000000000e+03
6.880000000000000000e+03
3.193000000000000000e+03
5.954000000000000000e+03
1.958000000000000000e+03
6.140000000000000000e+03
4.851000000000000000e+03
5.530000000000000000e+02
4.809000000000000000e+03
6.602000000000000000e+03
4.309000000000000000e+03
6.631000000000000000e+03
5.705000000000000000e+03
5.662000000000000000e+03
2.414000000000000000e+03
7.300000000000000000e+03
2.536000000000000000e+03
3.813000000000000000e+03
6.310000000000000000e+02
7.009000000000000000e+03
6.653000000000000000e+03
5.994000000000000000e+03
1.702000000000000000e+03
7.943000000000000000e+03
2.486000000000000000e+03
1.346600000000000000e+04
2.103000000000000000e+03
3.802000000000000000e+03
4.328000000000000000e+03
2.885000000000000000e+03
8.330000000000000000e+02
2.384000000000000000e+03
6.056000000000000000e+03
6.045000000000000000e+03
3.570000000000000000e+02
2.430000000000000000e+03
6.328000000000000000e+03
1.162800000000000000e+04
5.598000000000000000e+03
6.920000000000000000e+02
9.772000000000000000e+03
7.162000000000000000e+03
4.470000000000000000e+02
1.233100000000000000e+04
3.600000000000000000e+03
4.168000000000000000e+03
4.268000000000000000e+03
5.120000000000000000e+02
6.702000000000000000e+03
1.095700000000000000e+04
1.085800000000000000e+04
6.243000000000000000e+03
1.214000000000000000e+03
5.740000000000000000e+02
6.165000000000000000e+03
1.176700000000000000e+04
8.421000000000000000e+03
1.662000000000000000e+03
3.171000000000000000e+03
9.356000000000000000e+03
1.151100000000000000e+04
4.266000000000000000e+03
6.535000000000000000e+03
8.479000000000000000e+03
9.240000000000000000e+03
8.083000000000000000e+03
1.330300000000000000e+04
9.365000000000000000e+03
1.079400000000000000e+04
1.019300000000000000e+04
6.826000000000000000e+03
6.986000000000000000e+03
9.713000000000000000e+03
5.631000000000000000e+03
1.408200000000000000e+04
9.078000000000000000e+03
6.003000000000000000e+03
5.710000000000000000e+02
6.211000000000000000e+03
2.408000000000000000e+03
6.557000000000000000e+03
3.248000000000000000e+03
3.880000000000000000e+03
1.051400000000000000e+04
7.935000000000000000e+03
5.306000000000000000e+03
1.063000000000000000e+04
4.366000000000000000e+03
2.559000000000000000e+03
4.640000000000000000e+02
7.892000000000000000e+03
4.425000000000000000e+03
1.211000000000000000e+03
7.479000000000000000e+03
9.425000000000000000e+03
1.198900000000000000e+04
1.120200000000000000e+04
6.267000000000000000e+03
1.438300000000000000e+04
4.841000000000000000e+03
5.435000000000000000e+03
7.883000000000000000e+03
3.721000000000000000e+03
1.600000000000000000e+03
2.313000000000000000e+03
1.024600000000000000e+04
1.490700000000000000e+04
6.843000000000000000e+03
1.708500000000000000e+04
8.548000000000000000e+03
6.701000000000000000e+03
8.293000000000000000e+03
1.121300000000000000e+04
3.010000000000000000e+02
4.154000000000000000e+03
3.233000000000000000e+03
1.095800000000000000e+04
9.373000000000000000e+03
1.614000000000000000e+03
1.044400000000000000e+04
1.556100000000000000e+04
7.036000000000000000e+03
1.070700000000000000e+04
7.290000000000000000e+03
6.362000000000000000e+03
7.882000000000000000e+03
4.400000000000000000e+01
6.002000000000000000e+03
6.719000000000000000e+03
6.172000000000000000e+03
8.110000000000000000e+02
9.079000000000000000e+03
1.002600000000000000e+04
1.165200000000000000e+04
2.448000000000000000e+03
1.333600000000000000e+04
1.331600000000000000e+04
9.196000000000000000e+03
1.164000000000000000e+04
7.927000000000000000e+03
9.619000000000000000e+03
4.018000000000000000e+03
4.596000000000000000e+03
1.160800000000000000e+04
6.049000000000000000e+03
2.465000000000000000e+03
5.127000000000000000e+03
1.090900000000000000e+04
7.450000000000000000e+02
4.263000000000000000e+03
1.011600000000000000e+04
6.025000000000000000e+03
6.366000000000000000e+03
5.480000000000000000e+02
1.158200000000000000e+04
1.221100000000000000e+04
1.447400000000000000e+04
3.182000000000000000e+03
3.064000000000000000e+03
1.179000000000000000e+04
8.503000000000000000e+03
1.392000000000000000e+03
1.163900000000000000e+04
1.076200000000000000e+04
1.246700000000000000e+04
1.217400000000000000e+04
7.263000000000000000e+03
1.423000000000000000e+03
2.903000000000000000e+03
1.417100000000000000e+04
1.161700000000000000e+04
7.035000000000000000e+03
1.391900000000000000e+04
9.901000000000000000e+03
5.436000000000000000e+03
5.042000000000000000e+03
8.311000000000000000e+03
3.383000000000000000e+03
7.395000000000000000e+03
7.953000000000000000e+03
1.420200000000000000e+04
3.687000000000000000e+03
6.129000000000000000e+03
1.106500000000000000e+04
4.839000000000000000e+03
1.381700000000000000e+04
1.521700000000000000e+04
7.337000000000000000e+03
2.413000000000000000e+03
7.195000000000000000e+03
5.531000000000000000e+03
7.858000000000000000e+03
8.248000000000000000e+03
7.543000000000000000e+03
1.551000000000000000e+03
7.500000000000000000e+02
5.330000000000000000e+02
2.650000000000000000e+02
1.339100000000000000e+04
1.123600000000000000e+04
1.065400000000000000e+04
1.150000000000000000e+02
4.882000000000000000e+03
1.317400000000000000e+04
1.268000000000000000e+03
1.510900000000000000e+04
3.467000000000000000e+03
1.089900000000000000e+04
9.135000000000000000e+03
1.038400000000000000e+04
9.587000000000000000e+03
1.484000000000000000e+04
1.250000000000000000e+02
1.220100000000000000e+04
2.185000000000000000e+03
4.569000000000000000e+03
5.537000000000000000e+03
1.495000000000000000e+04
1.692400000000000000e+04
9.696000000000000000e+03
4.618000000000000000e+03
3.452000000000000000e+03
1.537200000000000000e+04
1.400000000000000000e+03
4.721000000000000000e+03
1.265800000000000000e+04
1.614400000000000000e+04
1.690400000000000000e+04
1.281700000000000000e+04
1.560200000000000000e+04
2.950000000000000000e+03
9.336000000000000000e+03
1.108500000000000000e+04
9.855000000000000000e+03
8.279000000000000000e+03
1.002500000000000000e+04
4.935000000000000000e+03
5.214000000000000000e+03
6.307000000000000000e+03
1.651600000000000000e+04
1.663600000000000000e+04
1.395600000000000000e+04
1.307800000000000000e+04
8.494000000000000000e+03
3.161000000000000000e+03
1.434200000000000000e+04
1.636500000000000000e+04
1.196900000000000000e+04
7.319000000000000000e+03
5.472000000000000000e+03
2.350000000000000000e+02
6.619000000000000000e+03
1.593200000000000000e+04
9.504000000000000000e+03
4.949000000000000000e+03
1.553200000000000000e+04
1.517000000000000000e+04
1.512300000000000000e+04
1.286600000000000000e+04
1.563100000000000000e+04
1.142200000000000000e+04
9.786000000000000000e+03
1.285600000000000000e+04
5.966000000000000000e+03
4.564000000000000000e+03
7.008000000000000000e+03
1.282800000000000000e+04
1.375300000000000000e+04
5.404000000000000000e+03
7.970000000000000000e+03
1.405100000000000000e+04
5.290000000000000000e+02
1.136000000000000000e+03
1.765400000000000000e+04
1.450000000000000000e+04
1.616100000000000000e+04
1.319000000000000000e+04
8.585000000000000000e+03
3.283000000000000000e+03
1.306500000000000000e+04
1.548900000000000000e+04
2.238000000000000000e+03
7.951000000000000000e+03
1.152400000000000000e+04
1.190400000000000000e+04
8.461000000000000000e+03
1.551500000000000000e+04
1.356900000000000000e+04
8.552000000000000000e+03
2.477000000000000000e+03
3.651000000000000000e+03
5.324000000000000000e+03
1.294100000000000000e+04
6.601000000000000000e+03
1.318000000000000000e+03
1.735000000000000000e+03
1.069000000000000000e+04
1.782400000000000000e+04
1.480000000000000000e+04
1.744700000000000000e+04
1.598100000000000000e+04
1.540300000000000000e+04
8.980000000000000000e+03
4.861000000000000000e+03
1.037000000000000000e+03
2.406000000000000000e+03
9.077000000000000000e+03
4.715000000000000000e+03
1.166500000000000000e+04
1.935000000000000000e+03
1.468200000000000000e+04
1.764000000000000000e+03
1.648200000000000000e+04
2.648000000000000000e+03
1.706500000000000000e+04
6.407000000000000000e+03
6.187000000000000000e+03
1.423400000000000000e+04
1.535700000000000000e+04
1.772300000000000000e+04
1.792500000000000000e+04
2.296000000000000000e+03
4.617000000000000000e+03
5.116000000000000000e+03
1.209200000000000000e+04
1.580700000000000000e+04
1.254000000000000000e+03
1.770000000000000000e+02
1.633600000000000000e+04
5.348000000000000000e+03
4.900000000000000000e+01
5.915000000000000000e+03
1.364000000000000000e+04
1.521000000000000000e+04
1.820400000000000000e+04
5.568000000000000000e+03
1.801600000000000000e+04
1.746900000000000000e+04
3.761000000000000000e+03
6.320000000000000000e+03
6.222000000000000000e+03
1.379500000000000000e+04
1.321800000000000000e+04
8.675000000000000000e+03
1.138100000000000000e+04
1.696800000000000000e+04
1.005200000000000000e+04
5.611000000000000000e+03
1.036400000000000000e+04
1.700900000000000000e+04
1.630500000000000000e+04
1.576200000000000000e+04
8.703000000000000000e+03
1.809900000000000000e+04
7.200000000000000000e+03
1.346700000000000000e+04
1.780000000000000000e+03
3.272000000000000000e+03
1.351800000000000000e+04
8.586000000000000000e+03
1.306000000000000000e+03
2.217000000000000000e+03
1.299600000000000000e+04
1.418300000000000000e+04
2.927000000000000000e+03
2.458000000000000000e+03
1.434000000000000000e+04
1.243000000000000000e+03
3.318000000000000000e+03
1.626000000000000000e+03
7.776000000000000000e+03
1.114200000000000000e+04
8.972000000000000000e+03
8.690000000000000000e+02
1.160600000000000000e+04
5.706000000000000000e+03
1.702700000000000000e+04
1.324400000000000000e+04
1.999000000000000000e+03
8.120000000000000000e+03
4.606000000000000000e+03
1.013000000000000000e+04
7.350000000000000000e+02
2.037000000000000000e+03
1.167100000000000000e+04
1.621000000000000000e+04
4.899000000000000000e+03
8.940000000000000000e+02
1.372300000000000000e+04
1.020400000000000000e+04
1.306600000000000000e+04
1.405000000000000000e+03
1.658200000000000000e+04
1.327800000000000000e+04
5.700000000000000000e+01
3.100000000000000000e+01
3.902000000000000000e+03
2.604000000000000000e+03
7.066000000000000000e+03
9.925000000000000000e+03
6.747000000000000000e+03
5.930000000000000000e+03
1.660700000000000000e+04
1.323100000000000000e+04
1.027000000000000000e+04
1.672900000000000000e+04
8.568000000000000000e+03
7.710000000000000000e+03
1.110500000000000000e+04
2.910000000000000000e+02
6.444000000000000000e+03
8.683000000000000000e+03
6.920000000000000000e+03
1.668100000000000000e+04
1.226000000000000000e+03
1.487500000000000000e+04
6.861000000000000000e+03
7.831000000000000000e+03
7.048000000000000000e+03
1.694900000000000000e+04
4.112000000000000000e+03
1.619800000000000000e+04
8.043000000000000000e+03
1.641000000000000000e+03
1.607100000000000000e+04
