1.470000000000000000e+02
3.800000000000000000e+02
1.600000000000000000e+02
2.020000000000000000e+02
5.040000000000000000e+02
2.920000000000000000e+02
4.700000000000000000e+01
7.630000000000000000e+02
4.100000000000000000e+01
4.140000000000000000e+02
7.150000000000000000e+02
4.740000000000000000e+02
6.480000000000000000e+02
8.870000000000000000e+02
1.584000000000000000e+03
2.260000000000000000e+02
1.010000000000000000e+03
1.008000000000000000e+03
8.170000000000000000e+02
2.700000000000000000e+02
1.200000000000000000e+01
1.181000000000000000e+03
3.000000000000000000e+02
2.032000000000000000e+03
2.650000000000000000e+03
2.644000000000000000e+03
1.930000000000000000e+03
2.710000000000000000e+02
7.700000000000000000e+01
7.010000000000000000e+02
7.160000000000000000e+02
4.750000000000000000e+02
2.152000000000000000e+03
1.739000000000000000e+03
8.810000000000000000e+02
8.860000000000000000e+02
4.880000000000000000e+02
4.250000000000000000e+03
2.319000000000000000e+03
7.820000000000000000e+02
1.689000000000000000e+03
4.290000000000000000e+02
4.170000000000000000e+03
2.113000000000000000e+03
2.930000000000000000e+02
2.517000000000000000e+03
9.610000000000000000e+02
3.640000000000000000e+02
3.670000000000000000e+02
1.500000000000000000e+03
8.900000000000000000e+01
4.230000000000000000e+02
7.850000000000000000e+02
3.296000000000000000e+03
2.533000000000000000e+03
5.194000000000000000e+03
1.170000000000000000e+02
1.413000000000000000e+03
1.996000000000000000e+03
5.873000000000000000e+03
1.809000000000000000e+03
1.053000000000000000e+03
2.489000000000000000e+03
2.610000000000000000e+02
2.201000000000000000e+03
1.090000000000000000e+02
3.280000000000000000e+02
1.503000000000000000e+03
2.256000000000000000e+03
2.689000000000000000e+03
1.970000000000000000e+03
3.253000000000000000e+03
1.383000000000000000e+03
7.079000000000000000e+03
4.771000000000000000e+03
1.912000000000000000e+03
3.839000000000000000e+03
2.952000000000000000e+03
4.924000000000000000e+03
3.108000000000000000e+03
2.666000000000000000e+03
4.068000000000000000e+03
2.355000000000000000e+03
5.242000000000000000e+03
7.018000000000000000e+03
9.680000000000000000e+02
3.845000000000000000e+03
7.880000000000000000e+02
7.020000000000000000e+03
6.125000000000000000e+03
3.618000000000000000e+03
3.400000000000000000e+03
2.783000000000000000e+03
3.529000000000000000e+03
5.952000000000000000e+03
1.059000000000000000e+03
6.814000000000000000e+03
1.880000000000000000e+02
2.820000000000000000e+02
2.691000000000000000e+03
4.237000000000000000e+03
3.810000000000000000e+02
3.480000000000000000e+02
2.911000000000000000e+03
1.483000000000000000e+03
1.414000000000000000e+03
2.558000000000000000e+03
6.845000000000000000e+03
2.026000000000000000e+03
2.323000000000000000e+03
1.076000000000000000e+03
5.170000000000000000e+02
1.296000000000000000e+03
4.641000000000000000e+03
1.706000000000000000e+03
1.540000000000000000e+03
3.553000000000000000e+03
1.788000000000000000e+03
7.744000000000000000e+03
1.309000000000000000e+03
3.000000000000000000e+01
5.796000000000000000e+03
6.670000000000000000e+02
1.260000000000000000e+02
6.338000000000000000e+03
6.559000000000000000e+03
2.674000000000000000e+03
3.492000000000000000e+03
1.644000000000000000e+03
4.701000000000000000e+03
5.070000000000000000e+03
1.062000000000000000e+03
6.153000000000000000e+03
2.721000000000000000e+03
2.140000000000000000e+03
5.597000000000000000e+03
7.223000000000000000e+03
2.114000000000000000e+03
3.886000000000000000e+03
9.173000000000000000e+03
2.272000000000000000e+03
6.250000000000000000e+02
7.019000000000000000e+03
5.332000000000000000e+03
4.966000000000000000e+03
6.200000000000000000e+02
6.757000000000000000e+03
6.758000000000000000e+03
3.690000000000000000e+02
1.654000000000000000e+03
3.864000000000000000e+03
5.343000000000000000e+03
7.020000000000000000e+02
5.559000000000000000e+03
7.584000000000000000e+03
1.149800000000000000e+04
1.036000000000000000e+03
1.816000000000000000e+03
6.794000000000000000e+03
8.863000000000000000e+03
5.917000000000000000e+03
3.558000000000000000e+03
1.070300000000000000e+04
2.801000000000000000e+03
5.428000000000000000e+03
4.901000000000000000e+03
4.510000000000000000e+03
3.395000000000000000e+03
4.117000000000000000e+03
2.381000000000000000e+03
3.313000000000000000e+03
7.326000000000000000e+03
1.233700000000000000e+04
1.251000000000000000e+04
7.622000000000000000e+03
5.036000000000000000e+03
8.179000000000000000e+03
6.737000000000000000e+03
3.620000000000000000e+02
5.517000000000000000e+03
1.027400000000000000e+04
6.905000000000000000e+03
5.612000000000000000e+03
5.186000000000000000e+03
5.577000000000000000e+03
3.718000000000000000e+03
7.238000000000000000e+03
9.300000000000000000e+02
7.423000000000000000e+03
7.824000000000000000e+03
2.065000000000000000e+03
7.435000000000000000e+03
1.052600000000000000e+04
6.574000000000000000e+03
4.356000000000000000e+03
7.690000000000000000e+03
1.170000000000000000e+03
1.546000000000000000e+03
9.351000000000000000e+03
9.340000000000000000e+02
4.011000000000000000e+03
3.264000000000000000e+03
7.049000000000000000e+03
8.565000000000000000e+03
8.484000000000000000e+03
2.377000000000000000e+03
5.709000000000000000e+03
9.547000000000000000e+03
4.650000000000000000e+02
5.291000000000000000e+03
3.380000000000000000e+02
5.570000000000000000e+02
5.881000000000000000e+03
6.162000000000000000e+03
4.270000000000000000e+02
1.251000000000000000e+03
3.060000000000000000e+02
6.603000000000000000e+03
1.004200000000000000e+04
1.459000000000000000e+03
8.696000000000000000e+03
5.420000000000000000e+02
4.439000000000000000e+03
2.999000000000000000e+03
4.789000000000000000e+03
8.566000000000000000e+03
1.279500000000000000e+04
9.014000000000000000e+03
7.293000000000000000e+03
6.684000000000000000e+03
5.513000000000000000e+03
8.876000000000000000e+03
9.730000000000000000e+02
1.100000000000000000e+01
7.454000000000000000e+03
1.184300000000000000e+04
3.056000000000000000e+03
5.525000000000000000e+03
3.410000000000000000e+03
5.171000000000000000e+03
5.560000000000000000e+02
7.992000000000000000e+03
4.572000000000000000e+03
5.090000000000000000e+03
6.346000000000000000e+03
9.600000000000000000e+03
2.471000000000000000e+03
5.000000000000000000e+01
9.244000000000000000e+03
9.653000000000000000e+03
1.144100000000000000e+04
1.352100000000000000e+04
4.571000000000000000e+03
2.552000000000000000e+03
4.800000000000000000e+02
3.996000000000000000e+03
1.105000000000000000e+04
4.220000000000000000e+02
7.800000000000000000e+03
9.375000000000000000e+03
6.455000000000000000e+03
4.707000000000000000e+03
1.084000000000000000e+04
1.159900000000000000e+04
1.582000000000000000e+03
5.676000000000000000e+03
1.019700000000000000e+04
3.341000000000000000e+03
6.447000000000000000e+03
7.130000000000000000e+02
6.373000000000000000e+03
4.776000000000000000e+03
7.138000000000000000e+03
6.460000000000000000e+02
8.265000000000000000e+03
9.980000000000000000e+03
1.200100000000000000e+04
1.006700000000000000e+04
9.799000000000000000e+03
4.191000000000000000e+03
5.716000000000000000e+03
6.827000000000000000e+03
1.083000000000000000e+03
2.232000000000000000e+03
1.193000000000000000e+03
6.683000000000000000e+03
6.844000000000000000e+03
6.736000000000000000e+03
1.053400000000000000e+04
9.930000000000000000e+03
6.640000000000000000e+03
3.417000000000000000e+03
2.158000000000000000e+03
4.799000000000000000e+03
9.857000000000000000e+03
1.180300000000000000e+04
8.468000000000000000e+03
1.010400000000000000e+04
1.105100000000000000e+04
7.729000000000000000e+03
1.184200000000000000e+04
1.377300000000000000e+04
3.357000000000000000e+03
7.040000000000000000e+03
1.902000000000000000e+03
8.252000000000000000e+03
9.463000000000000000e+03
2.600000000000000000e+01
9.219000000000000000e+03
1.000000000000000000e+03
9.601000000000000000e+03
4.300000000000000000e+03
1.453500000000000000e+04
4.773000000000000000e+03
9.896000000000000000e+03
1.178100000000000000e+04
3.322000000000000000e+03
1.001800000000000000e+04
1.084100000000000000e+04
2.984000000000000000e+03
1.221700000000000000e+04
1.190700000000000000e+04
5.071000000000000000e+03
1.395800000000000000e+04
6.715000000000000000e+03
1.028300000000000000e+04
8.437000000000000000e+03
9.132000000000000000e+03
9.237000000000000000e+03
7.482000000000000000e+03
1.106800000000000000e+04
1.466000000000000000e+04
1.294500000000000000e+04
3.967000000000000000e+03
1.530200000000000000e+04
5.264000000000000000e+03
3.212000000000000000e+03
1.371000000000000000e+04
9.717000000000000000e+03
1.258600000000000000e+04
8.537000000000000000e+03
6.481000000000000000e+03
2.548000000000000000e+03
1.564800000000000000e+04
1.422100000000000000e+04
1.408900000000000000e+04
1.412300000000000000e+04
6.370000000000000000e+02
4.481000000000000000e+03
1.445700000000000000e+04
8.685000000000000000e+03
5.045000000000000000e+03
1.071900000000000000e+04
1.040000000000000000e+04
2.842000000000000000e+03
9.876000000000000000e+03
1.341800000000000000e+04
1.152700000000000000e+04
6.738000000000000000e+03
1.092300000000000000e+04
1.120300000000000000e+04
6.608000000000000000e+03
1.208300000000000000e+04
1.463000000000000000e+03
1.495400000000000000e+04
1.022100000000000000e+04
2.240000000000000000e+02
1.725000000000000000e+03
1.340800000000000000e+04
1.242600000000000000e+04
4.128000000000000000e+03
1.545800000000000000e+04
9.566000000000000000e+03
5.078000000000000000e+03
4.340000000000000000e+03
1.196300000000000000e+04
6.573000000000000000e+03
1.291700000000000000e+04
1.544200000000000000e+04
3.019000000000000000e+03
2.100000000000000000e+03
1.046000000000000000e+03
1.679000000000000000e+03
2.716000000000000000e+03
1.329300000000000000e+04
1.441000000000000000e+04
3.546000000000000000e+03
9.412000000000000000e+03
6.510000000000000000e+02
4.695000000000000000e+03
2.141000000000000000e+03
1.615000000000000000e+04
2.600000000000000000e+03
1.123900000000000000e+04
1.224000000000000000e+03
2.228000000000000000e+03
6.386000000000000000e+03
1.111700000000000000e+04
6.721000000000000000e+03
1.289100000000000000e+04
1.495500000000000000e+04
2.553000000000000000e+03
4.306000000000000000e+03
1.445800000000000000e+04
6.510000000000000000e+03
1.626200000000000000e+04
1.537800000000000000e+04
1.539400000000000000e+04
4.380000000000000000e+03
8.944000000000000000e+03
1.179300000000000000e+04
3.260000000000000000e+03
3.286000000000000000e+03
9.931000000000000000e+03
7.093000000000000000e+03
8.312000000000000000e+03
1.555300000000000000e+04
1.489300000000000000e+04
1.773000000000000000e+03
8.637000000000000000e+03
3.700000000000000000e+01
3.441000000000000000e+03
9.972000000000000000e+03
1.572200000000000000e+04
1.464500000000000000e+04
9.482000000000000000e+03
1.290700000000000000e+04
7.114000000000000000e+03
4.299000000000000000e+03
6.013000000000000000e+03
1.064500000000000000e+04
1.287000000000000000e+04
1.550300000000000000e+04
4.981000000000000000e+03
1.184100000000000000e+04
1.611900000000000000e+04
1.498400000000000000e+04
1.088000000000000000e+03
6.998000000000000000e+03
5.202000000000000000e+03
2.815000000000000000e+03
4.116000000000000000e+03
2.803000000000000000e+03
1.826100000000000000e+04
5.101000000000000000e+03
6.092000000000000000e+03
7.316000000000000000e+03
9.895000000000000000e+03
1.464400000000000000e+04
1.654300000000000000e+04
2.922000000000000000e+03
3.418000000000000000e+03
1.283100000000000000e+04
1.252600000000000000e+04
8.715000000000000000e+03
1.296000000000000000e+04
1.457300000000000000e+04
4.930000000000000000e+02
2.658000000000000000e+03
2.052000000000000000e+03
6.583000000000000000e+03
1.173700000000000000e+04
1.767400000000000000e+04
1.819500000000000000e+04
1.695300000000000000e+04
1.344600000000000000e+04
9.548000000000000000e+03
1.575200000000000000e+04
1.638400000000000000e+04
3.415000000000000000e+03
1.390700000000000000e+04
1.370300000000000000e+04
1.135700000000000000e+04
1.738000000000000000e+04
1.723300000000000000e+04
8.543000000000000000e+03
9.268000000000000000e+03
4.945000000000000000e+03
9.519000000000000000e+03
7.340000000000000000e+02
1.381000000000000000e+04
1.059400000000000000e+04
1.079900000000000000e+04
1.049100000000000000e+04
1.442900000000000000e+04
1.028400000000000000e+04
6.409000000000000000e+03
1.549500000000000000e+04
1.210600000000000000e+04
1.416300000000000000e+04
5.046000000000000000e+03
7.137000000000000000e+03
1.553700000000000000e+04
4.246000000000000000e+03
1.186500000000000000e+04
3.396000000000000000e+03
1.094500000000000000e+04
1.972000000000000000e+03
5.677000000000000000e+03
1.781400000000000000e+04
1.703300000000000000e+04
6.626000000000000000e+03
1.731900000000000000e+04
4.131000000000000000e+03
3.569000000000000000e+03
3.170000000000000000e+02
4.271000000000000000e+03
1.791300000000000000e+04
1.784000000000000000e+03
3.213000000000000000e+03
9.368000000000000000e+03
5.726000000000000000e+03
3.177000000000000000e+03
6.133000000000000000e+03
5.356000000000000000e+03
8.690000000000000000e+03
1.290600000000000000e+04
1.575100000000000000e+04
6.745000000000000000e+03
1.059500000000000000e+04
1.395000000000000000e+03
1.593600000000000000e+04
1.336000000000000000e+04
1.104900000000000000e+04
1.584900000000000000e+04
1.751300000000000000e+04
1.339400000000000000e+04
1.498300000000000000e+04
1.780100000000000000e+04
1.007700000000000000e+04
1.771400000000000000e+04
5.057000000000000000e+03
2.628000000000000000e+03
5.086000000000000000e+03
8.877000000000000000e+03
7.791000000000000000e+03
1.540500000000000000e+04
1.539300000000000000e+04
1.564900000000000000e+04
7.967000000000000000e+03
1.666100000000000000e+04
4.134000000000000000e+03
9.589000000000000000e+03
7.956000000000000000e+03
1.494000000000000000e+04
8.131000000000000000e+03
3.661000000000000000e+03
5.784000000000000000e+03
1.329400000000000000e+04
1.375800000000000000e+04
6.483000000000000000e+03
4.339000000000000000e+03
5.775000000000000000e+03
1.333800000000000000e+04
9.220000000000000000e+02
1.821700000000000000e+04
1.716600000000000000e+04
2.368000000000000000e+03
2.225000000000000000e+03
1.505300000000000000e+04
5.505000000000000000e+03
6.484000000000000000e+03
2.746000000000000000e+03
9.716000000000000000e+03
7.285000000000000000e+03
4.538000000000000000e+03
9.790000000000000000e+02
1.415000000000000000e+03
1.120500000000000000e+04
9.188000000000000000e+03
1.176900000000000000e+04
1.358400000000000000e+04
1.071800000000000000e+04
4.296000000000000000e+03
1.848000000000000000e+04
8.286000000000000000e+03
8.081000000000000000e+03
1.023200000000000000e+04
7.473000000000000000e+03
3.681000000000000000e+03
3.595000000000000000e+03
5.504000000000000000e+03
1.122700000000000000e+04
9.637000000000000000e+03
2.075000000000000000e+03
1.005400000000000000e+04
1.837300000000000000e+04
1.842500000000000000e+04
1.015000000000000000e+04
1.331900000000000000e+04
1.514000000000000000e+03
1.515800000000000000e+04
1.230000000000000000e+04
8.497000000000000000e+03
1.286900000000000000e+04
1.551900000000000000e+04
2.292000000000000000e+03
1.404200000000000000e+04
4.737000000000000000e+03
2.076000000000000000e+03
9.105000000000000000e+03
1.601800000000000000e+04
1.581000000000000000e+03
1.726000000000000000e+03
3.584000000000000000e+03
1.148800000000000000e+04
1.555400000000000000e+04
3.121000000000000000e+03
7.265000000000000000e+03
1.812200000000000000e+04
3.304000000000000000e+03
4.331000000000000000e+03
1.437400000000000000e+04
2.622000000000000000e+03
2.045000000000000000e+03
7.260000000000000000e+02
1.173000000000000000e+03
7.283000000000000000e+03
6.284000000000000000e+03
7.284000000000000000e+03
6.174000000000000000e+03
1.394600000000000000e+04
1.800400000000000000e+04
3.186000000000000000e+03
9.622000000000000000e+03
1.759100000000000000e+04
1.558300000000000000e+04
1.650000000000000000e+03
2.671000000000000000e+03
1.284000000000000000e+04
5.830000000000000000e+02
1.830200000000000000e+04
