3.690000000000000000e+02
3.000000000000000000e+01
6.820000000000000000e+02
1.200000000000000000e+01
1.170000000000000000e+02
4.100000000000000000e+01
2.930000000000000000e+02
2.700000000000000000e+02
8.860000000000000000e+02
8.810000000000000000e+02
4.650000000000000000e+02
3.280000000000000000e+02
2.020000000000000000e+02
1.059000000000000000e+03
1.880000000000000000e+02
9.730000000000000000e+02
1.679000000000000000e+03
5.040000000000000000e+02
4.140000000000000000e+02
9.790000000000000000e+02
1.483000000000000000e+03
6.670000000000000000e+02
4.390000000000000000e+02
1.773000000000000000e+03
9.610000000000000000e+02
4.930000000000000000e+02
1.046000000000000000e+03
4.117000000000000000e+03
1.036000000000000000e+03
3.620000000000000000e+02
1.062000000000000000e+03
1.788000000000000000e+03
2.026000000000000000e+03
2.047000000000000000e+03
5.170000000000000000e+02
2.710000000000000000e+02
5.560000000000000000e+02
1.000000000000000000e+03
3.000000000000000000e+02
1.996000000000000000e+03
2.600000000000000000e+01
2.360000000000000000e+02
2.100000000000000000e+03
2.820000000000000000e+02
3.177000000000000000e+03
4.290000000000000000e+02
5.000000000000000000e+01
5.420000000000000000e+02
1.053000000000000000e+03
5.830000000000000000e+02
2.240000000000000000e+02
1.600000000000000000e+02
8.170000000000000000e+02
3.060000000000000000e+02
7.020000000000000000e+02
3.213000000000000000e+03
6.370000000000000000e+02
1.088000000000000000e+03
3.019000000000000000e+03
3.418000000000000000e+03
2.628000000000000000e+03
1.383000000000000000e+03
3.125000000000000000e+03
3.800000000000000000e+02
3.056000000000000000e+03
3.546000000000000000e+03
2.113000000000000000e+03
4.737000000000000000e+03
3.967000000000000000e+03
3.286000000000000000e+03
6.480000000000000000e+02
2.922000000000000000e+03
2.114000000000000000e+03
1.809000000000000000e+03
1.706000000000000000e+03
2.911000000000000000e+03
4.191000000000000000e+03
2.920000000000000000e+02
3.329000000000000000e+03
4.380000000000000000e+03
1.240000000000000000e+02
2.783000000000000000e+03
1.503000000000000000e+03
4.306000000000000000e+03
2.201000000000000000e+03
1.296000000000000000e+03
2.553000000000000000e+03
3.121000000000000000e+03
4.538000000000000000e+03
4.981000000000000000e+03
1.784000000000000000e+03
3.718000000000000000e+03
4.945000000000000000e+03
1.176000000000000000e+03
3.661000000000000000e+03
8.081000000000000000e+03
6.591000000000000000e+03
4.131000000000000000e+03
4.773000000000000000e+03
1.582000000000000000e+03
7.130000000000000000e+02
3.341000000000000000e+03
1.415000000000000000e+03
3.304000000000000000e+03
3.212000000000000000e+03
3.890000000000000000e+02
7.850000000000000000e+02
2.032000000000000000e+03
1.739000000000000000e+03
1.816000000000000000e+03
7.160000000000000000e+02
5.020000000000000000e+02
2.076000000000000000e+03
1.139000000000000000e+03
9.150000000000000000e+02
4.493000000000000000e+03
8.900000000000000000e+01
4.128000000000000000e+03
2.140000000000000000e+03
1.170000000000000000e+03
7.820000000000000000e+02
4.510000000000000000e+03
4.701000000000000000e+03
3.492000000000000000e+03
6.684000000000000000e+03
4.776000000000000000e+03
3.332000000000000000e+03
2.552000000000000000e+03
3.417000000000000000e+03
7.150000000000000000e+02
2.558000000000000000e+03
3.400000000000000000e+03
4.331000000000000000e+03
3.558000000000000000e+03
3.932000000000000000e+03
3.410000000000000000e+03
9.519000000000000000e+03
1.584000000000000000e+03
4.572000000000000000e+03
2.489000000000000000e+03
1.413000000000000000e+03
2.045000000000000000e+03
4.740000000000000000e+02
2.355000000000000000e+03
2.861000000000000000e+03
6.998000000000000000e+03
4.966000000000000000e+03
2.517000000000000000e+03
6.573000000000000000e+03
5.710000000000000000e+03
1.865000000000000000e+03
2.984000000000000000e+03
4.542000000000000000e+03
4.750000000000000000e+02
3.921000000000000000e+03
5.186000000000000000e+03
7.303000000000000000e+03
4.707000000000000000e+03
7.700000000000000000e+01
6.455000000000000000e+03
5.086000000000000000e+03
6.386000000000000000e+03
1.459000000000000000e+03
6.626000000000000000e+03
2.260000000000000000e+02
3.351000000000000000e+03
3.415000000000000000e+03
6.162000000000000000e+03
5.202000000000000000e+03
2.999000000000000000e+03
2.292000000000000000e+03
5.861000000000000000e+03
2.847000000000000000e+03
9.455000000000000000e+03
3.108000000000000000e+03
4.352000000000000000e+03
3.864000000000000000e+03
9.105000000000000000e+03
1.299000000000000000e+03
2.721000000000000000e+03
5.525000000000000000e+03
9.561000000000000000e+03
5.291000000000000000e+03
6.250000000000000000e+02
1.912000000000000000e+03
2.152000000000000000e+03
1.034500000000000000e+04
5.917000000000000000e+03
7.265000000000000000e+03
2.650000000000000000e+03
1.001300000000000000e+04
1.650000000000000000e+03
2.533000000000000000e+03
4.700000000000000000e+01
8.715000000000000000e+03
9.845000000000000000e+03
5.046000000000000000e+03
6.745000000000000000e+03
5.057000000000000000e+03
4.299000000000000000e+03
2.691000000000000000e+03
7.690000000000000000e+03
5.784000000000000000e+03
6.257000000000000000e+03
7.224000000000000000e+03
6.737000000000000000e+03
8.286000000000000000e+03
9.548000000000000000e+03
4.228000000000000000e+03
2.368000000000000000e+03
2.225000000000000000e+03
3.395000000000000000e+03
9.300000000000000000e+02
1.008000000000000000e+03
3.927000000000000000e+03
5.824000000000000000e+03
3.839000000000000000e+03
8.543000000000000000e+03
1.705000000000000000e+03
6.290000000000000000e+02
8.131000000000000000e+03
2.377000000000000000e+03
3.296000000000000000e+03
1.203000000000000000e+03
6.574000000000000000e+03
9.580000000000000000e+02
1.098000000000000000e+03
1.262700000000000000e+04
7.701000000000000000e+03
7.992000000000000000e+03
5.940000000000000000e+03
7.114000000000000000e+03
3.253000000000000000e+03
9.931000000000000000e+03
1.976000000000000000e+03
9.237000000000000000e+03
5.726000000000000000e+03
4.068000000000000000e+03
4.655000000000000000e+03
2.426000000000000000e+03
2.490000000000000000e+03
5.343000000000000000e+03
9.601000000000000000e+03
8.520000000000000000e+03
7.423000000000000000e+03
8.877000000000000000e+03
6.736000000000000000e+03
5.332000000000000000e+03
1.007700000000000000e+04
6.125000000000000000e+03
1.144200000000000000e+04
1.514000000000000000e+03
1.540000000000000000e+03
7.138000000000000000e+03
3.733000000000000000e+03
4.440000000000000000e+03
7.153000000000000000e+03
1.092400000000000000e+04
1.075100000000000000e+04
1.015000000000000000e+04
3.749000000000000000e+03
9.219000000000000000e+03
6.042000000000000000e+03
3.640000000000000000e+02
5.709000000000000000e+03
1.273000000000000000e+04
4.237000000000000000e+03
6.559000000000000000e+03
7.729000000000000000e+03
7.824000000000000000e+03
1.480300000000000000e+04
1.190800000000000000e+04
2.230000000000000000e+02
8.537000000000000000e+03
8.637000000000000000e+03
1.540600000000000000e+04
1.361700000000000000e+04
9.268000000000000000e+03
6.387000000000000000e+03
5.796000000000000000e+03
5.881000000000000000e+03
7.293000000000000000e+03
7.609000000000000000e+03
1.022100000000000000e+04
7.208000000000000000e+03
9.622000000000000000e+03
6.685000000000000000e+03
7.435000000000000000e+03
1.059500000000000000e+04
7.791000000000000000e+03
5.612000000000000000e+03
7.967000000000000000e+03
1.092300000000000000e+04
1.752000000000000000e+03
2.671000000000000000e+03
1.117800000000000000e+04
3.569000000000000000e+03
7.079000000000000000e+03
1.334700000000000000e+04
1.644000000000000000e+03
9.857000000000000000e+03
1.264900000000000000e+04
1.284000000000000000e+04
7.751000000000000000e+03
2.062000000000000000e+03
1.470000000000000000e+02
1.152700000000000000e+04
4.789000000000000000e+03
9.482000000000000000e+03
1.267700000000000000e+04
7.630000000000000000e+02
9.717000000000000000e+03
2.622000000000000000e+03
2.381000000000000000e+03
5.517000000000000000e+03
1.123900000000000000e+04
1.405500000000000000e+04
9.007000000000000000e+03
1.181000000000000000e+03
1.475600000000000000e+04
7.343000000000000000e+03
1.094600000000000000e+04
1.329400000000000000e+04
1.179300000000000000e+04
7.622000000000000000e+03
4.762000000000000000e+03
4.573000000000000000e+03
8.463000000000000000e+03
4.333000000000000000e+03
1.387500000000000000e+04
8.910000000000000000e+03
3.789000000000000000e+03
2.815000000000000000e+03
9.876000000000000000e+03
7.238000000000000000e+03
1.512800000000000000e+04
1.023200000000000000e+04
6.153000000000000000e+03
1.210600000000000000e+04
9.014000000000000000e+03
1.071900000000000000e+04
1.067500000000000000e+04
1.630000000000000000e+03
1.006700000000000000e+04
9.980000000000000000e+03
8.909000000000000000e+03
1.559600000000000000e+04
1.266300000000000000e+04
1.340600000000000000e+04
7.584000000000000000e+03
1.542500000000000000e+04
1.296000000000000000e+04
1.802200000000000000e+04
1.323300000000000000e+04
1.111700000000000000e+04
2.180000000000000000e+03
6.758000000000000000e+03
1.558200000000000000e+04
1.339400000000000000e+04
1.542600000000000000e+04
9.368000000000000000e+03
1.049100000000000000e+04
1.084100000000000000e+04
5.350000000000000000e+03
1.120300000000000000e+04
1.626300000000000000e+04
4.011000000000000000e+03
8.468000000000000000e+03
8.870000000000000000e+02
3.845000000000000000e+03
4.170000000000000000e+03
9.799000000000000000e+03
1.290700000000000000e+04
5.711000000000000000e+03
7.529000000000000000e+03
1.404200000000000000e+04
1.592500000000000000e+04
1.558300000000000000e+04
1.463000000000000000e+03
9.132000000000000000e+03
1.287000000000000000e+04
1.760600000000000000e+04
1.036700000000000000e+04
1.040000000000000000e+04
1.079900000000000000e+04
1.442900000000000000e+04
4.901000000000000000e+03
2.644000000000000000e+03
1.137100000000000000e+04
6.663000000000000000e+03
9.749000000000000000e+03
1.165700000000000000e+04
1.542700000000000000e+04
5.020000000000000000e+03
9.896000000000000000e+03
6.739000000000000000e+03
8.916000000000000000e+03
9.445000000000000000e+03
1.205800000000000000e+04
2.256000000000000000e+03
1.390800000000000000e+04
1.178100000000000000e+04
1.397400000000000000e+04
1.019700000000000000e+04
5.242000000000000000e+03
1.652100000000000000e+04
1.509800000000000000e+04
7.227000000000000000e+03
1.489400000000000000e+04
1.331900000000000000e+04
1.437400000000000000e+04
6.410000000000000000e+03
1.375800000000000000e+04
1.182000000000000000e+04
3.605000000000000000e+03
2.883000000000000000e+03
1.581100000000000000e+04
7.782000000000000000e+03
1.564900000000000000e+04
1.459700000000000000e+04
1.553700000000000000e+04
1.665400000000000000e+04
7.880000000000000000e+02
1.505400000000000000e+04
1.762700000000000000e+04
1.169100000000000000e+04
5.945000000000000000e+03
1.565100000000000000e+04
2.241000000000000000e+03
2.610000000000000000e+02
8.312000000000000000e+03
5.952000000000000000e+03
2.600000000000000000e+03
1.180300000000000000e+04
7.244000000000000000e+03
3.338000000000000000e+03
6.013000000000000000e+03
1.408900000000000000e+04
1.498400000000000000e+04
5.078000000000000000e+03
1.294500000000000000e+04
4.039000000000000000e+03
1.565200000000000000e+04
1.255000000000000000e+04
1.759100000000000000e+04
1.287100000000000000e+04
1.298400000000000000e+04
2.666000000000000000e+03
5.036000000000000000e+03
1.930000000000000000e+03
7.923000000000000000e+03
1.601800000000000000e+04
1.105100000000000000e+04
1.495500000000000000e+04
9.051000000000000000e+03
1.035700000000000000e+04
1.539400000000000000e+04
1.327000000000000000e+04
9.258000000000000000e+03
1.579000000000000000e+03
5.901000000000000000e+03
7.019000000000000000e+03
6.338000000000000000e+03
1.457300000000000000e+04
1.576700000000000000e+04
1.261400000000000000e+04
1.381000000000000000e+03
4.300000000000000000e+03
2.272000000000000000e+03
5.559000000000000000e+03
1.441000000000000000e+04
6.715000000000000000e+03
7.326000000000000000e+03
1.489300000000000000e+04
1.580000000000000000e+04
1.792900000000000000e+04
7.580000000000000000e+02
1.395800000000000000e+04
1.706700000000000000e+04
1.824100000000000000e+04
4.492000000000000000e+03
1.177100000000000000e+04
1.076000000000000000e+03
1.084000000000000000e+04
1.344600000000000000e+04
1.565000000000000000e+04
4.460000000000000000e+03
1.528900000000000000e+04
5.902000000000000000e+03
1.329300000000000000e+04
1.105000000000000000e+04
1.159900000000000000e+04
1.740800000000000000e+04
1.740200000000000000e+04
3.996000000000000000e+03
1.258600000000000000e+04
1.027400000000000000e+04
7.049000000000000000e+03
9.832000000000000000e+03
1.990000000000000000e+03
5.303000000000000000e+03
1.135900000000000000e+04
4.556000000000000000e+03
1.010000000000000000e+03
1.662400000000000000e+04
8.497000000000000000e+03
7.744000000000000000e+03
2.319000000000000000e+03
9.556000000000000000e+03
8.765000000000000000e+03
3.609000000000000000e+03
4.116000000000000000e+03
3.529000000000000000e+03
1.970000000000000000e+03
2.952000000000000000e+03
6.373000000000000000e+03
5.873000000000000000e+03
1.545800000000000000e+04
3.175000000000000000e+03
3.347000000000000000e+03
1.713100000000000000e+04
3.553000000000000000e+03
4.250000000000000000e+03
8.566000000000000000e+03
1.716600000000000000e+04
4.641000000000000000e+03
7.368000000000000000e+03
1.638400000000000000e+04
1.001900000000000000e+04
1.440000000000000000e+03
1.199000000000000000e+03
6.683000000000000000e+03
6.844000000000000000e+03
4.571000000000000000e+03
7.040000000000000000e+03
1.412300000000000000e+04
1.666100000000000000e+04
1.435800000000000000e+04
3.710000000000000000e+03
1.741900000000000000e+04
6.346000000000000000e+03
7.010000000000000000e+02
1.550300000000000000e+04
1.597100000000000000e+04
1.500000000000000000e+03
7.800000000000000000e+03
6.845000000000000000e+03
2.416000000000000000e+03
3.380000000000000000e+03
4.315000000000000000e+03
1.842200000000000000e+04
6.905000000000000000e+03
1.144100000000000000e+04
1.780100000000000000e+04
1.771400000000000000e+04
1.791300000000000000e+04
1.836700000000000000e+04
1.826200000000000000e+04
5.090000000000000000e+03
1.230000000000000000e+04
5.070000000000000000e+03
1.336000000000000000e+04
8.252000000000000000e+03
6.447000000000000000e+03
6.814000000000000000e+03
1.466000000000000000e+04
8.863000000000000000e+03
1.849300000000000000e+04
1.718100000000000000e+04
1.135800000000000000e+04
1.100800000000000000e+04
7.021000000000000000e+03
1.737000000000000000e+03
4.292000000000000000e+03
6.738000000000000000e+03
1.731900000000000000e+04
1.740900000000000000e+04
1.449100000000000000e+04
3.773000000000000000e+03
