3.000000000000000000e+01
3.690000000000000000e+02
4.650000000000000000e+02
1.240000000000000000e+02
4.100000000000000000e+01
1.200000000000000000e+01
1.880000000000000000e+02
3.060000000000000000e+02
1.170000000000000000e+02
2.600000000000000000e+01
6.820000000000000000e+02
4.390000000000000000e+02
4.930000000000000000e+02
2.930000000000000000e+02
3.280000000000000000e+02
1.000000000000000000e+03
1.046000000000000000e+03
5.420000000000000000e+02
3.890000000000000000e+02
2.360000000000000000e+02
2.700000000000000000e+02
3.620000000000000000e+02
5.170000000000000000e+02
5.560000000000000000e+02
5.830000000000000000e+02
9.730000000000000000e+02
5.000000000000000000e+01
2.847000000000000000e+03
1.679000000000000000e+03
6.670000000000000000e+02
6.290000000000000000e+02
5.020000000000000000e+02
1.705000000000000000e+03
7.130000000000000000e+02
1.139000000000000000e+03
9.790000000000000000e+02
6.370000000000000000e+02
1.582000000000000000e+03
2.820000000000000000e+02
1.036000000000000000e+03
1.752000000000000000e+03
2.047000000000000000e+03
1.088000000000000000e+03
2.076000000000000000e+03
2.225000000000000000e+03
1.176000000000000000e+03
2.100000000000000000e+03
3.019000000000000000e+03
1.784000000000000000e+03
4.128000000000000000e+03
2.922000000000000000e+03
7.020000000000000000e+02
1.062000000000000000e+03
2.045000000000000000e+03
2.710000000000000000e+02
2.490000000000000000e+03
3.286000000000000000e+03
1.865000000000000000e+03
1.053000000000000000e+03
2.240000000000000000e+02
7.160000000000000000e+02
1.299000000000000000e+03
1.976000000000000000e+03
6.250000000000000000e+02
4.538000000000000000e+03
3.177000000000000000e+03
1.415000000000000000e+03
3.121000000000000000e+03
9.150000000000000000e+02
3.417000000000000000e+03
1.059000000000000000e+03
1.788000000000000000e+03
1.773000000000000000e+03
2.241000000000000000e+03
5.861000000000000000e+03
2.368000000000000000e+03
1.098000000000000000e+03
4.331000000000000000e+03
4.290000000000000000e+02
1.383000000000000000e+03
2.426000000000000000e+03
5.726000000000000000e+03
9.300000000000000000e+02
3.056000000000000000e+03
4.493000000000000000e+03
3.733000000000000000e+03
5.350000000000000000e+03
5.901000000000000000e+03
1.630000000000000000e+03
7.580000000000000000e+02
3.546000000000000000e+03
3.661000000000000000e+03
2.292000000000000000e+03
3.418000000000000000e+03
2.062000000000000000e+03
2.622000000000000000e+03
3.921000000000000000e+03
3.125000000000000000e+03
4.352000000000000000e+03
3.332000000000000000e+03
2.019000000000000000e+03
3.927000000000000000e+03
1.650000000000000000e+03
4.299000000000000000e+03
3.415000000000000000e+03
2.552000000000000000e+03
3.213000000000000000e+03
3.329000000000000000e+03
4.039000000000000000e+03
7.782000000000000000e+03
3.212000000000000000e+03
2.114000000000000000e+03
2.671000000000000000e+03
1.170000000000000000e+03
2.628000000000000000e+03
4.655000000000000000e+03
3.341000000000000000e+03
6.480000000000000000e+02
3.000000000000000000e+02
7.820000000000000000e+02
3.304000000000000000e+03
5.940000000000000000e+03
3.932000000000000000e+03
1.706000000000000000e+03
4.306000000000000000e+03
9.610000000000000000e+02
2.553000000000000000e+03
4.380000000000000000e+03
7.529000000000000000e+03
3.609000000000000000e+03
6.591000000000000000e+03
5.824000000000000000e+03
5.487000000000000000e+03
6.042000000000000000e+03
1.503000000000000000e+03
4.460000000000000000e+03
4.573000000000000000e+03
1.381000000000000000e+03
1.816000000000000000e+03
4.542000000000000000e+03
8.860000000000000000e+02
4.440000000000000000e+03
6.410000000000000000e+03
9.051000000000000000e+03
4.140000000000000000e+02
1.483000000000000000e+03
5.945000000000000000e+03
4.131000000000000000e+03
3.569000000000000000e+03
5.057000000000000000e+03
2.691000000000000000e+03
7.343000000000000000e+03
5.784000000000000000e+03
9.580000000000000000e+02
5.086000000000000000e+03
4.945000000000000000e+03
4.981000000000000000e+03
3.175000000000000000e+03
1.514000000000000000e+03
8.810000000000000000e+02
9.450000000000000000e+02
1.737000000000000000e+03
5.303000000000000000e+03
6.626000000000000000e+03
1.463000000000000000e+03
9.007000000000000000e+03
1.459000000000000000e+03
1.579000000000000000e+03
6.257000000000000000e+03
6.663000000000000000e+03
6.387000000000000000e+03
3.050000000000000000e+03
2.558000000000000000e+03
4.730000000000000000e+02
7.153000000000000000e+03
1.203000000000000000e+03
1.733000000000000000e+03
1.296000000000000000e+03
9.258000000000000000e+03
5.202000000000000000e+03
9.220000000000000000e+03
5.200000000000000000e+01
2.984000000000000000e+03
6.739000000000000000e+03
1.197700000000000000e+04
5.710000000000000000e+03
2.000000000000000000e+02
3.789000000000000000e+03
3.410000000000000000e+03
3.351000000000000000e+03
4.707000000000000000e+03
5.711000000000000000e+03
7.208000000000000000e+03
9.749000000000000000e+03
4.737000000000000000e+03
6.386000000000000000e+03
3.713000000000000000e+03
7.224000000000000000e+03
2.783000000000000000e+03
8.170000000000000000e+02
2.230000000000000000e+02
3.967000000000000000e+03
3.558000000000000000e+03
6.890000000000000000e+03
4.191000000000000000e+03
9.832000000000000000e+03
8.765000000000000000e+03
3.640000000000000000e+02
2.201000000000000000e+03
3.072000000000000000e+03
8.910000000000000000e+03
1.078100000000000000e+04
7.303000000000000000e+03
3.347000000000000000e+03
1.165700000000000000e+04
4.440000000000000000e+02
9.556000000000000000e+03
1.990000000000000000e+03
7.114000000000000000e+03
5.046000000000000000e+03
4.750000000000000000e+02
8.520000000000000000e+03
4.773000000000000000e+03
3.605000000000000000e+03
1.348000000000000000e+03
3.395000000000000000e+03
1.986000000000000000e+03
1.996000000000000000e+03
1.001900000000000000e+04
1.413000000000000000e+03
8.286000000000000000e+03
6.685000000000000000e+03
8.463000000000000000e+03
9.622000000000000000e+03
1.067500000000000000e+04
4.228000000000000000e+03
3.622000000000000000e+03
5.020000000000000000e+03
3.718000000000000000e+03
4.762000000000000000e+03
7.751000000000000000e+03
6.573000000000000000e+03
7.701000000000000000e+03
3.338000000000000000e+03
8.686000000000000000e+03
3.749000000000000000e+03
1.509900000000000000e+04
4.560000000000000000e+03
7.967000000000000000e+03
4.776000000000000000e+03
1.114400000000000000e+04
9.151000000000000000e+03
7.729000000000000000e+03
8.543000000000000000e+03
1.255000000000000000e+04
1.287100000000000000e+04
1.425900000000000000e+04
8.877000000000000000e+03
7.227000000000000000e+03
7.265000000000000000e+03
7.791000000000000000e+03
1.023200000000000000e+04
2.180000000000000000e+03
1.092400000000000000e+04
1.001300000000000000e+04
4.572000000000000000e+03
3.710000000000000000e+03
2.026000000000000000e+03
9.548000000000000000e+03
1.552000000000000000e+04
7.609000000000000000e+03
9.845000000000000000e+03
1.397400000000000000e+04
5.103000000000000000e+03
4.740000000000000000e+02
5.040000000000000000e+02
1.261400000000000000e+04
8.916000000000000000e+03
9.446000000000000000e+03
7.150000000000000000e+02
1.169100000000000000e+04
3.773000000000000000e+03
2.937000000000000000e+03
6.745000000000000000e+03
7.368000000000000000e+03
6.421000000000000000e+03
7.138000000000000000e+03
4.484000000000000000e+03
1.079900000000000000e+04
5.902000000000000000e+03
4.789000000000000000e+03
1.036700000000000000e+04
1.074300000000000000e+04
8.131000000000000000e+03
8.637000000000000000e+03
1.177100000000000000e+04
1.492700000000000000e+04
1.205800000000000000e+04
4.743000000000000000e+03
3.900000000000000000e+03
2.815000000000000000e+03
5.332000000000000000e+03
1.094600000000000000e+04
8.537000000000000000e+03
6.998000000000000000e+03
1.266300000000000000e+04
9.268000000000000000e+03
5.525000000000000000e+03
1.135800000000000000e+04
2.861000000000000000e+03
1.435800000000000000e+04
1.459700000000000000e+04
8.200000000000000000e+01
1.199000000000000000e+03
1.144200000000000000e+04
1.267700000000000000e+04
9.105000000000000000e+03
9.482000000000000000e+03
9.561000000000000000e+03
9.368000000000000000e+03
1.137100000000000000e+04
5.388000000000000000e+03
1.440000000000000000e+03
3.400000000000000000e+03
6.455000000000000000e+03
1.449100000000000000e+04
2.416000000000000000e+03
7.923000000000000000e+03
8.427000000000000000e+03
1.572300000000000000e+04
1.329500000000000000e+04
7.021000000000000000e+03
1.117800000000000000e+04
7.880000000000000000e+02
5.796000000000000000e+03
1.015000000000000000e+04
8.715000000000000000e+03
7.244000000000000000e+03
8.909000000000000000e+03
7.220000000000000000e+03
7.850000000000000000e+02
1.431500000000000000e+04
1.264900000000000000e+04
1.266400000000000000e+04
1.339000000000000000e+04
2.260000000000000000e+02
1.739000000000000000e+03
2.113000000000000000e+03
9.955000000000000000e+03
1.135900000000000000e+04
1.703400000000000000e+04
6.110000000000000000e+03
1.323400000000000000e+04
3.864000000000000000e+03
3.735000000000000000e+03
1.528900000000000000e+04
7.187000000000000000e+03
1.392400000000000000e+04
4.333000000000000000e+03
4.492000000000000000e+03
1.049100000000000000e+04
5.186000000000000000e+03
6.330000000000000000e+03
2.579000000000000000e+03
1.390800000000000000e+04
1.072000000000000000e+04
9.497000000000000000e+03
6.501000000000000000e+03
1.505500000000000000e+04
1.509800000000000000e+04
3.380000000000000000e+03
1.191700000000000000e+04
6.162000000000000000e+03
1.190800000000000000e+04
1.298400000000000000e+04
1.555000000000000000e+03
6.736000000000000000e+03
2.911000000000000000e+03
5.881000000000000000e+03
6.684000000000000000e+03
1.075100000000000000e+04
5.291000000000000000e+03
1.580000000000000000e+04
1.537900000000000000e+04
4.292000000000000000e+03
2.517000000000000000e+03
6.559000000000000000e+03
9.601000000000000000e+03
4.701000000000000000e+03
1.323300000000000000e+04
1.422200000000000000e+04
1.726800000000000000e+04
1.601800000000000000e+04
1.576700000000000000e+04
1.809000000000000000e+03
1.038000000000000000e+04
2.116000000000000000e+03
4.315000000000000000e+03
3.108000000000000000e+03
1.241200000000000000e+04
6.111000000000000000e+03
1.375800000000000000e+04
2.012000000000000000e+03
1.565100000000000000e+04
1.565200000000000000e+04
6.890000000000000000e+02
4.571000000000000000e+03
1.597100000000000000e+04
8.348000000000000000e+03
1.059500000000000000e+04
1.437400000000000000e+04
1.426000000000000000e+04
1.202200000000000000e+04
1.581100000000000000e+04
1.284000000000000000e+04
1.638400000000000000e+04
1.111700000000000000e+04
1.033400000000000000e+04
1.035700000000000000e+04
5.399000000000000000e+03
1.279600000000000000e+04
6.013000000000000000e+03
2.020000000000000000e+02
6.125000000000000000e+03
2.140000000000000000e+03
9.717000000000000000e+03
1.387500000000000000e+04
1.718100000000000000e+04
1.713100000000000000e+04
1.398600000000000000e+04
6.696000000000000000e+03
1.327100000000000000e+04
1.115100000000000000e+04
1.662400000000000000e+04
3.046000000000000000e+03
1.085300000000000000e+04
2.883000000000000000e+03
9.445000000000000000e+03
1.287000000000000000e+04
1.812300000000000000e+04
1.695400000000000000e+04
1.684000000000000000e+03
1.339500000000000000e+04
3.319000000000000000e+03
4.250000000000000000e+02
9.097000000000000000e+03
9.132000000000000000e+03
1.358500000000000000e+04
1.120500000000000000e+04
4.556000000000000000e+03
8.900000000000000000e+01
1.564900000000000000e+04
1.071900000000000000e+04
1.405500000000000000e+04
1.480300000000000000e+04
4.101000000000000000e+03
1.015100000000000000e+04
2.489000000000000000e+03
5.343000000000000000e+03
9.455000000000000000e+03
1.740900000000000000e+04
1.405600000000000000e+04
1.100800000000000000e+04
2.029000000000000000e+03
7.435000000000000000e+03
1.040000000000000000e+04
1.785600000000000000e+04
2.090000000000000000e+02
1.111800000000000000e+04
3.753000000000000000e+03
7.950000000000000000e+02
1.231000000000000000e+03
1.034500000000000000e+04
5.917000000000000000e+03
9.799000000000000000e+03
1.334800000000000000e+04
1.632400000000000000e+04
1.760000000000000000e+02
1.154700000000000000e+04
1.692900000000000000e+04
1.835700000000000000e+04
6.134000000000000000e+03
1.251800000000000000e+04
1.080700000000000000e+04
1.665400000000000000e+04
8.468000000000000000e+03
1.706700000000000000e+04
1.489400000000000000e+04
1.182000000000000000e+04
1.262700000000000000e+04
4.300000000000000000e+03
4.777000000000000000e+03
2.152000000000000000e+03
9.014000000000000000e+03
1.339400000000000000e+04
7.992000000000000000e+03
9.219000000000000000e+03
1.294000000000000000e+03
1.303600000000000000e+04
1.456000000000000000e+04
5.102000000000000000e+03
1.080000000000000000e+04
4.423000000000000000e+03
2.533000000000000000e+03
7.937000000000000000e+03
9.956000000000000000e+03
1.610100000000000000e+04
1.558200000000000000e+04
7.824000000000000000e+03
1.457300000000000000e+04
8.564000000000000000e+03
1.471000000000000000e+03
1.675100000000000000e+04
1.413900000000000000e+04
3.839000000000000000e+03
1.584000000000000000e+03
1.542500000000000000e+04
6.338000000000000000e+03
1.542600000000000000e+04
9.931000000000000000e+03
1.182800000000000000e+04
1.219000000000000000e+04
1.604200000000000000e+04
4.116000000000000000e+03
1.022100000000000000e+04
9.896000000000000000e+03
2.355000000000000000e+03
1.652100000000000000e+04
1.792900000000000000e+04
1.821800000000000000e+04
1.511400000000000000e+04
1.460900000000000000e+04
1.019100000000000000e+04
1.566800000000000000e+04
1.739400000000000000e+04
3.943000000000000000e+03
8.837000000000000000e+03
5.730000000000000000e+02
1.740200000000000000e+04
1.123900000000000000e+04
1.361700000000000000e+04
6.210000000000000000e+02
1.646800000000000000e+04
1.142600000000000000e+04
5.110000000000000000e+03
1.430500000000000000e+04
1.741900000000000000e+04
2.999000000000000000e+03
4.700000000000000000e+01
5.517000000000000000e+03
3.800000000000000000e+02
1.475600000000000000e+04
1.512800000000000000e+04
5.485000000000000000e+03
1.845000000000000000e+04
1.826200000000000000e+04
1.189700000000000000e+04
1.340600000000000000e+04
1.210600000000000000e+04
2.650000000000000000e+03
1.273000000000000000e+04
1.592500000000000000e+04
1.294500000000000000e+04
1.836700000000000000e+04
1.189600000000000000e+04
1.710200000000000000e+04
3.514000000000000000e+03
1.093200000000000000e+04
9.480000000000000000e+02
6.102000000000000000e+03
2.920000000000000000e+02
1.505400000000000000e+04
1.776300000000000000e+04
1.456100000000000000e+04
3.082000000000000000e+03
1.549500000000000000e+04
1.466100000000000000e+04
1.781500000000000000e+04
5.852000000000000000e+03
9.876000000000000000e+03
8.081000000000000000e+03
1.760600000000000000e+04
5.776000000000000000e+03
1.620500000000000000e+04
7.379000000000000000e+03
1.008000000000000000e+03
7.584000000000000000e+03
5.612000000000000000e+03
1.762700000000000000e+04
9.237000000000000000e+03
1.848100000000000000e+04
1.745900000000000000e+04
1.621400000000000000e+04
1.450100000000000000e+04
6.149000000000000000e+03
1.404200000000000000e+04
6.731000000000000000e+03
1.656200000000000000e+04
3.423000000000000000e+03
9.477000000000000000e+03
1.518400000000000000e+04
6.999000000000000000e+03
1.347200000000000000e+04
1.813800000000000000e+04
1.402600000000000000e+04
1.128800000000000000e+04
1.681000000000000000e+03
2.554000000000000000e+03
