6.290000000000000000e+02
2.600000000000000000e+01
1.240000000000000000e+02
3.890000000000000000e+02
1.200000000000000000e+01
2.360000000000000000e+02
3.060000000000000000e+02
2.000000000000000000e+02
5.020000000000000000e+02
9.450000000000000000e+02
4.100000000000000000e+01
3.000000000000000000e+01
4.390000000000000000e+02
1.348000000000000000e+03
4.930000000000000000e+02
1.630000000000000000e+03
5.420000000000000000e+02
1.880000000000000000e+02
7.580000000000000000e+02
3.620000000000000000e+02
5.000000000000000000e+01
1.733000000000000000e+03
2.045000000000000000e+03
1.976000000000000000e+03
1.737000000000000000e+03
2.019000000000000000e+03
8.660000000000000000e+02
2.490000000000000000e+03
4.730000000000000000e+02
6.250000000000000000e+02
1.139000000000000000e+03
1.865000000000000000e+03
7.720000000000000000e+02
5.830000000000000000e+02
2.937000000000000000e+03
4.440000000000000000e+02
8.200000000000000000e+01
5.200000000000000000e+01
1.299000000000000000e+03
2.930000000000000000e+02
1.752000000000000000e+03
9.150000000000000000e+02
3.072000000000000000e+03
2.225000000000000000e+03
2.241000000000000000e+03
1.986000000000000000e+03
1.098000000000000000e+03
3.347000000000000000e+03
2.062000000000000000e+03
1.650000000000000000e+03
5.560000000000000000e+02
2.820000000000000000e+02
1.170000000000000000e+02
5.103000000000000000e+03
6.370000000000000000e+02
9.580000000000000000e+02
2.101000000000000000e+03
1.440000000000000000e+03
1.203000000000000000e+03
3.280000000000000000e+02
1.415000000000000000e+03
3.773000000000000000e+03
1.381000000000000000e+03
7.020000000000000000e+02
2.368000000000000000e+03
4.039000000000000000e+03
3.319000000000000000e+03
7.130000000000000000e+02
1.514000000000000000e+03
1.199000000000000000e+03
3.380000000000000000e+03
2.292000000000000000e+03
2.622000000000000000e+03
5.388000000000000000e+03
1.784000000000000000e+03
2.426000000000000000e+03
1.459000000000000000e+03
1.471000000000000000e+03
1.176000000000000000e+03
1.046000000000000000e+03
1.579000000000000000e+03
4.250000000000000000e+02
1.231000000000000000e+03
2.076000000000000000e+03
6.670000000000000000e+02
1.000000000000000000e+03
7.187000000000000000e+03
4.560000000000000000e+03
2.710000000000000000e+02
2.240000000000000000e+02
2.090000000000000000e+02
3.338000000000000000e+03
1.036000000000000000e+03
6.210000000000000000e+02
2.671000000000000000e+03
1.760000000000000000e+02
3.713000000000000000e+03
8.780000000000000000e+02
1.463000000000000000e+03
3.609000000000000000e+03
4.440000000000000000e+03
2.553000000000000000e+03
5.303000000000000000e+03
3.710000000000000000e+03
5.852000000000000000e+03
3.733000000000000000e+03
1.990000000000000000e+03
3.050000000000000000e+03
2.579000000000000000e+03
3.175000000000000000e+03
1.088000000000000000e+03
4.484000000000000000e+03
4.101000000000000000e+03
5.102000000000000000e+03
2.064000000000000000e+03
3.569000000000000000e+03
2.230000000000000000e+02
6.890000000000000000e+02
3.927000000000000000e+03
2.029000000000000000e+03
7.160000000000000000e+02
4.743000000000000000e+03
3.921000000000000000e+03
7.368000000000000000e+03
6.421000000000000000e+03
4.655000000000000000e+03
4.571000000000000000e+03
3.622000000000000000e+03
7.220000000000000000e+03
4.573000000000000000e+03
5.487000000000000000e+03
2.151000000000000000e+03
6.820000000000000000e+02
2.012000000000000000e+03
3.605000000000000000e+03
2.416000000000000000e+03
1.019100000000000000e+04
5.901000000000000000e+03
9.790000000000000000e+02
3.735000000000000000e+03
6.111000000000000000e+03
4.460000000000000000e+03
9.607000000000000000e+03
3.900000000000000000e+03
4.423000000000000000e+03
1.062000000000000000e+03
1.170000000000000000e+03
1.705000000000000000e+03
2.047000000000000000e+03
1.684000000000000000e+03
1.072000000000000000e+04
3.749000000000000000e+03
5.350000000000000000e+03
3.332000000000000000e+03
6.890000000000000000e+03
4.650000000000000000e+02
3.774000000000000000e+03
5.462000000000000000e+03
4.493000000000000000e+03
4.228000000000000000e+03
2.847000000000000000e+03
1.038000000000000000e+04
9.300000000000000000e+02
3.121000000000000000e+03
3.789000000000000000e+03
7.021000000000000000e+03
3.753000000000000000e+03
6.134000000000000000e+03
4.100000000000000000e+03
2.180000000000000000e+03
3.943000000000000000e+03
3.415000000000000000e+03
9.730000000000000000e+02
4.762000000000000000e+03
6.663000000000000000e+03
2.628000000000000000e+03
4.789000000000000000e+03
1.413000000000000000e+03
1.582000000000000000e+03
2.472000000000000000e+03
5.711000000000000000e+03
6.696000000000000000e+03
9.097000000000000000e+03
4.234000000000000000e+03
3.932000000000000000e+03
3.351000000000000000e+03
3.329000000000000000e+03
2.100000000000000000e+03
6.410000000000000000e+03
8.686000000000000000e+03
7.950000000000000000e+02
7.070000000000000000e+02
3.640000000000000000e+02
2.116000000000000000e+03
6.387000000000000000e+03
3.304000000000000000e+03
2.883000000000000000e+03
1.080700000000000000e+04
3.206000000000000000e+03
4.333000000000000000e+03
5.945000000000000000e+03
4.352000000000000000e+03
7.880000000000000000e+02
1.816000000000000000e+03
5.020000000000000000e+03
6.501000000000000000e+03
5.485000000000000000e+03
4.315000000000000000e+03
7.244000000000000000e+03
3.423000000000000000e+03
8.427000000000000000e+03
5.902000000000000000e+03
4.299000000000000000e+03
1.128800000000000000e+04
1.016800000000000000e+04
6.739000000000000000e+03
9.151000000000000000e+03
2.700000000000000000e+02
4.542000000000000000e+03
7.227000000000000000e+03
5.730000000000000000e+02
3.661000000000000000e+03
1.115100000000000000e+04
5.824000000000000000e+03
1.343000000000000000e+03
3.152000000000000000e+03
9.556000000000000000e+03
6.042000000000000000e+03
9.446000000000000000e+03
4.290000000000000000e+02
5.110000000000000000e+03
4.292000000000000000e+03
7.379000000000000000e+03
8.564000000000000000e+03
5.202000000000000000e+03
1.100800000000000000e+04
1.706000000000000000e+03
5.710000000000000000e+03
4.331000000000000000e+03
6.685000000000000000e+03
7.609000000000000000e+03
8.765000000000000000e+03
4.131000000000000000e+03
1.480400000000000000e+04
1.085300000000000000e+04
7.343000000000000000e+03
5.086000000000000000e+03
5.399000000000000000e+03
8.820000000000000000e+03
1.383000000000000000e+03
1.241200000000000000e+04
5.170000000000000000e+02
3.300000000000000000e+02
5.940000000000000000e+03
5.057000000000000000e+03
8.910000000000000000e+03
7.632000000000000000e+03
8.909000000000000000e+03
6.110000000000000000e+03
8.916000000000000000e+03
2.861000000000000000e+03
1.294000000000000000e+03
6.474000000000000000e+03
7.751000000000000000e+03
1.001900000000000000e+04
7.923000000000000000e+03
3.213000000000000000e+03
4.556000000000000000e+03
8.463000000000000000e+03
8.181000000000000000e+03
5.046000000000000000e+03
9.477000000000000000e+03
3.410000000000000000e+03
1.110000000000000000e+03
3.082000000000000000e+03
3.080000000000000000e+02
1.114400000000000000e+04
9.220000000000000000e+03
5.776000000000000000e+03
1.555000000000000000e+03
9.497000000000000000e+03
5.784000000000000000e+03
9.832000000000000000e+03
1.182800000000000000e+04
1.080000000000000000e+04
5.547000000000000000e+03
1.189700000000000000e+04
1.078100000000000000e+04
3.983000000000000000e+03
3.212000000000000000e+03
7.791000000000000000e+03
1.358500000000000000e+04
8.723000000000000000e+03
1.135800000000000000e+04
6.257000000000000000e+03
1.154700000000000000e+04
3.417000000000000000e+03
6.731000000000000000e+03
1.323400000000000000e+04
9.955000000000000000e+03
4.520000000000000000e+02
2.922000000000000000e+03
1.059000000000000000e+03
6.999000000000000000e+03
6.102000000000000000e+03
7.153000000000000000e+03
2.114000000000000000e+03
9.258000000000000000e+03
1.036700000000000000e+04
1.202200000000000000e+04
2.767000000000000000e+03
1.296000000000000000e+03
3.286000000000000000e+03
1.405600000000000000e+04
1.074300000000000000e+04
1.142600000000000000e+04
9.480000000000000000e+02
4.750000000000000000e+02
5.141000000000000000e+03
3.189000000000000000e+03
1.120500000000000000e+04
1.219000000000000000e+04
1.111800000000000000e+04
3.125000000000000000e+03
2.984000000000000000e+03
1.135900000000000000e+04
1.182000000000000000e+04
1.398600000000000000e+04
1.494100000000000000e+04
1.207100000000000000e+04
8.348000000000000000e+03
3.395000000000000000e+03
7.967000000000000000e+03
1.053000000000000000e+03
7.114000000000000000e+03
1.191700000000000000e+04
8.716000000000000000e+03
1.503000000000000000e+03
1.015100000000000000e+04
7.529000000000000000e+03
9.529000000000000000e+03
1.251800000000000000e+04
1.279600000000000000e+04
3.891000000000000000e+03
7.773000000000000000e+03
7.208000000000000000e+03
1.177100000000000000e+04
7.937000000000000000e+03
1.386600000000000000e+04
1.456100000000000000e+04
1.329500000000000000e+04
1.466100000000000000e+04
4.982000000000000000e+03
1.656200000000000000e+04
6.245000000000000000e+03
1.093200000000000000e+04
1.075200000000000000e+04
1.410100000000000000e+04
1.681000000000000000e+03
2.552000000000000000e+03
1.426000000000000000e+04
1.483200000000000000e+04
1.339500000000000000e+04
1.402600000000000000e+04
1.339000000000000000e+04
1.137100000000000000e+04
9.956000000000000000e+03
1.610100000000000000e+04
4.763000000000000000e+03
3.000000000000000000e+00
1.422200000000000000e+04
9.051000000000000000e+03
1.334800000000000000e+04
9.749000000000000000e+03
7.447000000000000000e+03
2.554000000000000000e+03
1.327100000000000000e+04
1.261500000000000000e+04
8.837000000000000000e+03
4.492000000000000000e+03
9.007000000000000000e+03
1.035700000000000000e+04
6.745000000000000000e+03
3.046000000000000000e+03
1.023200000000000000e+04
4.777000000000000000e+03
3.177000000000000000e+03
3.341000000000000000e+03
9.718000000000000000e+03
1.303600000000000000e+04
1.518400000000000000e+04
4.402000000000000000e+03
1.049100000000000000e+04
1.298400000000000000e+04
6.149000000000000000e+03
1.860000000000000000e+02
1.764100000000000000e+04
1.481800000000000000e+04
1.413900000000000000e+04
1.137200000000000000e+04
1.024900000000000000e+04
1.473700000000000000e+04
1.033400000000000000e+04
9.368000000000000000e+03
6.330000000000000000e+03
7.701000000000000000e+03
1.460900000000000000e+04
1.392400000000000000e+04
1.008700000000000000e+04
6.480000000000000000e+02
8.170000000000000000e+02
1.169100000000000000e+04
1.621400000000000000e+04
1.534700000000000000e+04
1.685400000000000000e+04
1.431500000000000000e+04
1.449100000000000000e+04
1.511400000000000000e+04
1.537900000000000000e+04
1.158800000000000000e+04
4.707000000000000000e+03
1.706800000000000000e+04
1.197700000000000000e+04
1.675100000000000000e+04
8.745000000000000000e+03
4.300000000000000000e+03
1.679000000000000000e+03
3.964000000000000000e+03
1.347200000000000000e+04
1.570300000000000000e+04
5.500000000000000000e+01
4.140000000000000000e+02
5.796000000000000000e+03
2.783000000000000000e+03
7.684000000000000000e+03
1.646800000000000000e+04
1.632400000000000000e+04
1.252700000000000000e+04
1.146600000000000000e+04
1.456000000000000000e+04
1.733700000000000000e+04
1.067500000000000000e+04
1.505500000000000000e+04
1.566800000000000000e+04
7.463000000000000000e+03
5.412000000000000000e+03
4.938000000000000000e+03
1.430500000000000000e+04
6.013000000000000000e+03
3.864000000000000000e+03
1.261400000000000000e+04
1.745900000000000000e+04
1.620500000000000000e+04
3.979000000000000000e+03
1.340600000000000000e+04
2.558000000000000000e+03
4.191000000000000000e+03
1.483000000000000000e+03
3.967000000000000000e+03
4.737000000000000000e+03
9.561000000000000000e+03
1.323300000000000000e+04
1.743400000000000000e+04
1.773000000000000000e+03
5.291000000000000000e+03
5.726000000000000000e+03
1.710200000000000000e+04
1.226800000000000000e+04
1.205800000000000000e+04
1.692900000000000000e+04
7.224000000000000000e+03
9.885000000000000000e+03
1.796200000000000000e+04
1.450100000000000000e+04
5.565000000000000000e+03
7.820000000000000000e+02
8.810000000000000000e+02
1.075100000000000000e+04
4.163000000000000000e+03
1.094600000000000000e+04
1.264900000000000000e+04
2.815000000000000000e+03
1.549500000000000000e+04
7.265000000000000000e+03
1.079900000000000000e+04
9.482000000000000000e+03
1.189600000000000000e+04
1.347300000000000000e+04
4.659000000000000000e+03
1.739000000000000000e+03
9.483000000000000000e+03
1.489500000000000000e+04
2.026000000000000000e+03
8.860000000000000000e+02
9.268000000000000000e+03
1.266400000000000000e+04
2.492000000000000000e+03
1.347400000000000000e+04
1.347600000000000000e+04
8.390000000000000000e+02
1.739400000000000000e+04
1.052700000000000000e+04
3.514000000000000000e+03
1.000000000000000000e+01
5.525000000000000000e+03
1.117800000000000000e+04
1.041200000000000000e+04
1.378400000000000000e+04
6.626000000000000000e+03
4.380000000000000000e+03
1.776300000000000000e+04
1.781500000000000000e+04
1.058100000000000000e+04
7.303000000000000000e+03
6.125000000000000000e+03
1.528900000000000000e+04
1.695400000000000000e+04
1.597100000000000000e+04
1.390800000000000000e+04
1.190800000000000000e+04
1.735900000000000000e+04
1.098100000000000000e+04
5.021000000000000000e+03
3.000000000000000000e+02
3.108000000000000000e+03
1.071900000000000000e+04
5.917000000000000000e+03
6.386000000000000000e+03
1.255000000000000000e+04
9.717000000000000000e+03
1.718100000000000000e+04
1.435800000000000000e+04
8.325000000000000000e+03
1.007800000000000000e+04
7.782000000000000000e+03
1.813800000000000000e+04
9.122000000000000000e+03
6.971000000000000000e+03
8.469000000000000000e+03
1.359800000000000000e+04
5.236000000000000000e+03
7.729000000000000000e+03
1.740900000000000000e+04
3.418000000000000000e+03
3.483000000000000000e+03
2.970000000000000000e+02
2.691000000000000000e+03
5.332000000000000000e+03
8.520000000000000000e+03
4.776000000000000000e+03
1.437400000000000000e+04
1.417400000000000000e+04
2.690000000000000000e+03
1.322100000000000000e+04
1.900000000000000000e+02
3.567000000000000000e+03
9.484000000000000000e+03
1.651000000000000000e+03
2.517000000000000000e+03
8.131000000000000000e+03
1.652100000000000000e+04
1.457300000000000000e+04
1.662400000000000000e+04
3.257000000000000000e+03
9.789000000000000000e+03
5.554000000000000000e+03
7.150000000000000000e+02
9.014000000000000000e+03
4.773000000000000000e+03
7.138000000000000000e+03
3.019000000000000000e+03
4.572000000000000000e+03
4.306000000000000000e+03
4.945000000000000000e+03
1.821800000000000000e+04
4.981000000000000000e+03
1.799200000000000000e+04
4.025000000000000000e+03
9.152000000000000000e+03
6.926000000000000000e+03
6.736000000000000000e+03
3.558000000000000000e+03
3.400000000000000000e+03
6.684000000000000000e+03
1.580000000000000000e+04
1.287100000000000000e+04
1.375800000000000000e+04
1.412400000000000000e+04
9.123000000000000000e+03
1.832300000000000000e+04
1.716700000000000000e+04
3.525000000000000000e+03
1.028500000000000000e+04
3.741000000000000000e+03
1.604200000000000000e+04
3.718000000000000000e+03
9.622000000000000000e+03
1.489400000000000000e+04
9.845000000000000000e+03
1.809000000000000000e+03
1.572300000000000000e+04
1.713100000000000000e+04
9.610000000000000000e+02
1.815100000000000000e+04
1.730300000000000000e+04
7.266000000000000000e+03
1.581100000000000000e+04
5.861000000000000000e+03
1.848100000000000000e+04
1.826200000000000000e+04
1.509900000000000000e+04
1.613100000000000000e+04
7.968000000000000000e+03
5.188000000000000000e+03
1.697300000000000000e+04
6.294000000000000000e+03
8.920000000000000000e+02
8.036000000000000000e+03
9.897000000000000000e+03
1.145400000000000000e+04
1.434000000000000000e+03
9.810000000000000000e+03
1.085000000000000000e+03
1.741900000000000000e+04
