1.000000000000000000e+01
3.000000000000000000e+00
8.200000000000000000e+01
2.090000000000000000e+02
1.033000000000000000e+03
1.760000000000000000e+02
6.500000000000000000e+01
3.300000000000000000e+02
1.500000000000000000e+02
4.250000000000000000e+02
1.100000000000000000e+02
4.520000000000000000e+02
2.970000000000000000e+02
1.900000000000000000e+02
1.000000000000000000e+00
2.230000000000000000e+02
2.600000000000000000e+01
7.950000000000000000e+02
9.480000000000000000e+02
3.080000000000000000e+02
2.000000000000000000e+02
1.085000000000000000e+03
3.150000000000000000e+02
1.690000000000000000e+03
6.430000000000000000e+02
5.500000000000000000e+01
2.025000000000000000e+03
3.526000000000000000e+03
4.160000000000000000e+02
1.577000000000000000e+03
4.730000000000000000e+02
7.070000000000000000e+02
1.434000000000000000e+03
4.330000000000000000e+02
1.860000000000000000e+02
6.210000000000000000e+02
1.700000000000000000e+01
5.200000000000000000e+01
5.730000000000000000e+02
9.980000000000000000e+02
2.077000000000000000e+03
2.200000000000000000e+03
6.890000000000000000e+02
5.891000000000000000e+03
2.116000000000000000e+03
3.238000000000000000e+03
3.741000000000000000e+03
2.690000000000000000e+03
3.000000000000000000e+01
3.189000000000000000e+03
5.690000000000000000e+02
4.440000000000000000e+02
2.492000000000000000e+03
8.390000000000000000e+02
8.920000000000000000e+02
7.720000000000000000e+02
3.316000000000000000e+03
3.152000000000000000e+03
2.518000000000000000e+03
1.331000000000000000e+03
2.316000000000000000e+03
8.780000000000000000e+02
1.390000000000000000e+03
4.025000000000000000e+03
2.554000000000000000e+03
1.110000000000000000e+03
2.236000000000000000e+03
3.964000000000000000e+03
2.151000000000000000e+03
6.051000000000000000e+03
1.343000000000000000e+03
5.605000000000000000e+03
3.514000000000000000e+03
1.997000000000000000e+03
3.891000000000000000e+03
1.651000000000000000e+03
2.835000000000000000e+03
3.082000000000000000e+03
2.234000000000000000e+03
5.762000000000000000e+03
1.231000000000000000e+03
6.496000000000000000e+03
1.681000000000000000e+03
2.749000000000000000e+03
4.334000000000000000e+03
2.012000000000000000e+03
3.502000000000000000e+03
3.257000000000000000e+03
4.492000000000000000e+03
7.647000000000000000e+03
8.660000000000000000e+02
8.821000000000000000e+03
3.459000000000000000e+03
5.172000000000000000e+03
7.499000000000000000e+03
3.142000000000000000e+03
1.104000000000000000e+03
1.259000000000000000e+03
6.149000000000000000e+03
5.678000000000000000e+03
5.060000000000000000e+03
2.064000000000000000e+03
2.488000000000000000e+03
4.659000000000000000e+03
3.206000000000000000e+03
1.235000000000000000e+03
5.292000000000000000e+03
9.230000000000000000e+02
5.021000000000000000e+03
1.389000000000000000e+03
3.774000000000000000e+03
3.525000000000000000e+03
4.987000000000000000e+03
4.621000000000000000e+03
3.979000000000000000e+03
9.539000000000000000e+03
6.330000000000000000e+03
1.203000000000000000e+03
2.767000000000000000e+03
6.422000000000000000e+03
2.029000000000000000e+03
7.523000000000000000e+03
7.080000000000000000e+03
4.777000000000000000e+03
3.184000000000000000e+03
6.369000000000000000e+03
6.075000000000000000e+03
9.189000000000000000e+03
5.412000000000000000e+03
6.004000000000000000e+03
8.661000000000000000e+03
3.567000000000000000e+03
2.472000000000000000e+03
8.003000000000000000e+03
3.023000000000000000e+03
2.411000000000000000e+03
5.236000000000000000e+03
4.763000000000000000e+03
4.402000000000000000e+03
9.580000000000000000e+02
2.416000000000000000e+03
1.245200000000000000e+04
7.538000000000000000e+03
1.440000000000000000e+03
1.199000000000000000e+03
1.135000000000000000e+03
4.630000000000000000e+03
1.348000000000000000e+03
2.360000000000000000e+02
1.294000000000000000e+03
3.423000000000000000e+03
9.381000000000000000e+03
7.536000000000000000e+03
1.032300000000000000e+04
9.877000000000000000e+03
1.517000000000000000e+03
7.648000000000000000e+03
8.242000000000000000e+03
2.240000000000000000e+02
2.579000000000000000e+03
2.257000000000000000e+03
4.100000000000000000e+03
3.983000000000000000e+03
6.135000000000000000e+03
1.098000000000000000e+03
8.624000000000000000e+03
8.994000000000000000e+03
4.780000000000000000e+02
1.145400000000000000e+04
8.653000000000000000e+03
1.174000000000000000e+03
5.399000000000000000e+03
8.036000000000000000e+03
1.054000000000000000e+03
9.616000000000000000e+03
8.407000000000000000e+03
4.163000000000000000e+03
1.122800000000000000e+04
3.320000000000000000e+03
4.938000000000000000e+03
7.507000000000000000e+03
1.005500000000000000e+04
4.315000000000000000e+03
9.505000000000000000e+03
2.159000000000000000e+03
4.450000000000000000e+02
3.735000000000000000e+03
3.943000000000000000e+03
6.258000000000000000e+03
8.013000000000000000e+03
7.580000000000000000e+02
7.598000000000000000e+03
3.052000000000000000e+03
1.024000000000000000e+04
8.530000000000000000e+03
1.860000000000000000e+03
5.776000000000000000e+03
5.565000000000000000e+03
3.483000000000000000e+03
8.895000000000000000e+03
6.784000000000000000e+03
1.272000000000000000e+03
5.133000000000000000e+03
5.188000000000000000e+03
2.404000000000000000e+03
7.447000000000000000e+03
4.656000000000000000e+03
1.136100000000000000e+04
7.537000000000000000e+03
5.560000000000000000e+02
4.982000000000000000e+03
1.321000000000000000e+03
1.098200000000000000e+04
4.156000000000000000e+03
1.579000000000000000e+03
2.304000000000000000e+03
1.001400000000000000e+04
5.547000000000000000e+03
1.281800000000000000e+04
3.175000000000000000e+03
2.180000000000000000e+03
5.166000000000000000e+03
7.084000000000000000e+03
2.153000000000000000e+03
4.743000000000000000e+03
7.463000000000000000e+03
2.672000000000000000e+03
9.123000000000000000e+03
1.240000000000000000e+02
1.973000000000000000e+03
1.158900000000000000e+04
1.059600000000000000e+04
1.381000000000000000e+03
7.968000000000000000e+03
8.062000000000000000e+03
6.428000000000000000e+03
2.286000000000000000e+03
8.485000000000000000e+03
7.239000000000000000e+03
7.072000000000000000e+03
1.747000000000000000e+03
8.469000000000000000e+03
6.926000000000000000e+03
1.279700000000000000e+04
6.117000000000000000e+03
6.110000000000000000e+03
8.953000000000000000e+03
1.289000000000000000e+03
1.136000000000000000e+04
3.192000000000000000e+03
5.553000000000000000e+03
4.292000000000000000e+03
4.472000000000000000e+03
7.946000000000000000e+03
9.540000000000000000e+03
2.820000000000000000e+02
8.842000000000000000e+03
2.883000000000000000e+03
6.280000000000000000e+03
6.850000000000000000e+03
8.903000000000000000e+03
4.556000000000000000e+03
1.007800000000000000e+04
7.962000000000000000e+03
3.933000000000000000e+03
1.028600000000000000e+04
4.582000000000000000e+03
9.152000000000000000e+03
1.213400000000000000e+04
1.054400000000000000e+04
7.931000000000000000e+03
7.436000000000000000e+03
8.376000000000000000e+03
1.015200000000000000e+04
9.122000000000000000e+03
9.943000000000000000e+03
1.058100000000000000e+04
1.199300000000000000e+04
3.563000000000000000e+03
9.484000000000000000e+03
6.176000000000000000e+03
7.130000000000000000e+02
9.634000000000000000e+03
1.156700000000000000e+04
1.990000000000000000e+03
1.053500000000000000e+04
1.258700000000000000e+04
1.228300000000000000e+04
6.235000000000000000e+03
1.166800000000000000e+04
2.823000000000000000e+03
1.546000000000000000e+04
1.052700000000000000e+04
1.110800000000000000e+04
1.044800000000000000e+04
1.555000000000000000e+03
9.408000000000000000e+03
2.861000000000000000e+03
6.102000000000000000e+03
1.106900000000000000e+04
5.853000000000000000e+03
4.290000000000000000e+02
3.050000000000000000e+03
1.175400000000000000e+04
6.245000000000000000e+03
1.223100000000000000e+04
8.000000000000000000e+03
6.999000000000000000e+03
4.234000000000000000e+03
1.339000000000000000e+03
4.774000000000000000e+03
1.705000000000000000e+03
7.937000000000000000e+03
8.597000000000000000e+03
1.710000000000000000e+03
1.088000000000000000e+03
5.830000000000000000e+02
9.483000000000000000e+03
1.041200000000000000e+04
1.287200000000000000e+04
8.991000000000000000e+03
5.000000000000000000e+02
1.146200000000000000e+04
1.089100000000000000e+04
9.897000000000000000e+03
9.789000000000000000e+03
4.484000000000000000e+03
3.753000000000000000e+03
1.036800000000000000e+04
1.684000000000000000e+03
6.971000000000000000e+03
6.474000000000000000e+03
1.309900000000000000e+04
6.111000000000000000e+03
5.141000000000000000e+03
8.240000000000000000e+02
4.300000000000000000e+03
2.470000000000000000e+02
2.671000000000000000e+03
9.029000000000000000e+03
1.313400000000000000e+04
1.191800000000000000e+04
1.133500000000000000e+04
9.810000000000000000e+03
1.188800000000000000e+04
6.790000000000000000e+03
6.370000000000000000e+02
1.986000000000000000e+03
6.163000000000000000e+03
1.416400000000000000e+04
4.333000000000000000e+03
1.189600000000000000e+04
9.450000000000000000e+02
8.325000000000000000e+03
5.969000000000000000e+03
3.789000000000000000e+03
1.354600000000000000e+04
1.257400000000000000e+04
6.731000000000000000e+03
1.065500000000000000e+04
5.606000000000000000e+03
1.737000000000000000e+03
1.223200000000000000e+04
9.529000000000000000e+03
7.487000000000000000e+03
3.710000000000000000e+03
1.283200000000000000e+04
1.299000000000000000e+03
1.337900000000000000e+04
1.609000000000000000e+04
7.266000000000000000e+03
1.407300000000000000e+04
1.471000000000000000e+03
1.344700000000000000e+04
8.716000000000000000e+03
8.197000000000000000e+03
7.327000000000000000e+03
4.954000000000000000e+03
2.101000000000000000e+03
1.382000000000000000e+04
1.189800000000000000e+04
1.033400000000000000e+04
1.600500000000000000e+04
1.587600000000000000e+04
4.251000000000000000e+03
5.607000000000000000e+03
3.338000000000000000e+03
1.028500000000000000e+04
1.359900000000000000e+04
7.684000000000000000e+03
1.417400000000000000e+04
8.745000000000000000e+03
1.545900000000000000e+04
1.621500000000000000e+04
4.468000000000000000e+03
1.521900000000000000e+04
5.554000000000000000e+03
1.650000000000000000e+03
1.275900000000000000e+04
6.501000000000000000e+03
1.521100000000000000e+04
1.521200000000000000e+04
1.429400000000000000e+04
2.807000000000000000e+03
3.605000000000000000e+03
3.380000000000000000e+03
1.226800000000000000e+04
1.454800000000000000e+04
1.666200000000000000e+04
1.128000000000000000e+04
7.685000000000000000e+03
7.702000000000000000e+03
1.522000000000000000e+04
1.575000000000000000e+03
8.116000000000000000e+03
9.986000000000000000e+03
7.020000000000000000e+02
8.348000000000000000e+03
7.658000000000000000e+03
6.948000000000000000e+03
2.019000000000000000e+03
1.514000000000000000e+03
1.158800000000000000e+04
1.447700000000000000e+04
6.192000000000000000e+03
1.820000000000000000e+02
1.347600000000000000e+04
1.447800000000000000e+04
3.901000000000000000e+03
8.837000000000000000e+03
1.618200000000000000e+04
1.399600000000000000e+04
8.074000000000000000e+03
1.339600000000000000e+04
4.264000000000000000e+03
9.177000000000000000e+03
1.682800000000000000e+04
1.257300000000000000e+04
1.574100000000000000e+04
1.450000000000000000e+02
3.725000000000000000e+03
6.250000000000000000e+02
6.421000000000000000e+03
7.773000000000000000e+03
1.511500000000000000e+04
6.696000000000000000e+03
5.110000000000000000e+03
1.426100000000000000e+04
6.502000000000000000e+03
5.230000000000000000e+03
1.181300000000000000e+04
1.481900000000000000e+04
1.389600000000000000e+04
1.575300000000000000e+04
1.698700000000000000e+04
1.510000000000000000e+04
1.245300000000000000e+04
6.294000000000000000e+03
1.838400000000000000e+04
3.679000000000000000e+03
5.243000000000000000e+03
6.759000000000000000e+03
1.748500000000000000e+04
1.378400000000000000e+04
7.380000000000000000e+03
7.500000000000000000e+03
7.455000000000000000e+03
1.537300000000000000e+04
1.550400000000000000e+04
7.972000000000000000e+03
1.247300000000000000e+04
3.620000000000000000e+02
1.359800000000000000e+04
7.672000000000000000e+03
9.853000000000000000e+03
5.170000000000000000e+02
1.630000000000000000e+03
5.103000000000000000e+03
1.654400000000000000e+04
1.775300000000000000e+04
9.091000000000000000e+03
7.792000000000000000e+03
2.426000000000000000e+03
3.046000000000000000e+03
4.101000000000000000e+03
1.697400000000000000e+04
1.146700000000000000e+04
5.102000000000000000e+03
1.093200000000000000e+04
1.176000000000000000e+03
1.782900000000000000e+04
1.109300000000000000e+04
8.849000000000000000e+03
1.338000000000000000e+04
3.975000000000000000e+03
3.622000000000000000e+03
3.900000000000000000e+03
1.536300000000000000e+04
5.276000000000000000e+03
1.162000000000000000e+04
1.779600000000000000e+04
1.829300000000000000e+04
1.119000000000000000e+03
1.777300000000000000e+04
2.241000000000000000e+03
1.690900000000000000e+04
1.287300000000000000e+04
9.150000000000000000e+02
1.473700000000000000e+04
1.818300000000000000e+04
5.020000000000000000e+02
6.134000000000000000e+03
1.366600000000000000e+04
1.024900000000000000e+04
9.315000000000000000e+03
2.130000000000000000e+02
2.076000000000000000e+03
1.207100000000000000e+04
1.347400000000000000e+04
9.885000000000000000e+03
8.181000000000000000e+03
3.609000000000000000e+03
1.367700000000000000e+04
1.776400000000000000e+04
1.098100000000000000e+04
3.531000000000000000e+03
1.186600000000000000e+04
1.555500000000000000e+04
1.152800000000000000e+04
9.160000000000000000e+03
3.713000000000000000e+03
2.062000000000000000e+03
1.815200000000000000e+04
1.824200000000000000e+04
1.808500000000000000e+04
4.832000000000000000e+03
7.841000000000000000e+03
1.568600000000000000e+04
7.368000000000000000e+03
1.733000000000000000e+03
9.956000000000000000e+03
1.252700000000000000e+04
1.676800000000000000e+04
1.489500000000000000e+04
1.814000000000000000e+04
8.122000000000000000e+03
6.664000000000000000e+03
1.035700000000000000e+04
2.937000000000000000e+03
1.137200000000000000e+04
1.189700000000000000e+04
1.319700000000000000e+04
4.747000000000000000e+03
7.813000000000000000e+03
5.581000000000000000e+03
1.336000000000000000e+03
2.505000000000000000e+03
1.127300000000000000e+04
9.640000000000000000e+02
1.744600000000000000e+04
4.100000000000000000e+01
1.075200000000000000e+04
5.020000000000000000e+03
7.021000000000000000e+03
1.450100000000000000e+04
9.497000000000000000e+03
1.813900000000000000e+04
1.108100000000000000e+04
1.388700000000000000e+04
1.382000000000000000e+03
6.312000000000000000e+03
8.945000000000000000e+03
1.428000000000000000e+04
1.503400000000000000e+04
8.990000000000000000e+02
