3.000000000000000000e+00
1.000000000000000000e+00
1.700000000000000000e+01
5.500000000000000000e+01
1.000000000000000000e+01
4.010000000000000000e+02
2.130000000000000000e+02
1.100000000000000000e+02
1.350000000000000000e+03
6.500000000000000000e+01
5.690000000000000000e+02
5.200000000000000000e+01
1.860000000000000000e+02
4.450000000000000000e+02
3.150000000000000000e+02
3.100000000000000000e+02
1.550000000000000000e+02
2.339000000000000000e+03
1.488000000000000000e+03
4.780000000000000000e+02
1.070000000000000000e+03
1.119000000000000000e+03
1.054000000000000000e+03
1.820000000000000000e+02
8.990000000000000000e+02
6.050000000000000000e+02
2.470000000000000000e+02
3.340000000000000000e+02
8.240000000000000000e+02
5.000000000000000000e+02
1.259000000000000000e+03
1.135000000000000000e+03
1.114000000000000000e+03
4.330000000000000000e+02
8.920000000000000000e+02
1.575000000000000000e+03
9.230000000000000000e+02
1.358000000000000000e+03
2.309000000000000000e+03
1.500000000000000000e+02
2.505000000000000000e+03
1.382000000000000000e+03
2.193000000000000000e+03
2.153000000000000000e+03
1.339000000000000000e+03
1.289000000000000000e+03
2.807000000000000000e+03
3.725000000000000000e+03
1.900000000000000000e+02
2.520000000000000000e+03
1.336000000000000000e+03
1.652000000000000000e+03
5.717000000000000000e+03
2.702000000000000000e+03
2.537000000000000000e+03
1.331000000000000000e+03
3.499000000000000000e+03
2.401000000000000000e+03
1.241000000000000000e+03
5.100000000000000000e+01
2.411000000000000000e+03
3.760000000000000000e+02
1.840000000000000000e+02
1.747000000000000000e+03
3.830000000000000000e+02
1.174000000000000000e+03
2.493000000000000000e+03
3.531000000000000000e+03
4.144000000000000000e+03
1.011000000000000000e+03
4.996000000000000000e+03
2.672000000000000000e+03
1.389000000000000000e+03
2.304000000000000000e+03
7.094000000000000000e+03
5.231000000000000000e+03
1.294000000000000000e+03
9.870000000000000000e+02
3.895000000000000000e+03
1.973000000000000000e+03
3.720000000000000000e+02
1.997000000000000000e+03
1.860000000000000000e+03
1.450000000000000000e+02
3.027000000000000000e+03
3.563000000000000000e+03
1.321000000000000000e+03
1.555000000000000000e+03
1.104000000000000000e+03
7.055000000000000000e+03
1.800000000000000000e+01
1.272000000000000000e+03
6.634000000000000000e+03
5.429000000000000000e+03
2.286000000000000000e+03
4.578000000000000000e+03
3.080000000000000000e+02
3.191000000000000000e+03
2.775000000000000000e+03
3.192000000000000000e+03
3.046000000000000000e+03
1.379000000000000000e+03
3.471000000000000000e+03
8.390000000000000000e+02
1.160000000000000000e+03
5.150000000000000000e+03
4.160000000000000000e+02
3.975000000000000000e+03
3.023000000000000000e+03
1.338000000000000000e+03
4.747000000000000000e+03
4.832000000000000000e+03
5.243000000000000000e+03
4.716000000000000000e+03
3.052000000000000000e+03
6.759000000000000000e+03
2.048000000000000000e+03
5.581000000000000000e+03
3.102000000000000000e+03
5.770000000000000000e+02
6.815000000000000000e+03
5.730000000000000000e+02
1.471000000000000000e+03
9.980000000000000000e+02
8.798000000000000000e+03
4.752000000000000000e+03
2.257000000000000000e+03
2.784000000000000000e+03
4.774000000000000000e+03
5.606000000000000000e+03
5.892000000000000000e+03
6.183000000000000000e+03
8.750000000000000000e+02
7.501000000000000000e+03
7.202000000000000000e+03
1.390000000000000000e+03
8.925000000000000000e+03
4.276000000000000000e+03
1.651000000000000000e+03
8.057000000000000000e+03
5.357000000000000000e+03
4.582000000000000000e+03
5.079000000000000000e+03
5.969000000000000000e+03
7.369000000000000000e+03
6.916000000000000000e+03
9.124000000000000000e+03
6.703000000000000000e+03
2.749000000000000000e+03
6.664000000000000000e+03
2.240000000000000000e+02
5.991000000000000000e+03
4.942000000000000000e+03
1.110000000000000000e+03
2.488000000000000000e+03
5.905000000000000000e+03
5.375000000000000000e+03
1.684000000000000000e+03
1.856000000000000000e+03
1.042000000000000000e+04
1.095300000000000000e+04
8.364000000000000000e+03
1.517000000000000000e+03
3.370000000000000000e+03
7.623000000000000000e+03
9.160000000000000000e+03
4.472000000000000000e+03
7.518000000000000000e+03
7.424000000000000000e+03
7.672000000000000000e+03
1.760000000000000000e+02
4.251000000000000000e+03
1.628000000000000000e+03
2.565000000000000000e+03
5.232000000000000000e+03
2.159000000000000000e+03
1.204000000000000000e+03
7.550000000000000000e+03
5.761000000000000000e+03
3.142000000000000000e+03
1.681000000000000000e+03
5.276000000000000000e+03
9.229000000000000000e+03
3.679000000000000000e+03
3.770000000000000000e+03
6.503000000000000000e+03
9.139000000000000000e+03
5.288000000000000000e+03
3.882000000000000000e+03
1.235000000000000000e+03
7.268000000000000000e+03
2.236000000000000000e+03
4.264000000000000000e+03
7.685000000000000000e+03
6.502000000000000000e+03
8.780000000000000000e+02
1.710000000000000000e+03
5.607000000000000000e+03
9.858000000000000000e+03
9.860000000000000000e+03
4.551000000000000000e+03
9.960000000000000000e+03
1.987000000000000000e+03
5.829000000000000000e+03
9.535000000000000000e+03
5.554000000000000000e+03
3.254000000000000000e+03
4.803000000000000000e+03
8.697000000000000000e+03
1.753000000000000000e+03
1.813000000000000000e+03
4.954000000000000000e+03
9.073000000000000000e+03
6.154000000000000000e+03
7.972000000000000000e+03
3.539000000000000000e+03
4.408000000000000000e+03
8.363000000000000000e+03
3.184000000000000000e+03
8.438000000000000000e+03
4.440000000000000000e+02
7.070000000000000000e+02
5.553000000000000000e+03
9.763000000000000000e+03
1.974000000000000000e+03
6.927000000000000000e+03
8.911000000000000000e+03
6.065000000000000000e+03
1.287400000000000000e+04
9.106000000000000000e+03
3.320000000000000000e+03
3.459000000000000000e+03
6.430000000000000000e+02
7.508000000000000000e+03
1.076600000000000000e+04
4.344000000000000000e+03
6.865000000000000000e+03
4.006000000000000000e+03
9.359000000000000000e+03
6.163000000000000000e+03
7.455000000000000000e+03
4.080000000000000000e+03
5.230000000000000000e+03
1.682000000000000000e+03
4.293000000000000000e+03
5.853000000000000000e+03
4.082000000000000000e+03
1.067000000000000000e+04
5.856000000000000000e+03
8.849000000000000000e+03
6.722000000000000000e+03
1.167200000000000000e+04
5.133000000000000000e+03
7.327000000000000000e+03
8.573000000000000000e+03
1.011700000000000000e+04
1.194900000000000000e+04
8.850000000000000000e+03
3.901000000000000000e+03
5.527000000000000000e+03
3.968000000000000000e+03
1.620000000000000000e+03
3.933000000000000000e+03
8.804000000000000000e+03
2.706000000000000000e+03
7.616000000000000000e+03
6.294000000000000000e+03
3.567000000000000000e+03
1.173800000000000000e+04
8.067000000000000000e+03
9.098000000000000000e+03
1.141000000000000000e+04
4.461000000000000000e+03
4.836000000000000000e+03
7.267000000000000000e+03
1.187600000000000000e+04
2.823000000000000000e+03
7.792000000000000000e+03
3.225000000000000000e+03
7.500000000000000000e+03
4.630000000000000000e+03
1.262800000000000000e+04
5.298000000000000000e+03
5.022000000000000000e+03
2.234000000000000000e+03
3.300000000000000000e+02
8.945000000000000000e+03
3.300000000000000000e+03
4.696000000000000000e+03
1.109300000000000000e+04
7.380000000000000000e+03
6.948000000000000000e+03
7.841000000000000000e+03
8.122000000000000000e+03
6.978000000000000000e+03
4.278000000000000000e+03
2.404000000000000000e+03
1.207200000000000000e+04
1.193000000000000000e+04
6.411000000000000000e+03
7.914000000000000000e+03
9.590000000000000000e+03
9.315000000000000000e+03
1.138800000000000000e+04
7.239000000000000000e+03
9.276000000000000000e+03
1.193100000000000000e+04
8.917000000000000000e+03
1.315100000000000000e+04
1.122900000000000000e+04
1.322000000000000000e+03
1.531000000000000000e+03
9.040000000000000000e+03
3.483000000000000000e+03
1.228400000000000000e+04
6.184000000000000000e+03
9.796000000000000000e+03
6.192000000000000000e+03
6.117000000000000000e+03
9.986000000000000000e+03
4.621000000000000000e+03
2.316000000000000000e+03
1.461000000000000000e+04
6.864000000000000000e+03
3.589000000000000000e+03
3.992000000000000000e+03
1.365800000000000000e+04
6.004000000000000000e+03
7.962000000000000000e+03
1.223300000000000000e+04
9.177000000000000000e+03
1.758000000000000000e+03
1.475700000000000000e+04
1.415200000000000000e+04
1.123000000000000000e+04
6.313000000000000000e+03
6.412000000000000000e+03
6.609000000000000000e+03
6.236000000000000000e+03
1.127300000000000000e+04
8.092000000000000000e+03
3.525000000000000000e+03
1.131500000000000000e+04
1.565000000000000000e+03
1.075300000000000000e+04
1.283300000000000000e+04
1.356000000000000000e+04
1.129700000000000000e+04
1.517300000000000000e+04
1.146700000000000000e+04
4.656000000000000000e+03
1.607300000000000000e+04
5.080000000000000000e+02
1.077400000000000000e+04
5.486000000000000000e+03
6.790000000000000000e+03
8.074000000000000000e+03
1.182100000000000000e+04
1.550500000000000000e+04
1.371100000000000000e+04
8.842000000000000000e+03
1.580100000000000000e+04
1.462500000000000000e+04
1.529000000000000000e+04
1.385400000000000000e+04
1.354700000000000000e+04
6.428000000000000000e+03
6.120000000000000000e+03
1.532100000000000000e+04
1.365700000000000000e+04
1.672000000000000000e+03
1.128000000000000000e+04
1.714900000000000000e+04
1.154800000000000000e+04
5.899000000000000000e+03
7.080000000000000000e+03
9.485000000000000000e+03
1.359500000000000000e+04
1.690200000000000000e+04
6.210000000000000000e+02
1.795000000000000000e+04
1.441100000000000000e+04
6.258000000000000000e+03
2.970000000000000000e+02
8.485000000000000000e+03
7.487000000000000000e+03
1.247300000000000000e+04
1.385500000000000000e+04
6.177000000000000000e+03
8.197000000000000000e+03
1.366700000000000000e+04
1.070400000000000000e+04
9.002000000000000000e+03
2.400000000000000000e+02
1.478700000000000000e+04
8.789000000000000000e+03
5.166000000000000000e+03
8.991000000000000000e+03
2.554000000000000000e+03
1.372700000000000000e+04
7.813000000000000000e+03
1.418700000000000000e+04
1.342700000000000000e+04
4.478000000000000000e+03
7.537000000000000000e+03
1.186600000000000000e+04
1.428000000000000000e+04
6.176000000000000000e+03
1.652200000000000000e+04
1.503400000000000000e+04
1.780000000000000000e+02
5.358000000000000000e+03
4.825000000000000000e+03
9.640000000000000000e+02
4.468000000000000000e+03
1.261600000000000000e+04
1.549600000000000000e+04
4.506000000000000000e+03
9.853000000000000000e+03
9.029000000000000000e+03
8.597000000000000000e+03
2.472000000000000000e+03
1.512900000000000000e+04
1.339700000000000000e+04
1.140000000000000000e+02
3.856000000000000000e+03
1.609100000000000000e+04
1.105200000000000000e+04
3.493000000000000000e+03
1.287300000000000000e+04
4.449000000000000000e+03
3.276000000000000000e+03
6.890000000000000000e+02
1.181300000000000000e+04
4.381000000000000000e+03
2.077000000000000000e+03
7.436000000000000000e+03
1.524800000000000000e+04
2.010000000000000000e+03
2.200000000000000000e+03
8.376000000000000000e+03
1.450200000000000000e+04
1.319700000000000000e+04
1.590000000000000000e+04
1.664200000000000000e+04
1.094000000000000000e+03
1.243700000000000000e+04
1.585000000000000000e+04
1.162000000000000000e+04
4.946000000000000000e+03
3.506000000000000000e+03
1.686800000000000000e+04
1.623200000000000000e+04
1.269400000000000000e+04
7.188000000000000000e+03
1.245300000000000000e+04
1.635400000000000000e+04
9.859000000000000000e+03
5.727000000000000000e+03
2.792000000000000000e+03
3.514000000000000000e+03
1.108100000000000000e+04
1.085000000000000000e+03
7.072000000000000000e+03
1.245400000000000000e+04
1.610200000000000000e+04
2.059000000000000000e+03
2.090000000000000000e+02
6.312000000000000000e+03
1.716800000000000000e+04
1.600600000000000000e+04
5.430000000000000000e+03
4.659000000000000000e+03
6.280000000000000000e+03
1.656300000000000000e+04
1.529100000000000000e+04
1.363400000000000000e+04
9.634000000000000000e+03
1.736000000000000000e+04
1.223100000000000000e+04
8.000000000000000000e+03
1.499700000000000000e+04
3.610000000000000000e+03
7.575000000000000000e+03
7.509000000000000000e+03
1.721200000000000000e+04
8.408000000000000000e+03
2.000000000000000000e+02
7.931000000000000000e+03
6.377000000000000000e+03
1.327200000000000000e+04
2.029000000000000000e+03
9.189000000000000000e+03
6.235000000000000000e+03
4.312000000000000000e+03
1.378500000000000000e+04
1.602600000000000000e+04
2.393000000000000000e+03
1.344800000000000000e+04
6.641000000000000000e+03
1.643000000000000000e+04
2.883000000000000000e+03
1.015200000000000000e+04
1.133500000000000000e+04
9.358000000000000000e+03
4.113000000000000000e+03
1.445900000000000000e+04
1.230100000000000000e+04
8.332000000000000000e+03
4.202000000000000000e+03
1.157800000000000000e+04
1.770000000000000000e+03
1.350300000000000000e+04
4.163000000000000000e+03
4.763000000000000000e+03
1.810300000000000000e+04
2.953000000000000000e+03
1.470800000000000000e+04
1.664300000000000000e+04
1.821900000000000000e+04
1.805300000000000000e+04
8.260000000000000000e+03
1.763800000000000000e+04
6.985000000000000000e+03
3.979000000000000000e+03
8.116000000000000000e+03
9.091000000000000000e+03
1.329600000000000000e+04
1.817200000000000000e+04
1.369100000000000000e+04
1.549700000000000000e+04
6.043000000000000000e+03
8.888000000000000000e+03
1.023000000000000000e+03
1.033500000000000000e+04
2.820000000000000000e+02
3.502000000000000000e+03
1.536400000000000000e+04
1.300400000000000000e+04
4.242000000000000000e+03
7.576000000000000000e+03
8.965000000000000000e+03
2.180000000000000000e+03
1.257300000000000000e+04
1.837400000000000000e+04
7.200000000000000000e+01
1.264000000000000000e+03
7.946000000000000000e+03
7.084000000000000000e+03
7.702000000000000000e+03
1.415300000000000000e+04
1.744600000000000000e+04
1.231000000000000000e+03
1.257400000000000000e+04
1.106900000000000000e+04
1.486300000000000000e+04
1.581200000000000000e+04
6.323000000000000000e+03
1.440000000000000000e+03
5.565000000000000000e+03
7.310000000000000000e+02
5.618000000000000000e+03
4.405000000000000000e+03
3.037000000000000000e+03
1.205000000000000000e+04
2.492000000000000000e+03
3.238000000000000000e+03
1.359900000000000000e+04
1.225700000000000000e+04
1.564000000000000000e+03
9.689000000000000000e+03
9.944000000000000000e+03
9.122000000000000000e+03
8.953000000000000000e+03
1.065500000000000000e+04
1.843900000000000000e+04
1.523500000000000000e+04
7.475000000000000000e+03
9.830000000000000000e+02
3.611000000000000000e+03
4.887000000000000000e+03
6.779000000000000000e+03
5.159000000000000000e+03
6.972000000000000000e+03
9.660000000000000000e+02
1.343000000000000000e+03
8.903000000000000000e+03
2.518000000000000000e+03
1.454000000000000000e+03
1.173900000000000000e+04
1.572400000000000000e+04
1.202300000000000000e+04
1.819700000000000000e+04
1.226900000000000000e+04
2.258000000000000000e+03
2.333000000000000000e+03
4.681000000000000000e+03
4.567000000000000000e+03
6.900000000000000000e+01
1.514200000000000000e+04
