1.000000000000000000e+00
5.100000000000000000e+01
1.550000000000000000e+02
1.700000000000000000e+01
2.470000000000000000e+02
1.800000000000000000e+01
3.340000000000000000e+02
4.010000000000000000e+02
6.050000000000000000e+02
3.100000000000000000e+02
1.011000000000000000e+03
1.628000000000000000e+03
1.160000000000000000e+03
3.760000000000000000e+02
3.856000000000000000e+03
2.130000000000000000e+02
5.770000000000000000e+02
2.784000000000000000e+03
1.241000000000000000e+03
1.565000000000000000e+03
9.870000000000000000e+02
5.500000000000000000e+01
2.193000000000000000e+03
1.070000000000000000e+03
4.681000000000000000e+03
1.114000000000000000e+03
3.000000000000000000e+00
2.565000000000000000e+03
4.450000000000000000e+02
3.300000000000000000e+03
6.900000000000000000e+01
3.720000000000000000e+02
1.350000000000000000e+03
8.240000000000000000e+02
3.830000000000000000e+02
1.119000000000000000e+03
8.990000000000000000e+02
4.006000000000000000e+03
1.000000000000000000e+01
1.382000000000000000e+03
1.450000000000000000e+02
1.339000000000000000e+03
2.059000000000000000e+03
3.191000000000000000e+03
1.620000000000000000e+03
1.820000000000000000e+02
2.537000000000000000e+03
1.710000000000000000e+03
1.856000000000000000e+03
1.322000000000000000e+03
3.992000000000000000e+03
2.309000000000000000e+03
9.230000000000000000e+02
6.500000000000000000e+01
1.974000000000000000e+03
1.770000000000000000e+03
5.080000000000000000e+02
1.753000000000000000e+03
3.027000000000000000e+03
5.022000000000000000e+03
3.102000000000000000e+03
1.379000000000000000e+03
4.803000000000000000e+03
8.750000000000000000e+02
6.270000000000000000e+02
5.376000000000000000e+03
7.310000000000000000e+02
2.775000000000000000e+03
6.154000000000000000e+03
9.830000000000000000e+02
1.840000000000000000e+02
2.702000000000000000e+03
2.159000000000000000e+03
1.531000000000000000e+03
4.836000000000000000e+03
1.758000000000000000e+03
4.780000000000000000e+02
5.357000000000000000e+03
4.082000000000000000e+03
1.310000000000000000e+02
1.517000000000000000e+03
2.493000000000000000e+03
1.321000000000000000e+03
3.589000000000000000e+03
3.895000000000000000e+03
3.254000000000000000e+03
1.174000000000000000e+03
4.942000000000000000e+03
5.000000000000000000e+02
1.652000000000000000e+03
3.370000000000000000e+03
2.792000000000000000e+03
6.220000000000000000e+02
4.449000000000000000e+03
2.258000000000000000e+03
5.394000000000000000e+03
1.813000000000000000e+03
5.232000000000000000e+03
1.284000000000000000e+03
3.610000000000000000e+03
3.539000000000000000e+03
7.576000000000000000e+03
1.682000000000000000e+03
5.079000000000000000e+03
3.276000000000000000e+03
7.200000000000000000e+01
1.100000000000000000e+02
4.946000000000000000e+03
1.092500000000000000e+04
2.257000000000000000e+03
5.288000000000000000e+03
1.094000000000000000e+03
1.555000000000000000e+03
4.551000000000000000e+03
1.780000000000000000e+02
5.150000000000000000e+03
1.860000000000000000e+02
4.461000000000000000e+03
4.276000000000000000e+03
3.770000000000000000e+03
4.080000000000000000e+03
2.048000000000000000e+03
7.509000000000000000e+03
1.289000000000000000e+03
5.430000000000000000e+03
4.344000000000000000e+03
3.611000000000000000e+03
1.070800000000000000e+04
4.278000000000000000e+03
2.706000000000000000e+03
3.037000000000000000e+03
1.358000000000000000e+03
4.242000000000000000e+03
6.323000000000000000e+03
5.856000000000000000e+03
6.065000000000000000e+03
6.313000000000000000e+03
3.968000000000000000e+03
7.590000000000000000e+02
4.408000000000000000e+03
3.679000000000000000e+03
4.113000000000000000e+03
2.400000000000000000e+02
3.532000000000000000e+03
7.914000000000000000e+03
4.345000000000000000e+03
4.696000000000000000e+03
4.102000000000000000e+03
3.882000000000000000e+03
1.089000000000000000e+03
4.716000000000000000e+03
3.780000000000000000e+02
1.264000000000000000e+03
6.641000000000000000e+03
5.486000000000000000e+03
2.401000000000000000e+03
1.140000000000000000e+02
5.829000000000000000e+03
5.618000000000000000e+03
4.774000000000000000e+03
2.823000000000000000e+03
1.054000000000000000e+03
4.312000000000000000e+03
2.304000000000000000e+03
1.336000000000000000e+03
8.789000000000000000e+03
2.404000000000000000e+03
1.235000000000000000e+03
1.575000000000000000e+03
2.010000000000000000e+03
6.709000000000000000e+03
1.338000000000000000e+03
6.120000000000000000e+03
4.405000000000000000e+03
1.454000000000000000e+03
6.377000000000000000e+03
9.002000000000000000e+03
3.320000000000000000e+03
4.381000000000000000e+03
8.888000000000000000e+03
6.184000000000000000e+03
6.865000000000000000e+03
6.978000000000000000e+03
1.564000000000000000e+03
3.192000000000000000e+03
8.092000000000000000e+03
3.493000000000000000e+03
6.972000000000000000e+03
1.973000000000000000e+03
8.067000000000000000e+03
4.752000000000000000e+03
4.557000000000000000e+03
2.520000000000000000e+03
4.567000000000000000e+03
7.202000000000000000e+03
4.478000000000000000e+03
1.672000000000000000e+03
6.985000000000000000e+03
2.393000000000000000e+03
5.905000000000000000e+03
4.202000000000000000e+03
9.098000000000000000e+03
1.084300000000000000e+04
9.549000000000000000e+03
1.098300000000000000e+04
7.475000000000000000e+03
2.249000000000000000e+03
3.225000000000000000e+03
9.608000000000000000e+03
6.503000000000000000e+03
7.508000000000000000e+03
4.961000000000000000e+03
5.892000000000000000e+03
7.424000000000000000e+03
5.243000000000000000e+03
7.550000000000000000e+03
9.358000000000000000e+03
8.390000000000000000e+02
8.428000000000000000e+03
5.230000000000000000e+03
6.236000000000000000e+03
9.040000000000000000e+03
6.183000000000000000e+03
3.506000000000000000e+03
2.333000000000000000e+03
4.825000000000000000e+03
1.154800000000000000e+04
9.125000000000000000e+03
4.887000000000000000e+03
1.747000000000000000e+03
8.260000000000000000e+03
3.656000000000000000e+03
1.269500000000000000e+04
9.073000000000000000e+03
4.578000000000000000e+03
6.722000000000000000e+03
3.933000000000000000e+03
1.173900000000000000e+04
7.188000000000000000e+03
5.429000000000000000e+03
8.850000000000000000e+03
7.267000000000000000e+03
4.144000000000000000e+03
8.408000000000000000e+03
4.747000000000000000e+03
5.646000000000000000e+03
1.316500000000000000e+04
6.163000000000000000e+03
1.104000000000000000e+03
5.581000000000000000e+03
8.911000000000000000e+03
7.575000000000000000e+03
6.411000000000000000e+03
5.527000000000000000e+03
3.471000000000000000e+03
1.070400000000000000e+04
8.932000000000000000e+03
2.672000000000000000e+03
9.859000000000000000e+03
6.884000000000000000e+03
3.703000000000000000e+03
5.298000000000000000e+03
5.899000000000000000e+03
3.499000000000000000e+03
2.132000000000000000e+03
1.390000000000000000e+03
1.113300000000000000e+04
6.429000000000000000e+03
6.703000000000000000e+03
1.184400000000000000e+04
8.150000000000000000e+03
1.415300000000000000e+04
1.135000000000000000e+03
7.369000000000000000e+03
3.901000000000000000e+03
5.690000000000000000e+02
1.204000000000000000e+03
6.043000000000000000e+03
6.877000000000000000e+03
1.684000000000000000e+03
4.251000000000000000e+03
5.991000000000000000e+03
1.225700000000000000e+04
1.023000000000000000e+03
9.106000000000000000e+03
1.141100000000000000e+04
6.927000000000000000e+03
6.664000000000000000e+03
1.033500000000000000e+04
6.948000000000000000e+03
7.616000000000000000e+03
2.153000000000000000e+03
7.623000000000000000e+03
5.727000000000000000e+03
1.269400000000000000e+04
6.916000000000000000e+03
5.375000000000000000e+03
1.005600000000000000e+04
6.779000000000000000e+03
6.412000000000000000e+03
1.294000000000000000e+03
4.293000000000000000e+03
5.159000000000000000e+03
4.726000000000000000e+03
5.200000000000000000e+01
8.363000000000000000e+03
7.240000000000000000e+03
9.944000000000000000e+03
5.841000000000000000e+03
9.276000000000000000e+03
7.613000000000000000e+03
5.166000000000000000e+03
4.472000000000000000e+03
9.957000000000000000e+03
4.229000000000000000e+03
1.157700000000000000e+04
8.332000000000000000e+03
1.122900000000000000e+04
2.953000000000000000e+03
9.590000000000000000e+03
4.832000000000000000e+03
1.352200000000000000e+04
3.150000000000000000e+02
1.987000000000000000e+03
8.057000000000000000e+03
1.123000000000000000e+04
8.364000000000000000e+03
6.177000000000000000e+03
9.689000000000000000e+03
1.226900000000000000e+04
1.105200000000000000e+04
6.609000000000000000e+03
3.046000000000000000e+03
2.234000000000000000e+03
5.231000000000000000e+03
1.230100000000000000e+04
8.567000000000000000e+03
1.205000000000000000e+04
7.702000000000000000e+03
1.472000000000000000e+04
1.378500000000000000e+04
6.913000000000000000e+03
8.197000000000000000e+03
6.312000000000000000e+03
7.672000000000000000e+03
1.369100000000000000e+04
1.486300000000000000e+04
1.540700000000000000e+04
1.243700000000000000e+04
6.864000000000000000e+03
7.055000000000000000e+03
1.319800000000000000e+04
5.761000000000000000e+03
9.763000000000000000e+03
7.685000000000000000e+03
1.011700000000000000e+04
9.485000000000000000e+03
1.363300000000000000e+04
1.096200000000000000e+04
2.807000000000000000e+03
1.876000000000000000e+03
3.305000000000000000e+03
9.960000000000000000e+03
1.261600000000000000e+04
1.127300000000000000e+04
1.514200000000000000e+04
7.094000000000000000e+03
1.157800000000000000e+04
1.651000000000000000e+03
1.169800000000000000e+04
1.544300000000000000e+04
8.965000000000000000e+03
1.344800000000000000e+04
6.912000000000000000e+03
1.023300000000000000e+04
1.202300000000000000e+04
3.677000000000000000e+03
4.160000000000000000e+02
1.489600000000000000e+04
8.697000000000000000e+03
1.401100000000000000e+04
4.164000000000000000e+03
2.864000000000000000e+03
1.691000000000000000e+04
1.581200000000000000e+04
1.410200000000000000e+04
1.331000000000000000e+03
6.759000000000000000e+03
5.869000000000000000e+03
1.014100000000000000e+04
3.563000000000000000e+03
1.488000000000000000e+03
1.523500000000000000e+04
5.718000000000000000e+03
7.302000000000000000e+03
1.327200000000000000e+04
4.348000000000000000e+03
3.052000000000000000e+03
1.300400000000000000e+04
1.445900000000000000e+04
7.924000000000000000e+03
8.438000000000000000e+03
1.742000000000000000e+03
9.198000000000000000e+03
8.349000000000000000e+03
4.855000000000000000e+03
5.358000000000000000e+03
2.505000000000000000e+03
1.354700000000000000e+04
1.285900000000000000e+04
1.084200000000000000e+04
4.506000000000000000e+03
1.997000000000000000e+03
7.380000000000000000e+03
3.080000000000000000e+02
1.002000000000000000e+04
1.068400000000000000e+04
8.074000000000000000e+03
5.607000000000000000e+03
1.141000000000000000e+04
1.701200000000000000e+04
1.363400000000000000e+04
2.351000000000000000e+03
6.428000000000000000e+03
9.860000000000000000e+03
1.173800000000000000e+04
1.624200000000000000e+04
5.987000000000000000e+03
2.240000000000000000e+02
1.500000000000000000e+02
7.700000000000000000e+02
1.108200000000000000e+04
9.660000000000000000e+02
9.177000000000000000e+03
4.441000000000000000e+03
1.076700000000000000e+04
1.900000000000000000e+02
1.272000000000000000e+03
1.077400000000000000e+04
1.385500000000000000e+04
9.456000000000000000e+03
1.586700000000000000e+04
3.023000000000000000e+03
3.725000000000000000e+03
4.264000000000000000e+03
1.371100000000000000e+04
4.357000000000000000e+03
1.223300000000000000e+04
3.184000000000000000e+03
1.531700000000000000e+04
2.286000000000000000e+03
4.081000000000000000e+03
8.851000000000000000e+03
1.582700000000000000e+04
1.207200000000000000e+04
7.330000000000000000e+02
8.780000000000000000e+02
1.470800000000000000e+04
1.529100000000000000e+04
1.549700000000000000e+04
1.585000000000000000e+04
9.139000000000000000e+03
1.602600000000000000e+04
1.484400000000000000e+04
1.350300000000000000e+04
1.110000000000000000e+03
9.980000000000000000e+02
1.182100000000000000e+04
1.190000000000000000e+03
9.124000000000000000e+03
1.572400000000000000e+04
1.193000000000000000e+04
5.695000000000000000e+03
1.242700000000000000e+04
1.446000000000000000e+04
1.359500000000000000e+04
7.455000000000000000e+03
1.385400000000000000e+04
5.730000000000000000e+02
1.623200000000000000e+04
3.714000000000000000e+03
5.431000000000000000e+03
9.640000000000000000e+02
3.975000000000000000e+03
7.501000000000000000e+03
1.600600000000000000e+04
9.409000000000000000e+03
1.610300000000000000e+04
1.765300000000000000e+04
1.372700000000000000e+04
1.389000000000000000e+03
8.798000000000000000e+03
9.796000000000000000e+03
1.287400000000000000e+04
3.647000000000000000e+03
3.591000000000000000e+03
3.997000000000000000e+03
1.102600000000000000e+04
6.100000000000000000e+01
1.124000000000000000e+03
7.327000000000000000e+03
7.228000000000000000e+03
1.234700000000000000e+04
7.972000000000000000e+03
1.664300000000000000e+04
1.441100000000000000e+04
5.717000000000000000e+03
1.751500000000000000e+04
1.732000000000000000e+04
1.478800000000000000e+04
1.586000000000000000e+03
1.635400000000000000e+04
4.996000000000000000e+03
6.464000000000000000e+03
7.703000000000000000e+03
9.574000000000000000e+03
5.276000000000000000e+03
7.239000000000000000e+03
1.610200000000000000e+04
1.860000000000000000e+03
1.800600000000000000e+04
1.971000000000000000e+03
1.538000000000000000e+04
4.850000000000000000e+03
6.553000000000000000e+03
6.502000000000000000e+03
1.415200000000000000e+04
1.193100000000000000e+04
8.175000000000000000e+03
4.330000000000000000e+02
1.128000000000000000e+04
1.512900000000000000e+04
1.736000000000000000e+04
1.808600000000000000e+04
1.718000000000000000e+03
7.614000000000000000e+03
7.334000000000000000e+03
1.744600000000000000e+04
8.573000000000000000e+03
8.917000000000000000e+03
1.819700000000000000e+04
1.245500000000000000e+04
1.805300000000000000e+04
1.142700000000000000e+04
6.353000000000000000e+03
3.998000000000000000e+03
7.792000000000000000e+03
5.024000000000000000e+03
1.042100000000000000e+04
7.640000000000000000e+03
9.890000000000000000e+02
2.411000000000000000e+03
6.815000000000000000e+03
1.503400000000000000e+04
1.819600000000000000e+04
2.690000000000000000e+02
2.036000000000000000e+03
1.471000000000000000e+03
3.502000000000000000e+03
7.500000000000000000e+03
4.954000000000000000e+03
1.339700000000000000e+04
1.810400000000000000e+04
9.211000000000000000e+03
8.945000000000000000e+03
9.858000000000000000e+03
1.356000000000000000e+04
7.860000000000000000e+02
9.886000000000000000e+03
8.805000000000000000e+03
1.322200000000000000e+04
1.036000000000000000e+04
1.428000000000000000e+04
1.067000000000000000e+04
1.721200000000000000e+04
6.790000000000000000e+03
7.294000000000000000e+03
1.277500000000000000e+04
1.521300000000000000e+04
6.040000000000000000e+02
1.763800000000000000e+04
3.300000000000000000e+02
4.630000000000000000e+03
8.122000000000000000e+03
1.146700000000000000e+04
1.556700000000000000e+04
2.049000000000000000e+03
8.024000000000000000e+03
1.225000000000000000e+03
1.389700000000000000e+04
9.853000000000000000e+03
