1.800000000000000000e+01
5.100000000000000000e+01
1.000000000000000000e+00
6.900000000000000000e+01
1.550000000000000000e+02
6.270000000000000000e+02
2.470000000000000000e+02
7.590000000000000000e+02
7.200000000000000000e+01
1.700000000000000000e+01
2.320000000000000000e+02
1.310000000000000000e+02
1.284000000000000000e+03
5.770000000000000000e+02
3.720000000000000000e+02
5.080000000000000000e+02
1.770000000000000000e+03
9.660000000000000000e+02
1.840000000000000000e+02
1.876000000000000000e+03
9.870000000000000000e+02
1.564000000000000000e+03
3.100000000000000000e+02
3.714000000000000000e+03
6.220000000000000000e+02
7.310000000000000000e+02
2.400000000000000000e+02
3.760000000000000000e+02
1.089000000000000000e+03
1.672000000000000000e+03
8.750000000000000000e+02
1.094000000000000000e+03
1.160000000000000000e+03
9.830000000000000000e+02
1.531000000000000000e+03
3.780000000000000000e+02
1.753000000000000000e+03
3.830000000000000000e+02
2.351000000000000000e+03
2.010000000000000000e+03
1.565000000000000000e+03
2.258000000000000000e+03
1.620000000000000000e+03
3.276000000000000000e+03
2.130000000000000000e+02
1.322000000000000000e+03
1.974000000000000000e+03
1.758000000000000000e+03
1.780000000000000000e+02
1.140000000000000000e+02
1.856000000000000000e+03
1.204000000000000000e+03
1.379000000000000000e+03
4.557000000000000000e+03
1.241000000000000000e+03
7.700000000000000000e+02
1.971000000000000000e+03
1.264000000000000000e+03
2.059000000000000000e+03
4.312000000000000000e+03
3.532000000000000000e+03
3.997000000000000000e+03
4.345000000000000000e+03
4.164000000000000000e+03
1.742000000000000000e+03
2.249000000000000000e+03
8.990000000000000000e+02
4.855000000000000000e+03
1.682000000000000000e+03
4.357000000000000000e+03
3.037000000000000000e+03
3.656000000000000000e+03
3.493000000000000000e+03
5.618000000000000000e+03
3.611000000000000000e+03
4.102000000000000000e+03
1.517000000000000000e+03
2.792000000000000000e+03
1.820000000000000000e+02
4.202000000000000000e+03
4.405000000000000000e+03
1.621000000000000000e+03
4.650000000000000000e+03
6.050000000000000000e+02
4.961000000000000000e+03
5.987000000000000000e+03
5.695000000000000000e+03
3.305000000000000000e+03
3.340000000000000000e+02
3.506000000000000000e+03
1.450000000000000000e+02
6.779000000000000000e+03
1.190000000000000000e+03
7.240000000000000000e+03
5.159000000000000000e+03
4.475000000000000000e+03
3.677000000000000000e+03
4.441000000000000000e+03
4.760000000000000000e+02
2.706000000000000000e+03
1.628000000000000000e+03
3.610000000000000000e+03
1.586000000000000000e+03
6.241000000000000000e+03
4.473000000000000000e+03
7.228000000000000000e+03
5.050000000000000000e+02
4.381000000000000000e+03
3.998000000000000000e+03
1.011000000000000000e+03
6.193000000000000000e+03
4.348000000000000000e+03
1.987000000000000000e+03
3.589000000000000000e+03
3.787000000000000000e+03
3.254000000000000000e+03
6.877000000000000000e+03
9.530000000000000000e+02
8.240000000000000000e+02
5.431000000000000000e+03
4.344000000000000000e+03
4.113000000000000000e+03
1.718000000000000000e+03
6.353000000000000000e+03
2.310000000000000000e+02
5.430000000000000000e+03
7.294000000000000000e+03
5.646000000000000000e+03
4.887000000000000000e+03
5.755000000000000000e+03
4.450000000000000000e+02
4.567000000000000000e+03
4.478000000000000000e+03
1.225000000000000000e+03
4.081000000000000000e+03
1.710000000000000000e+03
1.338000000000000000e+03
1.235000000000000000e+03
4.461000000000000000e+03
1.813000000000000000e+03
2.132000000000000000e+03
1.023000000000000000e+03
5.358000000000000000e+03
6.913000000000000000e+03
2.690000000000000000e+02
5.841000000000000000e+03
9.640000000000000000e+02
3.901000000000000000e+03
6.177000000000000000e+03
6.553000000000000000e+03
2.124000000000000000e+03
3.992000000000000000e+03
4.293000000000000000e+03
3.647000000000000000e+03
6.912000000000000000e+03
1.382000000000000000e+03
4.726000000000000000e+03
1.988000000000000000e+03
3.968000000000000000e+03
3.539000000000000000e+03
4.696000000000000000e+03
6.884000000000000000e+03
4.850000000000000000e+03
6.972000000000000000e+03
5.024000000000000000e+03
8.024000000000000000e+03
3.770000000000000000e+03
5.227000000000000000e+03
2.460000000000000000e+03
4.825000000000000000e+03
4.278000000000000000e+03
6.429000000000000000e+03
1.114000000000000000e+03
1.072700000000000000e+04
4.449000000000000000e+03
6.641000000000000000e+03
7.613000000000000000e+03
5.000000000000000000e+02
3.300000000000000000e+03
9.456000000000000000e+03
4.010000000000000000e+02
4.080000000000000000e+03
5.394000000000000000e+03
2.333000000000000000e+03
1.014100000000000000e+04
1.070900000000000000e+04
3.225000000000000000e+03
2.404000000000000000e+03
2.048000000000000000e+03
6.377000000000000000e+03
7.475000000000000000e+03
4.578000000000000000e+03
9.890000000000000000e+02
1.321000000000000000e+03
4.408000000000000000e+03
8.428000000000000000e+03
6.709000000000000000e+03
6.609000000000000000e+03
5.486000000000000000e+03
4.242000000000000000e+03
1.035500000000000000e+04
1.374000000000000000e+04
8.598000000000000000e+03
9.211000000000000000e+03
6.411000000000000000e+03
9.198000000000000000e+03
6.043000000000000000e+03
5.376000000000000000e+03
6.592000000000000000e+03
4.780000000000000000e+02
3.102000000000000000e+03
1.189900000000000000e+04
4.229000000000000000e+03
6.120000000000000000e+03
6.236000000000000000e+03
9.409000000000000000e+03
7.188000000000000000e+03
7.614000000000000000e+03
8.354000000000000000e+03
5.465000000000000000e+03
4.192000000000000000e+03
6.985000000000000000e+03
1.000000000000000000e+01
6.323000000000000000e+03
8.965000000000000000e+03
3.370000000000000000e+03
8.587000000000000000e+03
1.691000000000000000e+03
2.036000000000000000e+03
1.223400000000000000e+04
1.245500000000000000e+04
4.082000000000000000e+03
1.015000000000000000e+03
9.957000000000000000e+03
3.591000000000000000e+03
1.124000000000000000e+03
8.567000000000000000e+03
3.342000000000000000e+03
1.169800000000000000e+04
8.332000000000000000e+03
9.125000000000000000e+03
4.915000000000000000e+03
4.946000000000000000e+03
7.575000000000000000e+03
7.302000000000000000e+03
1.877000000000000000e+03
2.823000000000000000e+03
6.184000000000000000e+03
9.578000000000000000e+03
1.048300000000000000e+04
1.036000000000000000e+04
1.042100000000000000e+04
1.068400000000000000e+04
4.551000000000000000e+03
1.096200000000000000e+04
1.336000000000000000e+03
1.119000000000000000e+03
7.330000000000000000e+02
8.349000000000000000e+03
1.372800000000000000e+04
8.851000000000000000e+03
8.408000000000000000e+03
9.944000000000000000e+03
1.076700000000000000e+04
1.439800000000000000e+04
8.150000000000000000e+03
6.464000000000000000e+03
5.727000000000000000e+03
5.899000000000000000e+03
5.718000000000000000e+03
1.084200000000000000e+04
6.313000000000000000e+03
8.451000000000000000e+03
4.584000000000000000e+03
1.384900000000000000e+04
6.312000000000000000e+03
7.640000000000000000e+03
1.454000000000000000e+03
2.775000000000000000e+03
1.005600000000000000e+04
1.202300000000000000e+04
1.277500000000000000e+04
8.805000000000000000e+03
8.767000000000000000e+03
7.924000000000000000e+03
8.932000000000000000e+03
8.260000000000000000e+03
3.320000000000000000e+03
5.856000000000000000e+03
8.175000000000000000e+03
9.549000000000000000e+03
5.500000000000000000e+01
2.049000000000000000e+03
1.330800000000000000e+04
1.070000000000000000e+03
1.652000000000000000e+03
1.397500000000000000e+04
9.886000000000000000e+03
7.334000000000000000e+03
9.036000000000000000e+03
5.892000000000000000e+03
3.703000000000000000e+03
9.689000000000000000e+03
3.882000000000000000e+03
7.267000000000000000e+03
1.108200000000000000e+04
6.412000000000000000e+03
6.927000000000000000e+03
2.393000000000000000e+03
9.813000000000000000e+03
5.298000000000000000e+03
8.574000000000000000e+03
1.002000000000000000e+04
8.538000000000000000e+03
5.288000000000000000e+03
1.102600000000000000e+04
3.232000000000000000e+03
1.048400000000000000e+04
1.852000000000000000e+03
1.242800000000000000e+04
6.978000000000000000e+03
1.084300000000000000e+04
1.489700000000000000e+04
4.836000000000000000e+03
1.645400000000000000e+04
8.912000000000000000e+03
5.265000000000000000e+03
8.074000000000000000e+03
1.157700000000000000e+04
9.608000000000000000e+03
4.681000000000000000e+03
6.722000000000000000e+03
9.859000000000000000e+03
9.485000000000000000e+03
1.142700000000000000e+04
5.869000000000000000e+03
1.023300000000000000e+04
1.033500000000000000e+04
7.703000000000000000e+03
8.439000000000000000e+03
1.267900000000000000e+04
1.556700000000000000e+04
1.199400000000000000e+04
7.616000000000000000e+03
1.360100000000000000e+04
5.140000000000000000e+02
1.113300000000000000e+04
1.723400000000000000e+04
1.234700000000000000e+04
5.829000000000000000e+03
1.424000000000000000e+04
3.027000000000000000e+03
1.285900000000000000e+04
5.022000000000000000e+03
4.992000000000000000e+03
1.352300000000000000e+04
9.919000000000000000e+03
4.803000000000000000e+03
1.446000000000000000e+04
2.565000000000000000e+03
7.047000000000000000e+03
1.402700000000000000e+04
4.506000000000000000e+03
1.141100000000000000e+04
8.888000000000000000e+03
1.231400000000000000e+04
3.691000000000000000e+03
4.900000000000000000e+02
1.350300000000000000e+04
3.507000000000000000e+03
6.780000000000000000e+02
1.005700000000000000e+04
5.905000000000000000e+03
1.242700000000000000e+04
1.167300000000000000e+04
8.092000000000000000e+03
1.327200000000000000e+04
1.429500000000000000e+04
2.493000000000000000e+03
1.586000000000000000e+04
1.360000000000000000e+04
5.810000000000000000e+02
4.950000000000000000e+02
7.980000000000000000e+02
5.527000000000000000e+03
7.508000000000000000e+03
1.184400000000000000e+04
1.668700000000000000e+04
1.205000000000000000e+04
8.766000000000000000e+03
1.363300000000000000e+04
1.226900000000000000e+04
1.521300000000000000e+04
1.291800000000000000e+04
1.538000000000000000e+04
5.243000000000000000e+03
4.716000000000000000e+03
1.300400000000000000e+04
7.509000000000000000e+03
7.860000000000000000e+02
1.478800000000000000e+04
3.673000000000000000e+03
5.420000000000000000e+03
2.953000000000000000e+03
1.105200000000000000e+04
1.640000000000000000e+04
1.322200000000000000e+04
4.942000000000000000e+03
1.484400000000000000e+04
1.265000000000000000e+04
6.864000000000000000e+03
4.752000000000000000e+03
1.382100000000000000e+04
1.536500000000000000e+04
1.487900000000000000e+04
5.166000000000000000e+03
1.272000000000000000e+03
1.807100000000000000e+04
1.456200000000000000e+04
6.065000000000000000e+03
7.834000000000000000e+03
1.410200000000000000e+04
1.121700000000000000e+04
9.609000000000000000e+03
1.500000000000000000e+02
3.471000000000000000e+03
1.418800000000000000e+04
2.601000000000000000e+03
2.342000000000000000e+03
6.112000000000000000e+03
9.358000000000000000e+03
1.319800000000000000e+04
1.401100000000000000e+04
1.157800000000000000e+04
2.352000000000000000e+03
8.417000000000000000e+03
1.054000000000000000e+03
5.232000000000000000e+03
1.066300000000000000e+04
3.511000000000000000e+03
1.678500000000000000e+04
2.520000000000000000e+03
1.747000000000000000e+03
5.857000000000000000e+03
1.703500000000000000e+04
2.876000000000000000e+03
1.514900000000000000e+04
6.533000000000000000e+03
7.847000000000000000e+03
9.683000000000000000e+03
6.865000000000000000e+03
1.610300000000000000e+04
2.353000000000000000e+03
1.586700000000000000e+04
1.445900000000000000e+04
9.958000000000000000e+03
1.284600000000000000e+04
1.196400000000000000e+04
2.286000000000000000e+03
1.339000000000000000e+03
6.948000000000000000e+03
1.242900000000000000e+04
1.575400000000000000e+04
3.453000000000000000e+03
4.406000000000000000e+03
1.640000000000000000e+03
9.574000000000000000e+03
9.276000000000000000e+03
1.098300000000000000e+04
4.238000000000000000e+03
9.170000000000000000e+02
1.000000000000000000e+02
1.531700000000000000e+04
1.537400000000000000e+04
1.860000000000000000e+02
1.358000000000000000e+03
1.174000000000000000e+03
1.243700000000000000e+04
1.344800000000000000e+04
4.069000000000000000e+03
1.580200000000000000e+04
5.970000000000000000e+03
1.561000000000000000e+04
1.389700000000000000e+04
1.519000000000000000e+03
2.159000000000000000e+03
2.864000000000000000e+03
8.789000000000000000e+03
1.613200000000000000e+04
1.688400000000000000e+04
1.383900000000000000e+04
9.878000000000000000e+03
9.065000000000000000e+03
2.221000000000000000e+03
2.234000000000000000e+03
1.046300000000000000e+04
1.796300000000000000e+04
8.098000000000000000e+03
8.699000000000000000e+03
1.182100000000000000e+04
1.363400000000000000e+04
9.002000000000000000e+03
1.862000000000000000e+03
3.679000000000000000e+03
1.560900000000000000e+04
4.094000000000000000e+03
1.728500000000000000e+04
2.534000000000000000e+03
1.662500000000000000e+04
5.463000000000000000e+03
3.057000000000000000e+03
3.933000000000000000e+03
2.537000000000000000e+03
1.261600000000000000e+04
4.006000000000000000e+03
8.025000000000000000e+03
1.747200000000000000e+04
1.196500000000000000e+04
3.550000000000000000e+02
6.469000000000000000e+03
9.887000000000000000e+03
1.024100000000000000e+04
6.100000000000000000e+01
2.257000000000000000e+03
1.549700000000000000e+04
7.576000000000000000e+03
1.732000000000000000e+04
1.793000000000000000e+04
1.011700000000000000e+04
1.529100000000000000e+04
1.173900000000000000e+04
1.751500000000000000e+04
1.334900000000000000e+04
1.382200000000000000e+04
1.819600000000000000e+04
1.698800000000000000e+04
7.615000000000000000e+03
1.768400000000000000e+04
2.672000000000000000e+03
1.390000000000000000e+03
1.230100000000000000e+04
3.192000000000000000e+03
1.467000000000000000e+04
6.430000000000000000e+02
7.702000000000000000e+03
1.123000000000000000e+04
2.193000000000000000e+03
1.378500000000000000e+04
1.154100000000000000e+04
9.230000000000000000e+02
4.832000000000000000e+03
6.703000000000000000e+03
1.352200000000000000e+04
1.624200000000000000e+04
5.011000000000000000e+03
8.161000000000000000e+03
3.645000000000000000e+03
9.690000000000000000e+03
7.202000000000000000e+03
1.470800000000000000e+04
1.289000000000000000e+03
1.610200000000000000e+04
5.357000000000000000e+03
2.807000000000000000e+03
5.377000000000000000e+03
1.384100000000000000e+04
2.917000000000000000e+03
1.744600000000000000e+04
1.448500000000000000e+04
1.127300000000000000e+04
1.523500000000000000e+04
9.003000000000000000e+03
1.637000000000000000e+04
1.268000000000000000e+04
3.047000000000000000e+03
8.157000000000000000e+03
1.973000000000000000e+03
3.499000000000000000e+03
1.372700000000000000e+04
1.664300000000000000e+04
1.575000000000000000e+03
6.154000000000000000e+03
1.316500000000000000e+04
1.808600000000000000e+04
1.476000000000000000e+03
1.167400000000000000e+04
6.428000000000000000e+03
7.369000000000000000e+03
1.284700000000000000e+04
1.165800000000000000e+04
2.545000000000000000e+03
1.454900000000000000e+04
1.748600000000000000e+04
2.710000000000000000e+03
1.582700000000000000e+04
5.200000000000000000e+01
2.784000000000000000e+03
8.697000000000000000e+03
9.040000000000000000e+03
8.911000000000000000e+03
8.438000000000000000e+03
1.269500000000000000e+04
1.847600000000000000e+04
1.667000000000000000e+04
3.059000000000000000e+03
1.488000000000000000e+04
1.279900000000000000e+04
1.180500000000000000e+04
7.778000000000000000e+03
7.780000000000000000e+02
5.182000000000000000e+03
