2.310000000000000000e+02
1.529000000000000000e+03
4.950000000000000000e+02
6.100000000000000000e+01
9.170000000000000000e+02
1.000000000000000000e+02
2.690000000000000000e+02
1.140000000000000000e+02
3.560000000000000000e+02
2.980000000000000000e+02
1.885000000000000000e+03
1.293000000000000000e+03
1.780000000000000000e+02
4.900000000000000000e+02
1.524000000000000000e+03
1.800000000000000000e+01
7.790000000000000000e+02
1.310000000000000000e+02
1.142000000000000000e+03
2.320000000000000000e+02
5.140000000000000000e+02
7.200000000000000000e+01
3.580000000000000000e+03
5.810000000000000000e+02
1.617000000000000000e+03
6.780000000000000000e+02
7.510000000000000000e+02
2.057000000000000000e+03
7.980000000000000000e+02
6.040000000000000000e+02
1.124000000000000000e+03
1.601000000000000000e+03
1.873000000000000000e+03
7.330000000000000000e+02
1.454000000000000000e+03
5.050000000000000000e+02
3.059000000000000000e+03
1.526000000000000000e+03
1.015000000000000000e+03
3.038000000000000000e+03
1.519000000000000000e+03
2.221000000000000000e+03
3.550000000000000000e+02
2.266000000000000000e+03
1.484000000000000000e+03
2.608000000000000000e+03
1.852000000000000000e+03
3.339000000000000000e+03
4.426000000000000000e+03
2.352000000000000000e+03
4.177000000000000000e+03
6.900000000000000000e+01
2.594000000000000000e+03
1.436000000000000000e+03
2.109000000000000000e+03
2.183000000000000000e+03
2.900000000000000000e+01
2.400000000000000000e+02
1.774000000000000000e+03
3.780000000000000000e+02
4.862000000000000000e+03
9.890000000000000000e+02
5.813000000000000000e+03
1.877000000000000000e+03
2.940000000000000000e+03
2.353000000000000000e+03
3.494000000000000000e+03
2.182000000000000000e+03
1.640000000000000000e+03
9.640000000000000000e+02
2.036000000000000000e+03
6.690000000000000000e+02
7.780000000000000000e+02
1.450000000000000000e+02
1.720000000000000000e+03
1.924000000000000000e+03
7.860000000000000000e+02
6.205000000000000000e+03
2.917000000000000000e+03
5.360000000000000000e+02
3.691000000000000000e+03
2.545000000000000000e+03
7.996000000000000000e+03
6.689000000000000000e+03
1.023000000000000000e+03
2.560000000000000000e+03
2.534000000000000000e+03
3.047000000000000000e+03
2.293000000000000000e+03
2.710000000000000000e+03
2.864000000000000000e+03
2.013000000000000000e+03
7.778000000000000000e+03
5.935000000000000000e+03
3.453000000000000000e+03
5.680000000000000000e+03
6.775000000000000000e+03
3.790000000000000000e+03
6.740000000000000000e+03
5.548000000000000000e+03
2.485000000000000000e+03
5.144000000000000000e+03
3.424000000000000000e+03
5.299000000000000000e+03
5.095000000000000000e+03
4.760000000000000000e+02
4.469000000000000000e+03
4.956000000000000000e+03
7.441000000000000000e+03
7.559000000000000000e+03
1.476000000000000000e+03
4.289000000000000000e+03
4.406000000000000000e+03
3.508000000000000000e+03
1.143000000000000000e+03
3.140000000000000000e+03
4.608000000000000000e+03
4.735000000000000000e+03
7.081000000000000000e+03
1.190000000000000000e+03
6.846000000000000000e+03
8.333000000000000000e+03
2.678000000000000000e+03
6.806000000000000000e+03
5.130000000000000000e+03
5.870000000000000000e+03
2.456000000000000000e+03
2.372000000000000000e+03
7.050000000000000000e+03
6.448000000000000000e+03
2.912000000000000000e+03
4.368000000000000000e+03
2.953000000000000000e+03
3.647000000000000000e+03
6.030000000000000000e+03
5.670000000000000000e+02
2.049000000000000000e+03
2.460000000000000000e+03
3.153000000000000000e+03
4.983000000000000000e+03
7.028000000000000000e+03
2.459000000000000000e+03
2.738000000000000000e+03
5.970000000000000000e+03
6.836000000000000000e+03
1.599000000000000000e+03
9.190000000000000000e+03
1.542000000000000000e+03
4.083000000000000000e+03
8.606000000000000000e+03
2.333000000000000000e+03
9.677000000000000000e+03
5.679000000000000000e+03
5.463000000000000000e+03
3.645000000000000000e+03
1.360000000000000000e+03
5.741000000000000000e+03
4.800000000000000000e+03
5.377000000000000000e+03
7.278000000000000000e+03
5.421000000000000000e+03
1.586000000000000000e+03
2.124000000000000000e+03
3.057000000000000000e+03
7.108000000000000000e+03
6.433000000000000000e+03
3.673000000000000000e+03
6.891000000000000000e+03
8.646000000000000000e+03
6.246000000000000000e+03
1.024000000000000000e+03
1.119000000000000000e+04
1.122000000000000000e+03
3.342000000000000000e+03
4.069000000000000000e+03
3.962000000000000000e+03
1.219000000000000000e+03
7.245000000000000000e+03
9.530000000000000000e+03
9.610000000000000000e+03
8.677000000000000000e+03
3.507000000000000000e+03
6.533000000000000000e+03
8.105000000000000000e+03
7.389000000000000000e+03
5.869000000000000000e+03
2.301000000000000000e+03
7.815000000000000000e+03
7.494000000000000000e+03
7.700000000000000000e+02
4.992000000000000000e+03
9.878000000000000000e+03
5.413000000000000000e+03
1.007900000000000000e+04
1.742000000000000000e+03
9.814000000000000000e+03
3.015000000000000000e+03
8.724000000000000000e+03
5.309000000000000000e+03
1.058200000000000000e+04
2.876000000000000000e+03
9.530000000000000000e+02
1.988000000000000000e+03
8.974000000000000000e+03
7.109000000000000000e+03
1.862000000000000000e+03
3.591000000000000000e+03
1.489000000000000000e+03
1.443000000000000000e+03
3.511000000000000000e+03
4.229000000000000000e+03
1.040100000000000000e+04
7.121000000000000000e+03
8.321000000000000000e+03
9.846000000000000000e+03
8.843000000000000000e+03
5.182000000000000000e+03
4.664000000000000000e+03
9.764000000000000000e+03
1.016900000000000000e+04
2.602000000000000000e+03
2.600000000000000000e+02
2.132000000000000000e+03
4.238000000000000000e+03
6.434000000000000000e+03
1.272000000000000000e+03
6.378000000000000000e+03
1.164200000000000000e+04
7.107000000000000000e+03
6.220000000000000000e+02
2.620000000000000000e+03
2.759000000000000000e+03
5.959000000000000000e+03
7.539000000000000000e+03
3.703000000000000000e+03
2.601000000000000000e+03
9.400000000000000000e+03
7.895000000000000000e+03
1.050900000000000000e+04
1.365000000000000000e+03
1.047700000000000000e+04
4.500000000000000000e+01
9.735000000000000000e+03
1.621000000000000000e+03
1.286000000000000000e+04
8.970000000000000000e+02
9.811000000000000000e+03
1.130400000000000000e+04
9.973000000000000000e+03
6.112000000000000000e+03
3.290000000000000000e+03
8.157000000000000000e+03
3.051000000000000000e+03
9.750000000000000000e+03
5.689000000000000000e+03
4.094000000000000000e+03
8.575000000000000000e+03
1.036900000000000000e+04
4.584000000000000000e+03
7.847000000000000000e+03
1.118900000000000000e+04
4.748000000000000000e+03
1.351600000000000000e+04
1.004300000000000000e+04
1.100900000000000000e+04
2.094000000000000000e+03
1.945000000000000000e+03
1.118000000000000000e+03
1.820000000000000000e+02
4.460000000000000000e+02
1.103700000000000000e+04
1.508500000000000000e+04
5.080000000000000000e+02
5.857000000000000000e+03
6.215000000000000000e+03
3.775000000000000000e+03
5.451000000000000000e+03
4.043000000000000000e+03
6.464000000000000000e+03
5.643000000000000000e+03
1.813000000000000000e+03
7.814000000000000000e+03
7.361000000000000000e+03
7.190000000000000000e+02
1.478900000000000000e+04
5.718000000000000000e+03
1.187700000000000000e+04
6.456000000000000000e+03
1.107000000000000000e+04
1.450300000000000000e+04
3.277000000000000000e+03
1.103800000000000000e+04
1.225000000000000000e+03
8.098000000000000000e+03
1.075400000000000000e+04
2.747000000000000000e+03
2.202000000000000000e+03
5.625000000000000000e+03
1.691000000000000000e+03
1.306000000000000000e+04
7.155000000000000000e+03
5.011000000000000000e+03
2.342000000000000000e+03
1.277600000000000000e+04
8.662000000000000000e+03
8.550000000000000000e+02
1.718000000000000000e+03
1.453600000000000000e+04
4.506000000000000000e+03
5.330000000000000000e+03
3.743000000000000000e+03
1.180400000000000000e+04
5.998000000000000000e+03
9.107000000000000000e+03
1.398800000000000000e+04
9.974000000000000000e+03
2.768000000000000000e+03
2.048000000000000000e+03
7.649000000000000000e+03
4.369000000000000000e+03
9.296000000000000000e+03
1.322300000000000000e+04
1.587700000000000000e+04
1.401300000000000000e+04
8.004000000000000000e+03
9.041000000000000000e+03
7.915000000000000000e+03
6.469000000000000000e+03
1.392500000000000000e+04
3.298000000000000000e+03
1.145500000000000000e+04
2.344000000000000000e+03
8.698000000000000000e+03
1.294600000000000000e+04
1.105300000000000000e+04
4.199000000000000000e+03
2.249000000000000000e+03
1.066300000000000000e+04
1.338100000000000000e+04
1.264000000000000000e+03
1.200500000000000000e+04
9.457000000000000000e+03
6.126000000000000000e+03
2.211000000000000000e+03
1.268100000000000000e+04
1.636200000000000000e+04
4.192000000000000000e+03
1.287500000000000000e+04
1.116100000000000000e+04
1.349800000000000000e+04
1.468600000000000000e+04
1.126400000000000000e+04
3.225000000000000000e+03
1.134500000000000000e+04
1.120600000000000000e+04
9.574000000000000000e+03
9.690000000000000000e+03
2.958000000000000000e+03
5.420000000000000000e+03
1.648600000000000000e+04
1.264200000000000000e+04
8.918000000000000000e+03
8.180000000000000000e+02
1.479000000000000000e+04
2.023000000000000000e+03
8.975000000000000000e+03
1.428100000000000000e+04
2.831000000000000000e+03
1.323500000000000000e+04
1.279900000000000000e+04
1.415400000000000000e+04
1.239400000000000000e+04
1.251900000000000000e+04
1.336100000000000000e+04
1.053600000000000000e+04
4.915000000000000000e+03
9.887000000000000000e+03
1.467100000000000000e+04
1.216600000000000000e+04
3.127000000000000000e+03
9.562000000000000000e+03
1.338000000000000000e+03
1.618300000000000000e+04
1.258800000000000000e+04
8.460000000000000000e+02
9.830000000000000000e+02
1.255100000000000000e+04
1.607400000000000000e+04
1.080000000000000000e+03
1.182900000000000000e+04
3.232000000000000000e+03
1.030900000000000000e+04
9.879000000000000000e+03
2.791000000000000000e+03
1.575500000000000000e+04
1.971000000000000000e+03
1.089000000000000000e+03
5.134000000000000000e+03
1.024100000000000000e+04
5.722000000000000000e+03
5.490000000000000000e+02
9.003000000000000000e+03
1.121700000000000000e+04
8.417000000000000000e+03
2.270000000000000000e+03
3.830000000000000000e+02
1.672000000000000000e+03
1.628000000000000000e+04
1.513000000000000000e+04
2.985000000000000000e+03
1.138900000000000000e+04
1.523600000000000000e+04
4.494000000000000000e+03
1.465000000000000000e+03
1.776000000000000000e+04
2.393000000000000000e+03
1.398700000000000000e+04
1.693100000000000000e+04
1.187800000000000000e+04
1.532200000000000000e+04
1.090100000000000000e+04
4.242000000000000000e+03
9.609000000000000000e+03
1.598600000000000000e+04
1.602700000000000000e+04
9.585000000000000000e+03
9.654000000000000000e+03
5.528000000000000000e+03
1.529200000000000000e+04
4.393000000000000000e+03
2.473000000000000000e+03
1.840000000000000000e+02
1.094000000000000000e+03
7.310000000000000000e+02
4.475000000000000000e+03
3.585000000000000000e+03
1.450400000000000000e+04
4.507000000000000000e+03
1.333100000000000000e+04
1.000000000000000000e+00
1.746000000000000000e+04
1.675200000000000000e+04
1.648500000000000000e+04
1.764200000000000000e+04
1.680000000000000000e+04
9.203000000000000000e+03
6.382000000000000000e+03
2.066000000000000000e+03
1.204000000000000000e+03
4.081000000000000000e+03
1.257500000000000000e+04
4.348000000000000000e+03
1.691100000000000000e+04
1.221900000000000000e+04
1.180500000000000000e+04
1.742400000000000000e+04
8.030000000000000000e+02
1.610400000000000000e+04
1.261700000000000000e+04
8.717000000000000000e+03
1.247400000000000000e+04
1.353200000000000000e+04
2.351000000000000000e+03
8.161000000000000000e+03
1.824300000000000000e+04
1.726900000000000000e+04
1.456000000000000000e+03
5.727000000000000000e+03
1.002000000000000000e+04
9.065000000000000000e+03
1.693000000000000000e+04
7.041000000000000000e+03
1.803400000000000000e+04
1.428200000000000000e+04
1.279800000000000000e+04
5.447000000000000000e+03
4.478000000000000000e+03
4.726000000000000000e+03
1.876000000000000000e+03
1.154100000000000000e+04
9.797000000000000000e+03
5.841000000000000000e+03
1.165800000000000000e+04
1.716900000000000000e+04
1.686900000000000000e+04
8.699000000000000000e+03
1.467200000000000000e+04
1.728600000000000000e+04
1.440000000000000000e+04
5.096000000000000000e+03
1.384900000000000000e+04
5.100000000000000000e+01
2.706000000000000000e+03
1.627900000000000000e+04
1.811500000000000000e+04
9.834000000000000000e+03
5.982000000000000000e+03
1.303100000000000000e+04
6.043000000000000000e+03
9.337000000000000000e+03
1.480500000000000000e+04
1.736100000000000000e+04
1.826300000000000000e+04
1.723500000000000000e+04
1.511600000000000000e+04
1.389800000000000000e+04
1.582800000000000000e+04
7.640000000000000000e+03
1.605500000000000000e+04
1.063200000000000000e+04
1.834800000000000000e+04
1.646900000000000000e+04
9.269000000000000000e+03
1.987000000000000000e+03
7.615000000000000000e+03
1.572500000000000000e+04
1.360100000000000000e+04
3.976000000000000000e+03
7.590000000000000000e+02
1.748600000000000000e+04
1.069200000000000000e+04
1.826400000000000000e+04
7.673000000000000000e+03
1.475800000000000000e+04
1.072100000000000000e+04
1.036100000000000000e+04
1.537400000000000000e+04
5.899000000000000000e+03
1.242700000000000000e+04
1.157800000000000000e+04
6.270000000000000000e+02
7.834000000000000000e+03
1.196400000000000000e+04
8.574000000000000000e+03
1.302400000000000000e+04
1.645500000000000000e+04
1.062200000000000000e+04
1.165900000000000000e+04
4.095000000000000000e+03
1.338200000000000000e+04
1.553800000000000000e+04
6.828000000000000000e+03
1.448500000000000000e+04
1.322000000000000000e+03
7.488000000000000000e+03
7.334000000000000000e+03
1.662500000000000000e+04
9.442000000000000000e+03
1.788200000000000000e+04
1.387600000000000000e+04
3.199000000000000000e+03
1.421900000000000000e+04
