1.000000000000000000e+02
1.293000000000000000e+03
3.560000000000000000e+02
2.900000000000000000e+01
1.524000000000000000e+03
6.040000000000000000e+02
6.100000000000000000e+01
1.617000000000000000e+03
7.790000000000000000e+02
2.594000000000000000e+03
1.873000000000000000e+03
2.980000000000000000e+02
6.690000000000000000e+02
1.124000000000000000e+03
1.142000000000000000e+03
2.940000000000000000e+03
1.456000000000000000e+03
2.456000000000000000e+03
2.600000000000000000e+02
4.900000000000000000e+02
1.484000000000000000e+03
1.885000000000000000e+03
5.670000000000000000e+02
1.436000000000000000e+03
6.780000000000000000e+02
1.140000000000000000e+02
1.542000000000000000e+03
1.720000000000000000e+03
3.550000000000000000e+02
1.143000000000000000e+03
5.810000000000000000e+02
7.780000000000000000e+02
1.599000000000000000e+03
2.372000000000000000e+03
5.140000000000000000e+02
5.360000000000000000e+02
8.970000000000000000e+02
2.183000000000000000e+03
1.519000000000000000e+03
4.950000000000000000e+02
2.690000000000000000e+02
2.320000000000000000e+02
2.602000000000000000e+03
4.760000000000000000e+02
1.526000000000000000e+03
7.860000000000000000e+02
1.601000000000000000e+03
2.310000000000000000e+02
2.912000000000000000e+03
7.330000000000000000e+02
2.057000000000000000e+03
7.200000000000000000e+01
2.013000000000000000e+03
3.051000000000000000e+03
7.510000000000000000e+02
7.980000000000000000e+02
4.500000000000000000e+01
1.489000000000000000e+03
6.126000000000000000e+03
1.780000000000000000e+02
2.182000000000000000e+03
1.450000000000000000e+02
7.121000000000000000e+03
3.580000000000000000e+03
2.266000000000000000e+03
1.529000000000000000e+03
2.221000000000000000e+03
4.983000000000000000e+03
2.293000000000000000e+03
4.426000000000000000e+03
1.118000000000000000e+03
2.917000000000000000e+03
4.862000000000000000e+03
3.140000000000000000e+03
4.460000000000000000e+02
2.353000000000000000e+03
2.560000000000000000e+03
2.109000000000000000e+03
9.890000000000000000e+02
1.454000000000000000e+03
6.456000000000000000e+03
3.038000000000000000e+03
5.451000000000000000e+03
4.664000000000000000e+03
2.791000000000000000e+03
2.608000000000000000e+03
5.130000000000000000e+03
5.447000000000000000e+03
5.050000000000000000e+02
3.508000000000000000e+03
1.877000000000000000e+03
6.030000000000000000e+03
2.678000000000000000e+03
3.424000000000000000e+03
4.800000000000000000e+03
3.277000000000000000e+03
1.360000000000000000e+03
4.083000000000000000e+03
5.490000000000000000e+02
5.299000000000000000e+03
2.301000000000000000e+03
1.852000000000000000e+03
3.743000000000000000e+03
4.199000000000000000e+03
3.298000000000000000e+03
1.310000000000000000e+02
2.270000000000000000e+03
5.095000000000000000e+03
1.122000000000000000e+03
7.673000000000000000e+03
5.741000000000000000e+03
5.870000000000000000e+03
3.015000000000000000e+03
1.105300000000000000e+04
2.459000000000000000e+03
2.864000000000000000e+03
1.924000000000000000e+03
1.774000000000000000e+03
3.962000000000000000e+03
5.548000000000000000e+03
2.094000000000000000e+03
2.738000000000000000e+03
7.539000000000000000e+03
8.550000000000000000e+02
4.289000000000000000e+03
1.640000000000000000e+03
9.585000000000000000e+03
5.813000000000000000e+03
1.024000000000000000e+03
3.691000000000000000e+03
2.985000000000000000e+03
3.494000000000000000e+03
9.170000000000000000e+02
4.052000000000000000e+03
1.219000000000000000e+03
3.153000000000000000e+03
7.278000000000000000e+03
6.205000000000000000e+03
2.953000000000000000e+03
9.654000000000000000e+03
2.049000000000000000e+03
2.620000000000000000e+03
5.625000000000000000e+03
7.476000000000000000e+03
5.722000000000000000e+03
2.344000000000000000e+03
8.677000000000000000e+03
1.272000000000000000e+03
9.735000000000000000e+03
3.059000000000000000e+03
9.640000000000000000e+02
2.958000000000000000e+03
5.689000000000000000e+03
8.460000000000000000e+02
4.043000000000000000e+03
4.608000000000000000e+03
2.124000000000000000e+03
7.108000000000000000e+03
5.959000000000000000e+03
8.321000000000000000e+03
7.155000000000000000e+03
7.559000000000000000e+03
2.768000000000000000e+03
2.759000000000000000e+03
6.775000000000000000e+03
2.747000000000000000e+03
6.378000000000000000e+03
1.225000000000000000e+03
8.606000000000000000e+03
1.365000000000000000e+03
6.836000000000000000e+03
9.846000000000000000e+03
9.457000000000000000e+03
3.780000000000000000e+02
4.956000000000000000e+03
6.806000000000000000e+03
4.406000000000000000e+03
2.534000000000000000e+03
8.918000000000000000e+03
3.673000000000000000e+03
3.511000000000000000e+03
1.015000000000000000e+03
9.107000000000000000e+03
6.086000000000000000e+03
3.585000000000000000e+03
9.041000000000000000e+03
9.203000000000000000e+03
2.211000000000000000e+03
8.662000000000000000e+03
4.069000000000000000e+03
6.689000000000000000e+03
1.016900000000000000e+04
2.023000000000000000e+03
5.134000000000000000e+03
4.494000000000000000e+03
4.748000000000000000e+03
2.831000000000000000e+03
6.891000000000000000e+03
5.935000000000000000e+03
3.775000000000000000e+03
5.421000000000000000e+03
8.843000000000000000e+03
9.530000000000000000e+03
7.996000000000000000e+03
1.443000000000000000e+03
1.476000000000000000e+03
9.814000000000000000e+03
3.127000000000000000e+03
2.485000000000000000e+03
1.992000000000000000e+03
1.586000000000000000e+03
4.735000000000000000e+03
7.081000000000000000e+03
1.187800000000000000e+04
1.126400000000000000e+04
4.393000000000000000e+03
3.678000000000000000e+03
8.975000000000000000e+03
9.811000000000000000e+03
6.846000000000000000e+03
5.982000000000000000e+03
5.970000000000000000e+03
7.050000000000000000e+03
1.945000000000000000e+03
1.080000000000000000e+03
1.138900000000000000e+04
6.382000000000000000e+03
2.132000000000000000e+03
9.764000000000000000e+03
1.063200000000000000e+04
9.797000000000000000e+03
5.680000000000000000e+03
1.120600000000000000e+04
3.976000000000000000e+03
9.284000000000000000e+03
1.247400000000000000e+04
5.330000000000000000e+03
1.190000000000000000e+03
8.717000000000000000e+03
7.041000000000000000e+03
1.069300000000000000e+04
9.296000000000000000e+03
1.200500000000000000e+04
4.856000000000000000e+03
1.200000000000000000e+03
7.649000000000000000e+03
1.303100000000000000e+04
2.460000000000000000e+03
1.862000000000000000e+03
5.679000000000000000e+03
5.144000000000000000e+03
8.974000000000000000e+03
4.094000000000000000e+03
1.107000000000000000e+04
6.900000000000000000e+01
3.765000000000000000e+03
1.264200000000000000e+04
5.096000000000000000e+03
8.646000000000000000e+03
5.430000000000000000e+02
5.442000000000000000e+03
1.264000000000000000e+03
4.177000000000000000e+03
1.072100000000000000e+04
4.469000000000000000e+03
9.974000000000000000e+03
9.267000000000000000e+03
4.368000000000000000e+03
8.105000000000000000e+03
1.443000000000000000e+04
8.000000000000000000e+00
3.290000000000000000e+03
9.750000000000000000e+03
6.448000000000000000e+03
7.895000000000000000e+03
1.450400000000000000e+04
5.182000000000000000e+03
2.202000000000000000e+03
1.467200000000000000e+04
3.342000000000000000e+03
4.369000000000000000e+03
1.103800000000000000e+04
4.238000000000000000e+03
3.047000000000000000e+03
1.216600000000000000e+04
9.677000000000000000e+03
1.239400000000000000e+04
1.090100000000000000e+04
1.047700000000000000e+04
1.294600000000000000e+04
5.528000000000000000e+03
7.915000000000000000e+03
8.180000000000000000e+02
3.453000000000000000e+03
2.473000000000000000e+03
1.465000000000000000e+03
3.339000000000000000e+03
9.879000000000000000e+03
7.441000000000000000e+03
1.058200000000000000e+04
4.095000000000000000e+03
1.182900000000000000e+04
3.647000000000000000e+03
6.215000000000000000e+03
8.698000000000000000e+03
1.268100000000000000e+04
5.734000000000000000e+03
5.802000000000000000e+03
9.834000000000000000e+03
4.584000000000000000e+03
1.164200000000000000e+04
1.165900000000000000e+04
1.372900000000000000e+04
4.507000000000000000e+03
2.876000000000000000e+03
9.400000000000000000e+03
1.187700000000000000e+04
4.905000000000000000e+03
5.309000000000000000e+03
7.107000000000000000e+03
7.245000000000000000e+03
8.030000000000000000e+02
5.950000000000000000e+02
4.433000000000000000e+03
5.463000000000000000e+03
8.333000000000000000e+03
1.513000000000000000e+04
1.023000000000000000e+03
2.400000000000000000e+02
5.413000000000000000e+03
5.998000000000000000e+03
6.434000000000000000e+03
7.190000000000000000e+02
9.973000000000000000e+03
8.575000000000000000e+03
5.333000000000000000e+03
8.098000000000000000e+03
1.398800000000000000e+04
4.229000000000000000e+03
1.610400000000000000e+04
8.881000000000000000e+03
3.645000000000000000e+03
8.157000000000000000e+03
2.066000000000000000e+03
2.048000000000000000e+03
3.703000000000000000e+03
4.770000000000000000e+02
1.621000000000000000e+03
1.523600000000000000e+04
1.338200000000000000e+04
4.660000000000000000e+03
3.199000000000000000e+03
3.507000000000000000e+03
2.545000000000000000e+03
2.342000000000000000e+03
1.255100000000000000e+04
1.118900000000000000e+04
7.361000000000000000e+03
1.119000000000000000e+04
7.229000000000000000e+03
9.489000000000000000e+03
9.269000000000000000e+03
1.648600000000000000e+04
1.440000000000000000e+04
5.869000000000000000e+03
6.740000000000000000e+03
5.377000000000000000e+03
1.575500000000000000e+04
1.333100000000000000e+04
6.112000000000000000e+03
1.529200000000000000e+04
2.036000000000000000e+03
1.607400000000000000e+04
1.723500000000000000e+04
1.036900000000000000e+04
1.036100000000000000e+04
1.478900000000000000e+04
1.389800000000000000e+04
6.464000000000000000e+03
1.479000000000000000e+04
1.336100000000000000e+04
1.575600000000000000e+04
3.606000000000000000e+03
1.353200000000000000e+04
1.523100000000000000e+04
7.389000000000000000e+03
1.532200000000000000e+04
1.428100000000000000e+04
5.570000000000000000e+03
1.475800000000000000e+04
1.511600000000000000e+04
9.190000000000000000e+03
9.690000000000000000e+03
7.109000000000000000e+03
3.057000000000000000e+03
1.726900000000000000e+04
1.422300000000000000e+04
1.728600000000000000e+04
1.646900000000000000e+04
1.448500000000000000e+04
1.813000000000000000e+03
1.450300000000000000e+04
2.710000000000000000e+03
1.693100000000000000e+04
1.483300000000000000e+04
1.652300000000000000e+04
1.553800000000000000e+04
1.842000000000000000e+03
1.351600000000000000e+04
1.971000000000000000e+03
4.506000000000000000e+03
1.537400000000000000e+04
3.790000000000000000e+03
1.286000000000000000e+04
1.130400000000000000e+04
7.778000000000000000e+03
1.468600000000000000e+04
1.508500000000000000e+04
1.349800000000000000e+04
7.774000000000000000e+03
1.116100000000000000e+04
1.258800000000000000e+04
1.693000000000000000e+04
1.736100000000000000e+04
2.845000000000000000e+03
1.788200000000000000e+04
1.556800000000000000e+04
7.356000000000000000e+03
1.100900000000000000e+04
1.277600000000000000e+04
1.680000000000000000e+04
1.713300000000000000e+04
2.979000000000000000e+03
3.591000000000000000e+03
1.306000000000000000e+04
1.648500000000000000e+04
4.474000000000000000e+03
1.587800000000000000e+04
6.033000000000000000e+03
1.185300000000000000e+04
4.192000000000000000e+03
3.232000000000000000e+03
1.628000000000000000e+04
1.302500000000000000e+04
8.498000000000000000e+03
1.201500000000000000e+04
3.034000000000000000e+03
1.401300000000000000e+04
1.675200000000000000e+04
1.340900000000000000e+04
1.477100000000000000e+04
9.574000000000000000e+03
1.392500000000000000e+04
4.670000000000000000e+03
1.587700000000000000e+04
3.237000000000000000e+03
1.803400000000000000e+04
9.442000000000000000e+03
1.080800000000000000e+04
1.826300000000000000e+04
1.166000000000000000e+04
1.428200000000000000e+04
1.636200000000000000e+04
1.630300000000000000e+04
6.433000000000000000e+03
1.066300000000000000e+04
1.764200000000000000e+04
1.834800000000000000e+04
1.664400000000000000e+04
6.435000000000000000e+03
1.053600000000000000e+04
1.387600000000000000e+04
3.225000000000000000e+03
2.352000000000000000e+03
1.746000000000000000e+04
1.415400000000000000e+04
1.590100000000000000e+04
8.365000000000000000e+03
1.582800000000000000e+04
1.338100000000000000e+04
1.467100000000000000e+04
1.826400000000000000e+04
1.004000000000000000e+03
3.356000000000000000e+03
4.876000000000000000e+03
9.008000000000000000e+03
5.298000000000000000e+03
1.718000000000000000e+03
9.530000000000000000e+02
1.040100000000000000e+04
8.237000000000000000e+03
1.611000000000000000e+03
1.030900000000000000e+04
1.103700000000000000e+04
1.453600000000000000e+04
1.050900000000000000e+04
1.742400000000000000e+04
1.841800000000000000e+04
1.062300000000000000e+04
8.800000000000000000e+01
3.207000000000000000e+03
2.393000000000000000e+03
2.601000000000000000e+03
1.279900000000000000e+04
1.764300000000000000e+04
1.587900000000000000e+04
1.443100000000000000e+04
7.700000000000000000e+02
9.830000000000000000e+02
1.598600000000000000e+04
1.686900000000000000e+04
1.586100000000000000e+04
3.870000000000000000e+02
8.976000000000000000e+03
4.064000000000000000e+03
1.820000000000000000e+02
4.478000000000000000e+03
1.002000000000000000e+04
7.334000000000000000e+03
1.251900000000000000e+04
5.420000000000000000e+03
1.672000000000000000e+03
1.450500000000000000e+04
1.352400000000000000e+04
2.089000000000000000e+03
1.687000000000000000e+04
1.776000000000000000e+04
1.800000000000000000e+01
8.417000000000000000e+03
7.815000000000000000e+03
1.382300000000000000e+04
1.621600000000000000e+04
1.190900000000000000e+04
1.707000000000000000e+04
1.435900000000000000e+04
1.624300000000000000e+04
9.329000000000000000e+03
6.665000000000000000e+03
6.725000000000000000e+03
7.974000000000000000e+03
6.828000000000000000e+03
