2.900000000000000000e+01
8.000000000000000000e+00
2.600000000000000000e+02
5.670000000000000000e+02
4.500000000000000000e+01
6.690000000000000000e+02
1.200000000000000000e+03
8.550000000000000000e+02
1.000000000000000000e+02
5.490000000000000000e+02
7.780000000000000000e+02
3.560000000000000000e+02
7.860000000000000000e+02
8.800000000000000000e+01
4.460000000000000000e+02
6.100000000000000000e+01
1.122000000000000000e+03
1.456000000000000000e+03
5.430000000000000000e+02
8.970000000000000000e+02
8.460000000000000000e+02
1.542000000000000000e+03
2.985000000000000000e+03
6.040000000000000000e+02
2.088000000000000000e+03
5.360000000000000000e+02
3.678000000000000000e+03
4.660000000000000000e+03
1.599000000000000000e+03
1.143000000000000000e+03
3.742000000000000000e+03
2.831000000000000000e+03
1.118000000000000000e+03
4.433000000000000000e+03
3.356000000000000000e+03
1.489000000000000000e+03
4.760000000000000000e+02
3.550000000000000000e+02
1.484000000000000000e+03
3.051000000000000000e+03
2.301000000000000000e+03
2.980000000000000000e+02
4.199000000000000000e+03
2.094000000000000000e+03
5.528000000000000000e+03
3.870000000000000000e+02
7.790000000000000000e+02
2.791000000000000000e+03
2.344000000000000000e+03
1.219000000000000000e+03
1.465000000000000000e+03
1.992000000000000000e+03
1.436000000000000000e+03
1.924000000000000000e+03
2.270000000000000000e+03
4.876000000000000000e+03
2.912000000000000000e+03
1.450000000000000000e+02
4.095000000000000000e+03
1.720000000000000000e+03
2.202000000000000000e+03
3.034000000000000000e+03
2.013000000000000000e+03
3.199000000000000000e+03
2.759000000000000000e+03
3.298000000000000000e+03
6.382000000000000000e+03
6.140000000000000000e+02
2.372000000000000000e+03
2.039000000000000000e+03
2.183000000000000000e+03
3.743000000000000000e+03
2.293000000000000000e+03
3.765000000000000000e+03
2.768000000000000000e+03
3.277000000000000000e+03
5.096000000000000000e+03
7.356000000000000000e+03
1.945000000000000000e+03
4.856000000000000000e+03
4.043000000000000000e+03
3.976000000000000000e+03
1.080000000000000000e+03
3.585000000000000000e+03
7.330000000000000000e+02
2.459000000000000000e+03
2.456000000000000000e+03
5.734000000000000000e+03
5.333000000000000000e+03
5.982000000000000000e+03
6.086000000000000000e+03
3.250000000000000000e+02
6.780000000000000000e+02
3.606000000000000000e+03
4.393000000000000000e+03
1.166000000000000000e+03
4.474000000000000000e+03
2.436000000000000000e+03
4.494000000000000000e+03
2.560000000000000000e+03
5.330000000000000000e+03
4.064000000000000000e+03
2.602000000000000000e+03
1.142000000000000000e+03
2.342000000000000000e+03
3.127000000000000000e+03
6.033000000000000000e+03
8.180000000000000000e+02
5.810000000000000000e+02
2.211000000000000000e+03
1.639000000000000000e+03
3.731000000000000000e+03
2.089000000000000000e+03
4.670000000000000000e+03
4.507000000000000000e+03
3.140000000000000000e+03
5.802000000000000000e+03
2.042000000000000000e+03
3.015000000000000000e+03
2.678000000000000000e+03
7.229000000000000000e+03
6.593000000000000000e+03
5.451000000000000000e+03
9.322000000000000000e+03
8.881000000000000000e+03
1.879000000000000000e+03
1.225000000000000000e+03
5.959000000000000000e+03
2.958000000000000000e+03
2.473000000000000000e+03
2.620000000000000000e+03
2.182000000000000000e+03
5.447000000000000000e+03
3.044000000000000000e+03
4.800000000000000000e+03
4.900000000000000000e+02
8.365000000000000000e+03
9.489000000000000000e+03
8.237000000000000000e+03
1.601000000000000000e+03
2.636000000000000000e+03
2.690000000000000000e+02
4.289000000000000000e+03
5.722000000000000000e+03
4.664000000000000000e+03
3.153000000000000000e+03
1.873000000000000000e+03
1.360000000000000000e+03
1.110900000000000000e+04
4.905000000000000000e+03
2.738000000000000000e+03
3.559000000000000000e+03
1.612000000000000000e+03
5.625000000000000000e+03
9.833000000000000000e+03
1.524000000000000000e+03
1.365000000000000000e+03
1.640000000000000000e+03
4.770000000000000000e+02
3.290000000000000000e+03
2.023000000000000000e+03
1.080800000000000000e+04
8.946000000000000000e+03
8.740000000000000000e+02
6.546000000000000000e+03
1.674000000000000000e+03
2.979000000000000000e+03
4.083000000000000000e+03
1.869000000000000000e+03
1.917000000000000000e+03
8.717000000000000000e+03
1.140000000000000000e+02
7.068000000000000000e+03
1.842000000000000000e+03
4.983000000000000000e+03
1.526000000000000000e+03
9.751000000000000000e+03
6.800000000000000000e+02
5.140000000000000000e+02
5.130000000000000000e+03
5.689000000000000000e+03
2.066000000000000000e+03
8.976000000000000000e+03
1.293000000000000000e+03
7.673000000000000000e+03
6.440000000000000000e+02
8.498000000000000000e+03
6.828000000000000000e+03
6.800000000000000000e+01
3.424000000000000000e+03
8.975000000000000000e+03
3.352000000000000000e+03
2.187000000000000000e+03
3.775000000000000000e+03
2.876000000000000000e+03
5.134000000000000000e+03
6.215000000000000000e+03
7.980000000000000000e+02
4.369000000000000000e+03
7.200000000000000000e+01
1.443000000000000000e+03
9.879000000000000000e+03
8.959000000000000000e+03
1.126500000000000000e+04
7.476000000000000000e+03
3.207000000000000000e+03
9.267000000000000000e+03
9.890000000000000000e+02
1.062300000000000000e+04
9.269000000000000000e+03
9.008000000000000000e+03
4.497000000000000000e+03
1.166000000000000000e+04
1.971000000000000000e+03
5.570000000000000000e+03
8.918000000000000000e+03
7.974000000000000000e+03
7.041000000000000000e+03
1.352400000000000000e+04
6.456000000000000000e+03
6.435000000000000000e+03
1.201500000000000000e+04
9.834000000000000000e+03
2.917000000000000000e+03
1.024000000000000000e+03
9.284000000000000000e+03
9.442000000000000000e+03
1.072100000000000000e+04
4.748000000000000000e+03
2.109000000000000000e+03
6.378000000000000000e+03
3.219000000000000000e+03
1.435900000000000000e+04
3.508000000000000000e+03
8.662000000000000000e+03
1.387600000000000000e+04
9.961000000000000000e+03
7.915000000000000000e+03
5.998000000000000000e+03
9.668000000000000000e+03
7.361000000000000000e+03
1.063200000000000000e+04
9.797000000000000000e+03
9.296000000000000000e+03
1.617000000000000000e+03
1.302500000000000000e+04
4.637000000000000000e+03
1.165900000000000000e+04
1.384300000000000000e+04
2.049000000000000000e+03
5.950000000000000000e+02
1.090100000000000000e+04
7.190000000000000000e+02
5.299000000000000000e+03
9.203000000000000000e+03
2.953000000000000000e+03
1.389800000000000000e+04
1.036100000000000000e+04
1.371200000000000000e+04
1.476000000000000000e+03
7.155000000000000000e+03
1.190900000000000000e+04
1.328200000000000000e+04
3.511000000000000000e+03
3.673000000000000000e+03
4.426000000000000000e+03
1.382300000000000000e+04
1.384200000000000000e+04
7.745000000000000000e+03
1.780000000000000000e+02
1.004000000000000000e+03
7.539000000000000000e+03
7.401000000000000000e+03
6.806000000000000000e+03
1.611000000000000000e+03
1.272000000000000000e+03
1.624300000000000000e+04
2.132000000000000000e+03
9.457000000000000000e+03
6.126000000000000000e+03
1.438800000000000000e+04
1.264000000000000000e+03
2.485000000000000000e+03
9.041000000000000000e+03
6.121000000000000000e+03
1.125000000000000000e+04
1.353200000000000000e+04
5.741000000000000000e+03
2.594000000000000000e+03
1.338200000000000000e+04
6.150000000000000000e+02
9.161000000000000000e+03
1.069300000000000000e+04
1.516400000000000000e+04
1.333100000000000000e+04
1.428200000000000000e+04
4.735000000000000000e+03
1.090200000000000000e+04
1.185300000000000000e+04
3.038000000000000000e+03
4.368000000000000000e+03
4.608000000000000000e+03
1.162100000000000000e+04
1.598700000000000000e+04
1.257600000000000000e+04
9.654000000000000000e+03
1.136200000000000000e+04
6.465000000000000000e+03
1.341000000000000000e+04
1.216600000000000000e+04
1.432800000000000000e+04
2.446000000000000000e+03
1.648700000000000000e+04
1.125100000000000000e+04
8.266000000000000000e+03
1.483300000000000000e+04
1.774000000000000000e+03
8.030000000000000000e+02
1.587900000000000000e+04
1.228500000000000000e+04
1.340900000000000000e+04
1.182900000000000000e+04
2.908000000000000000e+03
2.845000000000000000e+03
1.612000000000000000e+04
1.161200000000000000e+04
6.725000000000000000e+03
1.862000000000000000e+03
1.120600000000000000e+04
9.107000000000000000e+03
1.575700000000000000e+04
1.422300000000000000e+04
1.532300000000000000e+04
4.970000000000000000e+02
1.556800000000000000e+04
1.671900000000000000e+04
1.372900000000000000e+04
5.380000000000000000e+02
6.665000000000000000e+03
5.421000000000000000e+03
1.239400000000000000e+04
2.940000000000000000e+03
1.443100000000000000e+04
7.730000000000000000e+03
9.099000000000000000e+03
1.119100000000000000e+04
3.232000000000000000e+03
1.038100000000000000e+04
1.049200000000000000e+04
1.060000000000000000e+03
2.747000000000000000e+03
4.052000000000000000e+03
1.621600000000000000e+04
1.691200000000000000e+04
1.190000000000000000e+04
1.562000000000000000e+04
1.313500000000000000e+04
1.086100000000000000e+04
9.585000000000000000e+03
3.237000000000000000e+03
1.475800000000000000e+04
1.450500000000000000e+04
1.078200000000000000e+04
1.477100000000000000e+04
5.442000000000000000e+03
4.950000000000000000e+02
1.138900000000000000e+04
1.590100000000000000e+04
9.329000000000000000e+03
1.262900000000000000e+04
6.795000000000000000e+03
7.774000000000000000e+03
1.265100000000000000e+04
1.053600000000000000e+04
6.836000000000000000e+03
1.449200000000000000e+04
1.086000000000000000e+04
4.957000000000000000e+03
4.254000000000000000e+03
3.962000000000000000e+03
6.689000000000000000e+03
1.511600000000000000e+04
8.576000000000000000e+03
1.033000000000000000e+04
1.294600000000000000e+04
1.268100000000000000e+04
3.494000000000000000e+03
1.187800000000000000e+04
7.559000000000000000e+03
8.677000000000000000e+03
1.060800000000000000e+04
1.553800000000000000e+04
1.630300000000000000e+04
1.528300000000000000e+04
5.050000000000000000e+02
8.698000000000000000e+03
1.586100000000000000e+04
1.247400000000000000e+04
1.205900000000000000e+04
1.386700000000000000e+04
5.870000000000000000e+03
2.987000000000000000e+03
7.334000000000000000e+03
2.353000000000000000e+03
8.321000000000000000e+03
1.575600000000000000e+04
1.587800000000000000e+04
1.015000000000000000e+03
7.437000000000000000e+03
7.062000000000000000e+03
9.574000000000000000e+03
1.523100000000000000e+04
1.707000000000000000e+04
1.684400000000000000e+04
8.098000000000000000e+03
7.108000000000000000e+03
1.107000000000000000e+04
1.532200000000000000e+04
1.126400000000000000e+04
1.630900000000000000e+04
1.578000000000000000e+04
6.891000000000000000e+03
7.278000000000000000e+03
1.200500000000000000e+04
1.195000000000000000e+04
4.501000000000000000e+03
2.310000000000000000e+02
5.548000000000000000e+03
2.608000000000000000e+03
1.473800000000000000e+04
2.040000000000000000e+03
5.413000000000000000e+03
1.353500000000000000e+04
2.864000000000000000e+03
1.586000000000000000e+03
4.069000000000000000e+03
1.802300000000000000e+04
9.660000000000000000e+03
2.711000000000000000e+03
1.778200000000000000e+04
7.973000000000000000e+03
1.652300000000000000e+04
1.658800000000000000e+04
7.344000000000000000e+03
1.816700000000000000e+04
1.454000000000000000e+03
1.269000000000000000e+03
7.230000000000000000e+03
8.843000000000000000e+03
1.373000000000000000e+04
1.772600000000000000e+04
3.057000000000000000e+03
1.207300000000000000e+04
1.757400000000000000e+04
1.429600000000000000e+04
9.212000000000000000e+03
4.744000000000000000e+03
5.362000000000000000e+03
2.057000000000000000e+03
1.748700000000000000e+04
1.687000000000000000e+04
9.780000000000000000e+03
1.540200000000000000e+04
3.780000000000000000e+02
4.238000000000000000e+03
5.935000000000000000e+03
1.428100000000000000e+04
4.956000000000000000e+03
1.643400000000000000e+04
1.658900000000000000e+04
2.996000000000000000e+03
1.261700000000000000e+04
1.519000000000000000e+03
5.095000000000000000e+03
1.646900000000000000e+04
2.221000000000000000e+03
1.693000000000000000e+04
1.736100000000000000e+04
9.974000000000000000e+03
1.664400000000000000e+04
1.440100000000000000e+04
1.793100000000000000e+04
7.032000000000000000e+03
2.105000000000000000e+03
3.162000000000000000e+03
6.260000000000000000e+02
1.265000000000000000e+03
4.584000000000000000e+03
1.764300000000000000e+04
1.640100000000000000e+04
1.105300000000000000e+04
9.735000000000000000e+03
1.841800000000000000e+04
8.947000000000000000e+03
1.032900000000000000e+04
1.705100000000000000e+04
4.906000000000000000e+03
1.303100000000000000e+04
7.050000000000000000e+03
1.788200000000000000e+04
1.523600000000000000e+04
1.529200000000000000e+04
5.481000000000000000e+03
7.061000000000000000e+03
5.298000000000000000e+03
6.900000000000000000e+01
7.510000000000000000e+02
7.121000000000000000e+03
9.764000000000000000e+03
1.111900000000000000e+04
1.475900000000000000e+04
1.497100000000000000e+04
2.390000000000000000e+03
1.276000000000000000e+04
7.011000000000000000e+03
6.511000000000000000e+03
3.419000000000000000e+03
1.582800000000000000e+04
