8.000000000000000000e+00
2.900000000000000000e+01
4.500000000000000000e+01
8.800000000000000000e+01
2.600000000000000000e+02
6.140000000000000000e+02
3.870000000000000000e+02
3.250000000000000000e+02
4.460000000000000000e+02
6.150000000000000000e+02
5.430000000000000000e+02
2.042000000000000000e+03
5.490000000000000000e+02
1.200000000000000000e+03
1.639000000000000000e+03
3.219000000000000000e+03
1.143000000000000000e+03
6.800000000000000000e+02
1.060000000000000000e+03
1.465000000000000000e+03
8.550000000000000000e+02
6.100000000000000000e+01
1.917000000000000000e+03
3.550000000000000000e+02
7.190000000000000000e+02
3.352000000000000000e+03
8.460000000000000000e+02
1.122000000000000000e+03
6.800000000000000000e+01
6.440000000000000000e+02
3.199000000000000000e+03
2.908000000000000000e+03
1.842000000000000000e+03
1.000000000000000000e+02
5.360000000000000000e+02
4.637000000000000000e+03
8.740000000000000000e+02
4.770000000000000000e+02
1.945000000000000000e+03
2.187000000000000000e+03
4.064000000000000000e+03
3.034000000000000000e+03
3.044000000000000000e+03
2.088000000000000000e+03
8.970000000000000000e+02
6.725000000000000000e+03
1.118000000000000000e+03
4.970000000000000000e+02
1.489000000000000000e+03
5.670000000000000000e+02
1.612000000000000000e+03
2.094000000000000000e+03
1.879000000000000000e+03
4.670000000000000000e+03
2.768000000000000000e+03
2.979000000000000000e+03
1.674000000000000000e+03
4.369000000000000000e+03
2.202000000000000000e+03
6.121000000000000000e+03
8.180000000000000000e+02
3.742000000000000000e+03
1.360000000000000000e+03
1.992000000000000000e+03
7.780000000000000000e+02
4.967000000000000000e+03
1.219000000000000000e+03
1.166000000000000000e+03
3.356000000000000000e+03
2.066000000000000000e+03
2.473000000000000000e+03
2.344000000000000000e+03
4.254000000000000000e+03
6.546000000000000000e+03
1.456000000000000000e+03
2.996000000000000000e+03
8.030000000000000000e+02
1.869000000000000000e+03
6.465000000000000000e+03
2.039000000000000000e+03
7.974000000000000000e+03
6.828000000000000000e+03
2.759000000000000000e+03
3.559000000000000000e+03
2.089000000000000000e+03
5.395000000000000000e+03
6.690000000000000000e+02
4.433000000000000000e+03
3.560000000000000000e+02
2.342000000000000000e+03
4.507000000000000000e+03
2.211000000000000000e+03
2.791000000000000000e+03
4.900000000000000000e+02
4.717000000000000000e+03
2.980000000000000000e+02
2.831000000000000000e+03
3.765000000000000000e+03
6.593000000000000000e+03
7.860000000000000000e+02
4.095000000000000000e+03
3.207000000000000000e+03
2.270000000000000000e+03
2.436000000000000000e+03
3.976000000000000000e+03
9.285000000000000000e+03
2.662000000000000000e+03
4.494000000000000000e+03
5.333000000000000000e+03
2.301000000000000000e+03
3.678000000000000000e+03
5.380000000000000000e+02
9.780000000000000000e+03
2.636000000000000000e+03
1.542000000000000000e+03
3.585000000000000000e+03
3.127000000000000000e+03
1.443000000000000000e+03
3.237000000000000000e+03
5.096000000000000000e+03
4.497000000000000000e+03
5.481000000000000000e+03
2.245000000000000000e+03
2.620000000000000000e+03
8.959000000000000000e+03
9.329000000000000000e+03
4.760000000000000000e+02
1.720000000000000000e+03
2.446000000000000000e+03
1.090300000000000000e+04
3.606000000000000000e+03
1.611000000000000000e+03
1.024000000000000000e+03
3.962000000000000000e+03
4.043000000000000000e+03
5.802000000000000000e+03
9.161000000000000000e+03
6.040000000000000000e+02
4.744000000000000000e+03
6.435000000000000000e+03
2.987000000000000000e+03
2.040000000000000000e+03
8.976000000000000000e+03
5.570000000000000000e+03
8.946000000000000000e+03
1.269000000000000000e+03
4.957000000000000000e+03
2.105000000000000000e+03
1.450000000000000000e+02
9.833000000000000000e+03
4.856000000000000000e+03
1.038100000000000000e+04
8.576000000000000000e+03
3.277000000000000000e+03
2.013000000000000000e+03
7.745000000000000000e+03
1.971000000000000000e+03
1.365000000000000000e+03
2.293000000000000000e+03
3.775000000000000000e+03
2.985000000000000000e+03
3.162000000000000000e+03
7.730000000000000000e+03
1.080000000000000000e+03
7.401000000000000000e+03
1.924000000000000000e+03
3.731000000000000000e+03
6.795000000000000000e+03
7.032000000000000000e+03
7.229000000000000000e+03
1.265000000000000000e+03
1.032900000000000000e+04
2.560000000000000000e+03
5.134000000000000000e+03
9.751000000000000000e+03
1.207300000000000000e+04
1.803000000000000000e+03
4.501000000000000000e+03
2.602000000000000000e+03
5.734000000000000000e+03
2.711000000000000000e+03
3.419000000000000000e+03
8.365000000000000000e+03
3.743000000000000000e+03
6.033000000000000000e+03
9.099000000000000000e+03
1.125000000000000000e+04
1.126600000000000000e+04
2.182000000000000000e+03
7.973000000000000000e+03
1.078200000000000000e+04
7.230000000000000000e+03
4.100000000000000000e+02
4.393000000000000000e+03
4.474000000000000000e+03
1.190000000000000000e+04
9.668000000000000000e+03
6.665000000000000000e+03
7.495000000000000000e+03
1.373000000000000000e+04
9.008000000000000000e+03
1.028700000000000000e+04
6.650000000000000000e+02
9.442000000000000000e+03
3.298000000000000000e+03
4.876000000000000000e+03
1.086100000000000000e+04
4.905000000000000000e+03
2.265000000000000000e+03
3.232000000000000000e+03
5.998000000000000000e+03
4.748000000000000000e+03
2.485000000000000000e+03
2.459000000000000000e+03
1.162100000000000000e+04
1.066400000000000000e+04
4.660000000000000000e+03
9.961000000000000000e+03
1.599000000000000000e+03
7.068000000000000000e+03
2.958000000000000000e+03
2.372000000000000000e+03
1.060800000000000000e+04
9.269000000000000000e+03
4.462000000000000000e+03
6.511000000000000000e+03
7.361000000000000000e+03
1.090200000000000000e+04
2.390000000000000000e+03
1.125100000000000000e+04
1.476000000000000000e+03
8.237000000000000000e+03
9.323000000000000000e+03
1.257600000000000000e+04
5.413000000000000000e+03
1.036100000000000000e+04
1.862000000000000000e+03
5.625000000000000000e+03
7.774000000000000000e+03
1.205900000000000000e+04
2.183000000000000000e+03
1.384300000000000000e+04
1.126500000000000000e+04
1.449200000000000000e+04
1.329700000000000000e+04
1.136200000000000000e+04
1.049200000000000000e+04
5.330000000000000000e+03
9.015000000000000000e+03
1.110900000000000000e+04
1.774000000000000000e+03
3.290000000000000000e+03
5.959000000000000000e+03
6.086000000000000000e+03
7.476000000000000000e+03
1.004000000000000000e+03
8.799000000000000000e+03
5.362000000000000000e+03
5.950000000000000000e+02
1.161200000000000000e+04
9.245000000000000000e+03
1.276000000000000000e+04
1.080900000000000000e+04
2.023000000000000000e+03
5.982000000000000000e+03
4.906000000000000000e+03
1.265100000000000000e+04
3.153000000000000000e+03
6.378000000000000000e+03
1.053700000000000000e+04
2.890000000000000000e+03
8.498000000000000000e+03
9.660000000000000000e+03
1.327300000000000000e+04
9.489000000000000000e+03
3.133000000000000000e+03
1.503500000000000000e+04
1.553900000000000000e+04
7.155000000000000000e+03
2.845000000000000000e+03
1.190900000000000000e+04
7.489000000000000000e+03
5.442000000000000000e+03
4.735000000000000000e+03
9.322000000000000000e+03
1.119100000000000000e+04
1.341000000000000000e+04
1.262900000000000000e+04
2.033000000000000000e+03
6.260000000000000000e+02
7.330000000000000000e+02
1.142000000000000000e+03
8.266000000000000000e+03
1.062300000000000000e+04
1.195000000000000000e+04
9.562000000000000000e+03
1.526000000000000000e+03
1.388900000000000000e+04
1.086000000000000000e+04
7.061000000000000000e+03
1.475900000000000000e+04
7.915000000000000000e+03
1.473800000000000000e+04
1.328200000000000000e+04
1.353500000000000000e+04
1.426200000000000000e+04
1.458700000000000000e+04
1.261700000000000000e+04
8.746000000000000000e+03
4.052000000000000000e+03
5.176000000000000000e+03
8.790000000000000000e+03
4.040000000000000000e+03
3.371000000000000000e+03
5.689000000000000000e+03
1.313500000000000000e+04
4.238000000000000000e+03
1.429600000000000000e+04
1.497100000000000000e+04
7.011000000000000000e+03
6.780000000000000000e+02
7.384000000000000000e+03
1.101000000000000000e+04
1.051700000000000000e+04
7.437000000000000000e+03
3.424000000000000000e+03
1.546800000000000000e+04
9.267000000000000000e+03
5.722000000000000000e+03
9.834000000000000000e+03
1.450500000000000000e+04
7.356000000000000000e+03
1.524900000000000000e+04
4.083000000000000000e+03
1.371200000000000000e+04
6.671000000000000000e+03
1.386700000000000000e+04
8.947000000000000000e+03
1.031000000000000000e+04
1.010500000000000000e+04
5.810000000000000000e+02
1.443100000000000000e+04
1.377400000000000000e+04
5.808000000000000000e+03
1.540200000000000000e+04
7.200000000000000000e+01
4.800000000000000000e+03
2.747000000000000000e+03
1.166000000000000000e+04
1.658800000000000000e+04
8.881000000000000000e+03
1.185300000000000000e+04
3.957000000000000000e+03
1.169900000000000000e+04
1.440100000000000000e+04
1.654500000000000000e+04
1.340900000000000000e+04
1.111900000000000000e+04
7.029000000000000000e+03
7.480000000000000000e+02
1.528300000000000000e+04
8.098000000000000000e+03
1.658900000000000000e+04
1.033000000000000000e+04
3.511000000000000000e+03
1.228500000000000000e+04
1.432800000000000000e+04
1.137300000000000000e+04
7.203000000000000000e+03
1.792000000000000000e+03
1.797200000000000000e+04
1.128900000000000000e+04
1.270700000000000000e+04
1.578000000000000000e+04
1.643400000000000000e+04
6.382000000000000000e+03
9.284000000000000000e+03
1.201500000000000000e+04
1.748700000000000000e+04
1.705100000000000000e+04
1.675300000000000000e+04
1.532300000000000000e+04
9.472000000000000000e+03
3.581000000000000000e+03
5.961000000000000000e+03
2.109000000000000000e+03
6.806000000000000000e+03
2.132000000000000000e+03
1.246000000000000000e+03
1.788300000000000000e+04
3.015000000000000000e+03
7.980000000000000000e+02
1.640100000000000000e+04
1.562000000000000000e+04
7.062000000000000000e+03
3.480000000000000000e+03
1.575700000000000000e+04
1.438800000000000000e+04
6.635000000000000000e+03
1.780200000000000000e+04
1.684400000000000000e+04
9.586000000000000000e+03
7.252000000000000000e+03
9.920000000000000000e+03
1.384200000000000000e+04
4.664000000000000000e+03
4.289000000000000000e+03
5.548000000000000000e+03
9.041000000000000000e+03
1.656400000000000000e+04
1.196000000000000000e+03
1.225800000000000000e+04
9.212000000000000000e+03
5.528000000000000000e+03
1.586100000000000000e+04
9.797000000000000000e+03
1.757400000000000000e+04
6.141000000000000000e+03
8.800000000000000000e+03
1.140000000000000000e+02
1.373100000000000000e+04
1.760700000000000000e+04
1.094700000000000000e+04
7.344000000000000000e+03
1.750800000000000000e+04
2.690000000000000000e+02
1.630900000000000000e+04
1.390900000000000000e+04
1.630300000000000000e+04
7.559000000000000000e+03
1.387600000000000000e+04
1.080800000000000000e+04
1.824400000000000000e+04
1.793100000000000000e+04
1.136300000000000000e+04
1.091200000000000000e+04
1.264000000000000000e+03
2.036000000000000000e+03
1.422300000000000000e+04
1.707000000000000000e+04
1.772600000000000000e+04
1.508600000000000000e+04
4.304000000000000000e+03
2.396000000000000000e+03
1.598700000000000000e+04
1.428200000000000000e+04
9.369000000000000000e+03
1.687000000000000000e+04
1.701400000000000000e+04
6.194000000000000000e+03
1.116200000000000000e+04
1.775400000000000000e+04
1.645600000000000000e+04
5.580000000000000000e+02
6.185000000000000000e+03
1.255100000000000000e+04
3.051000000000000000e+03
1.436000000000000000e+03
1.352400000000000000e+04
4.070000000000000000e+03
1.213500000000000000e+04
1.121800000000000000e+04
6.689000000000000000e+03
1.518500000000000000e+04
5.960000000000000000e+03
5.140000000000000000e+02
5.447000000000000000e+03
1.587900000000000000e+04
1.799300000000000000e+04
1.477200000000000000e+04
1.667100000000000000e+04
8.717000000000000000e+03
8.385000000000000000e+03
1.072200000000000000e+04
2.049000000000000000e+03
1.477100000000000000e+04
1.791500000000000000e+04
1.175500000000000000e+04
6.892000000000000000e+03
1.365900000000000000e+04
1.371300000000000000e+04
1.561000000000000000e+03
1.648700000000000000e+04
1.581300000000000000e+04
5.160000000000000000e+03
3.607000000000000000e+03
7.081000000000000000e+03
2.738000000000000000e+03
7.041000000000000000e+03
1.845800000000000000e+04
1.294700000000000000e+04
4.026000000000000000e+03
1.074400000000000000e+04
1.528000000000000000e+03
1.353200000000000000e+04
2.678000000000000000e+03
1.601000000000000000e+03
1.624300000000000000e+04
1.812400000000000000e+04
1.643500000000000000e+04
1.952000000000000000e+03
3.664000000000000000e+03
3.120000000000000000e+03
8.182000000000000000e+03
1.243800000000000000e+04
2.864000000000000000e+03
5.421000000000000000e+03
4.199000000000000000e+03
3.140000000000000000e+03
7.673000000000000000e+03
1.090100000000000000e+04
1.382300000000000000e+04
1.671900000000000000e+04
1.652400000000000000e+04
1.829800000000000000e+04
1.552200000000000000e+04
1.191900000000000000e+04
4.012000000000000000e+03
1.272000000000000000e+03
1.165900000000000000e+04
1.873000000000000000e+03
1.333100000000000000e+04
1.550600000000000000e+04
1.430600000000000000e+04
1.224900000000000000e+04
8.060000000000000000e+02
5.510000000000000000e+02
5.514000000000000000e+03
