8.000000000000000000e+00
6.800000000000000000e+01
1.384000000000000000e+03
4.770000000000000000e+02
4.970000000000000000e+02
4.500000000000000000e+01
6.140000000000000000e+02
7.190000000000000000e+02
8.800000000000000000e+01
3.870000000000000000e+02
6.440000000000000000e+02
5.380000000000000000e+02
6.260000000000000000e+02
1.004000000000000000e+03
6.150000000000000000e+02
3.250000000000000000e+02
2.105000000000000000e+03
6.100000000000000000e+01
6.800000000000000000e+02
2.265000000000000000e+03
2.446000000000000000e+03
2.390000000000000000e+03
3.120000000000000000e+03
1.269000000000000000e+03
2.040000000000000000e+03
5.950000000000000000e+02
8.180000000000000000e+02
1.166000000000000000e+03
5.430000000000000000e+02
1.611000000000000000e+03
1.580000000000000000e+02
3.371000000000000000e+03
6.650000000000000000e+02
1.060000000000000000e+03
1.528000000000000000e+03
4.100000000000000000e+02
1.803000000000000000e+03
2.066000000000000000e+03
1.842000000000000000e+03
2.900000000000000000e+01
2.662000000000000000e+03
8.360000000000000000e+02
8.740000000000000000e+02
1.917000000000000000e+03
1.443000000000000000e+03
4.906000000000000000e+03
1.612000000000000000e+03
2.245000000000000000e+03
3.162000000000000000e+03
3.419000000000000000e+03
1.879000000000000000e+03
3.207000000000000000e+03
2.845000000000000000e+03
7.480000000000000000e+02
7.029000000000000000e+03
1.674000000000000000e+03
4.957000000000000000e+03
6.194000000000000000e+03
3.237000000000000000e+03
2.711000000000000000e+03
2.187000000000000000e+03
5.362000000000000000e+03
1.265000000000000000e+03
6.141000000000000000e+03
1.080000000000000000e+03
6.892000000000000000e+03
6.511000000000000000e+03
4.026000000000000000e+03
8.460000000000000000e+02
7.176000000000000000e+03
2.089000000000000000e+03
4.460000000000000000e+02
2.908000000000000000e+03
6.300000000000000000e+02
1.639000000000000000e+03
2.987000000000000000e+03
2.684000000000000000e+03
4.304000000000000000e+03
4.052000000000000000e+03
1.360000000000000000e+03
2.996000000000000000e+03
3.559000000000000000e+03
5.510000000000000000e+02
8.271000000000000000e+03
5.490000000000000000e+02
3.664000000000000000e+03
8.343000000000000000e+03
2.396000000000000000e+03
2.636000000000000000e+03
7.011000000000000000e+03
3.196000000000000000e+03
1.952000000000000000e+03
2.033000000000000000e+03
4.779000000000000000e+03
4.501000000000000000e+03
2.950000000000000000e+02
4.462000000000000000e+03
2.979000000000000000e+03
4.744000000000000000e+03
3.133000000000000000e+03
2.890000000000000000e+03
7.983000000000000000e+03
2.528000000000000000e+03
5.481000000000000000e+03
4.040000000000000000e+03
7.061000000000000000e+03
8.919000000000000000e+03
7.050000000000000000e+02
2.436000000000000000e+03
1.792000000000000000e+03
1.024000000000000000e+03
2.039000000000000000e+03
8.182000000000000000e+03
2.473000000000000000e+03
2.211000000000000000e+03
1.869000000000000000e+03
5.395000000000000000e+03
1.196000000000000000e+03
3.044000000000000000e+03
2.088000000000000000e+03
1.365000000000000000e+03
4.561000000000000000e+03
9.369000000000000000e+03
7.932000000000000000e+03
8.746000000000000000e+03
1.118000000000000000e+03
1.934000000000000000e+03
1.260000000000000000e+03
5.808000000000000000e+03
9.472000000000000000e+03
4.717000000000000000e+03
2.958000000000000000e+03
7.304000000000000000e+03
5.442000000000000000e+03
5.961000000000000000e+03
2.202000000000000000e+03
5.360000000000000000e+02
7.252000000000000000e+03
1.219000000000000000e+03
1.990000000000000000e+02
5.900000000000000000e+01
3.775000000000000000e+03
7.437000000000000000e+03
8.266000000000000000e+03
8.030000000000000000e+02
4.967000000000000000e+03
3.581000000000000000e+03
2.747000000000000000e+03
6.635000000000000000e+03
1.378600000000000000e+04
4.905000000000000000e+03
1.246000000000000000e+03
5.414000000000000000e+03
9.212000000000000000e+03
6.645000000000000000e+03
7.032000000000000000e+03
8.060000000000000000e+02
7.489000000000000000e+03
8.790000000000000000e+03
3.219000000000000000e+03
5.160000000000000000e+03
7.230000000000000000e+03
7.384000000000000000e+03
9.579000000000000000e+03
3.607000000000000000e+03
3.232000000000000000e+03
6.185000000000000000e+03
2.042000000000000000e+03
9.245000000000000000e+03
4.984000000000000000e+03
4.254000000000000000e+03
7.973000000000000000e+03
7.495000000000000000e+03
9.259000000000000000e+03
3.636000000000000000e+03
7.783000000000000000e+03
7.425000000000000000e+03
3.606000000000000000e+03
1.085400000000000000e+04
4.497000000000000000e+03
1.561000000000000000e+03
6.795000000000000000e+03
1.465000000000000000e+03
1.094700000000000000e+04
1.136300000000000000e+04
1.152900000000000000e+04
8.800000000000000000e+03
1.862000000000000000e+03
9.586000000000000000e+03
1.116200000000000000e+04
1.224900000000000000e+04
7.456000000000000000e+03
1.091200000000000000e+04
1.101000000000000000e+04
1.043700000000000000e+04
1.992000000000000000e+03
7.203000000000000000e+03
1.074400000000000000e+04
1.010500000000000000e+04
1.345000000000000000e+04
1.117900000000000000e+04
1.502000000000000000e+03
8.970000000000000000e+02
4.637000000000000000e+03
9.323000000000000000e+03
1.132300000000000000e+04
7.730000000000000000e+03
8.799000000000000000e+03
3.550000000000000000e+02
3.731000000000000000e+03
9.015000000000000000e+03
5.580000000000000000e+02
1.008100000000000000e+04
7.062000000000000000e+03
3.480000000000000000e+03
1.053700000000000000e+04
1.051700000000000000e+04
4.988000000000000000e+03
1.270600000000000000e+04
1.121800000000000000e+04
1.033000000000000000e+04
7.560000000000000000e+02
1.281900000000000000e+04
1.137300000000000000e+04
1.315200000000000000e+04
2.771000000000000000e+03
1.008000000000000000e+04
1.263000000000000000e+04
1.066400000000000000e+04
8.400000000000000000e+01
4.012000000000000000e+03
1.000000000000000000e+02
2.980000000000000000e+02
1.410300000000000000e+04
9.562000000000000000e+03
8.385000000000000000e+03
1.069400000000000000e+04
1.365900000000000000e+04
6.354000000000000000e+03
1.945000000000000000e+03
1.294700000000000000e+04
1.397600000000000000e+04
1.213500000000000000e+04
9.191000000000000000e+03
4.243000000000000000e+03
1.072200000000000000e+04
7.221000000000000000e+03
8.638000000000000000e+03
2.485000000000000000e+03
1.175500000000000000e+04
1.405700000000000000e+04
1.053800000000000000e+04
1.605600000000000000e+04
1.112000000000000000e+04
1.476000000000000000e+03
7.401000000000000000e+03
1.344900000000000000e+04
3.495000000000000000e+03
1.280000000000000000e+04
6.671000000000000000e+03
1.169900000000000000e+04
5.960000000000000000e+03
9.660000000000000000e+03
1.388800000000000000e+04
1.360200000000000000e+04
3.034000000000000000e+03
3.173000000000000000e+03
6.033000000000000000e+03
7.068000000000000000e+03
1.031000000000000000e+04
7.246000000000000000e+03
1.080900000000000000e+04
1.212100000000000000e+04
7.041000000000000000e+03
1.290800000000000000e+04
9.054000000000000000e+03
1.390900000000000000e+04
4.393000000000000000e+03
3.127000000000000000e+03
7.774000000000000000e+03
1.028700000000000000e+04
5.690000000000000000e+03
1.087100000000000000e+04
2.345000000000000000e+03
1.133600000000000000e+04
8.005000000000000000e+03
1.530600000000000000e+04
2.600000000000000000e+02
1.099400000000000000e+04
1.430600000000000000e+04
1.086000000000000000e+04
1.597200000000000000e+04
1.200600000000000000e+04
1.518500000000000000e+04
9.108000000000000000e+03
1.081000000000000000e+03
2.478000000000000000e+03
2.270000000000000000e+03
1.270700000000000000e+04
3.352000000000000000e+03
1.550600000000000000e+04
1.529300000000000000e+04
1.325300000000000000e+04
7.345000000000000000e+03
8.550000000000000000e+02
1.202400000000000000e+04
1.446200000000000000e+04
8.947000000000000000e+03
1.552200000000000000e+04
4.258000000000000000e+03
5.817000000000000000e+03
1.252800000000000000e+04
1.377400000000000000e+04
4.622000000000000000e+03
1.595300000000000000e+04
5.570000000000000000e+03
1.060800000000000000e+04
7.745000000000000000e+03
4.070000000000000000e+03
9.285000000000000000e+03
5.008000000000000000e+03
1.348900000000000000e+04
6.665000000000000000e+03
1.128900000000000000e+04
1.081000000000000000e+04
1.581300000000000000e+04
1.284100000000000000e+04
8.026000000000000000e+03
4.950000000000000000e+03
4.087000000000000000e+03
1.684500000000000000e+04
8.544000000000000000e+03
2.602000000000000000e+03
3.585000000000000000e+03
6.435000000000000000e+03
1.049200000000000000e+04
3.957000000000000000e+03
1.119100000000000000e+04
1.191900000000000000e+04
1.261700000000000000e+04
4.470000000000000000e+03
3.765000000000000000e+03
1.171800000000000000e+04
1.243800000000000000e+04
1.438900000000000000e+04
1.122000000000000000e+03
5.722000000000000000e+03
4.670000000000000000e+03
1.670300000000000000e+04
1.595200000000000000e+04
1.125100000000000000e+04
1.286100000000000000e+04
1.225800000000000000e+04
3.962000000000000000e+03
1.643500000000000000e+04
1.613300000000000000e+04
7.565000000000000000e+03
3.298000000000000000e+03
1.090200000000000000e+04
6.226000000000000000e+03
4.702000000000000000e+03
1.082100000000000000e+04
1.245600000000000000e+04
1.583000000000000000e+04
5.988000000000000000e+03
2.094000000000000000e+03
1.228500000000000000e+04
1.477200000000000000e+04
1.656500000000000000e+04
1.355000000000000000e+03
1.263100000000000000e+04
4.749000000000000000e+03
1.701400000000000000e+04
4.064000000000000000e+03
3.976000000000000000e+03
1.765600000000000000e+04
1.245700000000000000e+04
1.587000000000000000e+03
1.283400000000000000e+04
8.237000000000000000e+03
5.858000000000000000e+03
7.082000000000000000e+03
5.998000000000000000e+03
7.975000000000000000e+03
7.344000000000000000e+03
3.356000000000000000e+03
1.032900000000000000e+04
1.508600000000000000e+04
1.125200000000000000e+04
2.603000000000000000e+03
9.442000000000000000e+03
6.593000000000000000e+03
1.524900000000000000e+04
1.353500000000000000e+04
1.262900000000000000e+04
4.876000000000000000e+03
1.616800000000000000e+04
1.506900000000000000e+04
1.126600000000000000e+04
2.494000000000000000e+03
1.645600000000000000e+04
9.192000000000000000e+03
7.586000000000000000e+03
3.803000000000000000e+03
1.680100000000000000e+04
1.111000000000000000e+04
1.667000000000000000e+03
2.768000000000000000e+03
7.022000000000000000e+03
1.488100000000000000e+04
4.474000000000000000e+03
4.507000000000000000e+03
1.195000000000000000e+04
6.465000000000000000e+03
1.200700000000000000e+04
8.344000000000000000e+03
5.061000000000000000e+03
6.378000000000000000e+03
1.667100000000000000e+04
2.119000000000000000e+03
1.407400000000000000e+04
1.111900000000000000e+04
1.386700000000000000e+04
9.961000000000000000e+03
1.467300000000000000e+04
1.705200000000000000e+04
1.441200000000000000e+04
1.628100000000000000e+04
2.023000000000000000e+03
1.432800000000000000e+04
1.388900000000000000e+04
1.313500000000000000e+04
1.656400000000000000e+04
1.090300000000000000e+04
1.725000000000000000e+04
1.381100000000000000e+04
1.119500000000000000e+04
3.277000000000000000e+03
1.078200000000000000e+04
1.185300000000000000e+04
3.199000000000000000e+03
1.701300000000000000e+04
1.834900000000000000e+04
1.374100000000000000e+04
1.675400000000000000e+04
1.230200000000000000e+04
1.136200000000000000e+04
1.429600000000000000e+04
1.440200000000000000e+04
4.189000000000000000e+03
1.725900000000000000e+04
1.924000000000000000e+03
1.143000000000000000e+03
1.426200000000000000e+04
1.687000000000000000e+04
1.265100000000000000e+04
9.008000000000000000e+03
1.823300000000000000e+04
1.800800000000000000e+04
1.063000000000000000e+03
3.744000000000000000e+03
1.371300000000000000e+04
2.259000000000000000e+03
9.920000000000000000e+03
1.188000000000000000e+04
6.725000000000000000e+03
1.251100000000000000e+04
1.803500000000000000e+04
1.236300000000000000e+04
7.585000000000000000e+03
1.223500000000000000e+04
3.560000000000000000e+03
5.330000000000000000e+03
1.161200000000000000e+04
9.161000000000000000e+03
1.497100000000000000e+04
1.458700000000000000e+04
3.908000000000000000e+03
3.818000000000000000e+03
1.325400000000000000e+04
2.182000000000000000e+03
1.440100000000000000e+04
1.791500000000000000e+04
2.383000000000000000e+03
1.843600000000000000e+04
7.760000000000000000e+03
1.078000000000000000e+03
1.434800000000000000e+04
5.802000000000000000e+03
7.229000000000000000e+03
1.658900000000000000e+04
9.099000000000000000e+03
2.831000000000000000e+03
5.176000000000000000e+03
1.829800000000000000e+04
8.220000000000000000e+03
1.388000000000000000e+03
8.085000000000000000e+03
9.009000000000000000e+03
8.172000000000000000e+03
2.342000000000000000e+03
5.548000000000000000e+03
4.748000000000000000e+03
4.369000000000000000e+03
9.780000000000000000e+03
3.166000000000000000e+03
9.861000000000000000e+03
1.775500000000000000e+04
1.804300000000000000e+04
1.274200000000000000e+04
1.727000000000000000e+04
1.097200000000000000e+04
1.274300000000000000e+04
1.456300000000000000e+04
1.471500000000000000e+04
3.290000000000000000e+03
2.372000000000000000e+03
1.205900000000000000e+04
5.982000000000000000e+03
1.207300000000000000e+04
9.668000000000000000e+03
1.503500000000000000e+04
1.675300000000000000e+04
1.812400000000000000e+04
1.329700000000000000e+04
1.468700000000000000e+04
3.500000000000000000e+02
1.710300000000000000e+04
3.128000000000000000e+03
1.495600000000000000e+04
4.968000000000000000e+03
1.116300000000000000e+04
5.647000000000000000e+03
1.057100000000000000e+04
7.784000000000000000e+03
2.424000000000000000e+03
