1.990000000000000000e+02
4.100000000000000000e+02
8.400000000000000000e+01
2.950000000000000000e+02
5.580000000000000000e+02
5.900000000000000000e+01
5.510000000000000000e+02
2.119000000000000000e+03
1.081000000000000000e+03
6.800000000000000000e+01
2.142000000000000000e+03
1.063000000000000000e+03
3.030000000000000000e+02
2.642000000000000000e+03
1.580000000000000000e+02
7.050000000000000000e+02
1.246000000000000000e+03
7.480000000000000000e+02
2.810000000000000000e+02
1.265000000000000000e+03
7.470000000000000000e+02
3.350000000000000000e+02
1.910000000000000000e+03
3.173000000000000000e+03
1.857000000000000000e+03
1.196000000000000000e+03
8.800000000000000000e+01
1.792000000000000000e+03
1.561000000000000000e+03
6.260000000000000000e+02
5.380000000000000000e+02
6.650000000000000000e+02
3.560000000000000000e+03
3.166000000000000000e+03
3.850000000000000000e+03
6.300000000000000000e+02
2.208000000000000000e+03
2.259000000000000000e+03
4.104000000000000000e+03
1.823000000000000000e+03
3.908000000000000000e+03
5.950000000000000000e+02
1.595000000000000000e+03
2.345000000000000000e+03
3.818000000000000000e+03
8.000000000000000000e+00
1.388000000000000000e+03
1.490000000000000000e+03
8.360000000000000000e+02
8.060000000000000000e+02
7.247000000000000000e+03
3.957000000000000000e+03
2.684000000000000000e+03
1.874000000000000000e+03
3.833000000000000000e+03
2.771000000000000000e+03
1.470000000000000000e+03
1.260000000000000000e+03
3.196000000000000000e+03
6.547000000000000000e+03
5.858000000000000000e+03
4.189000000000000000e+03
1.952000000000000000e+03
5.008000000000000000e+03
5.690000000000000000e+03
2.990000000000000000e+02
4.988000000000000000e+03
8.030000000000000000e+02
2.494000000000000000e+03
1.502000000000000000e+03
3.803000000000000000e+03
1.080000000000000000e+03
4.243000000000000000e+03
1.587000000000000000e+03
2.033000000000000000e+03
2.383000000000000000e+03
1.761000000000000000e+03
4.470000000000000000e+03
6.933000000000000000e+03
3.607000000000000000e+03
3.495000000000000000e+03
5.466000000000000000e+03
3.744000000000000000e+03
1.528000000000000000e+03
4.968000000000000000e+03
2.603000000000000000e+03
4.041000000000000000e+03
7.391000000000000000e+03
2.361000000000000000e+03
5.176000000000000000e+03
2.585000000000000000e+03
5.514000000000000000e+03
4.749000000000000000e+03
1.759000000000000000e+03
1.667000000000000000e+03
2.396000000000000000e+03
3.636000000000000000e+03
5.825000000000000000e+03
4.622000000000000000e+03
4.012000000000000000e+03
6.710000000000000000e+03
8.852000000000000000e+03
8.822000000000000000e+03
2.528000000000000000e+03
5.669000000000000000e+03
5.960000000000000000e+03
4.702000000000000000e+03
4.950000000000000000e+03
7.586000000000000000e+03
1.803000000000000000e+03
1.934000000000000000e+03
4.947000000000000000e+03
7.375000000000000000e+03
2.278000000000000000e+03
3.581000000000000000e+03
6.206000000000000000e+03
7.069000000000000000e+03
9.280000000000000000e+02
4.071000000000000000e+03
5.647000000000000000e+03
4.322000000000000000e+03
7.082000000000000000e+03
2.890000000000000000e+03
1.180000000000000000e+02
5.924000000000000000e+03
4.157000000000000000e+03
6.354000000000000000e+03
1.027500000000000000e+04
6.005000000000000000e+03
5.061000000000000000e+03
4.500000000000000000e+01
4.561000000000000000e+03
1.174000000000000000e+04
5.414000000000000000e+03
9.297000000000000000e+03
5.712000000000000000e+03
1.862000000000000000e+03
4.258000000000000000e+03
6.034000000000000000e+03
8.740000000000000000e+02
1.269000000000000000e+03
5.460000000000000000e+02
4.087000000000000000e+03
7.585000000000000000e+03
9.541000000000000000e+03
5.842000000000000000e+03
8.791000000000000000e+03
3.133000000000000000e+03
7.144000000000000000e+03
8.005000000000000000e+03
6.053000000000000000e+03
3.664000000000000000e+03
6.872000000000000000e+03
5.988000000000000000e+03
1.184500000000000000e+04
2.747000000000000000e+03
4.623000000000000000e+03
1.200800000000000000e+04
7.345000000000000000e+03
1.024000000000000000e+03
1.078000000000000000e+03
6.671000000000000000e+03
1.002100000000000000e+04
9.192000000000000000e+03
4.045000000000000000e+03
9.638000000000000000e+03
7.760000000000000000e+03
7.400000000000000000e+02
8.631000000000000000e+03
4.040000000000000000e+03
8.172000000000000000e+03
8.831000000000000000e+03
1.004000000000000000e+03
3.250000000000000000e+02
9.861000000000000000e+03
5.817000000000000000e+03
2.781000000000000000e+03
7.344000000000000000e+03
6.440000000000000000e+02
2.245000000000000000e+03
4.984000000000000000e+03
9.037000000000000000e+03
5.871000000000000000e+03
9.109000000000000000e+03
2.711000000000000000e+03
6.645000000000000000e+03
1.289200000000000000e+04
2.836000000000000000e+03
8.220000000000000000e+03
7.022000000000000000e+03
5.160000000000000000e+03
7.385000000000000000e+03
3.731000000000000000e+03
6.185000000000000000e+03
1.060900000000000000e+04
8.180000000000000000e+02
9.920000000000000000e+03
9.009000000000000000e+03
1.406000000000000000e+03
7.565000000000000000e+03
1.141200000000000000e+04
8.085000000000000000e+03
1.365000000000000000e+03
2.023000000000000000e+03
1.148900000000000000e+04
4.463000000000000000e+03
9.030000000000000000e+03
7.589000000000000000e+03
3.128000000000000000e+03
1.212200000000000000e+04
5.830000000000000000e+03
9.382000000000000000e+03
2.209000000000000000e+03
3.070000000000000000e+02
7.456000000000000000e+03
1.291900000000000000e+04
4.304000000000000000e+03
1.055700000000000000e+04
1.116300000000000000e+04
6.093000000000000000e+03
1.461000000000000000e+03
2.636000000000000000e+03
4.026000000000000000e+03
1.323600000000000000e+04
5.742000000000000000e+03
1.097200000000000000e+04
7.602000000000000000e+03
1.310800000000000000e+04
5.585000000000000000e+03
8.638000000000000000e+03
1.119500000000000000e+04
6.665000000000000000e+03
9.108000000000000000e+03
1.153000000000000000e+04
1.869000000000000000e+03
2.987000000000000000e+03
4.970000000000000000e+02
1.384000000000000000e+03
1.052800000000000000e+04
3.419000000000000000e+03
8.544000000000000000e+03
8.334000000000000000e+03
9.055000000000000000e+03
1.369200000000000000e+04
7.062000000000000000e+03
1.445000000000000000e+03
8.026000000000000000e+03
4.779000000000000000e+03
1.349900000000000000e+04
1.154200000000000000e+04
1.298500000000000000e+04
6.796000000000000000e+03
9.238000000000000000e+03
1.519600000000000000e+04
1.270800000000000000e+04
1.418900000000000000e+04
3.478000000000000000e+03
7.784000000000000000e+03
7.975000000000000000e+03
1.183000000000000000e+04
2.793000000000000000e+03
1.192000000000000000e+04
9.054000000000000000e+03
6.226000000000000000e+03
3.120000000000000000e+03
3.500000000000000000e+02
1.103000000000000000e+03
7.719000000000000000e+03
8.027000000000000000e+03
5.284000000000000000e+03
1.301000000000000000e+04
4.770000000000000000e+02
8.625000000000000000e+03
1.054500000000000000e+04
9.478000000000000000e+03
4.525000000000000000e+03
1.111000000000000000e+04
4.111000000000000000e+03
1.516500000000000000e+04
1.436000000000000000e+04
1.350500000000000000e+04
8.344000000000000000e+03
4.070000000000000000e+03
1.125300000000000000e+04
1.386800000000000000e+04
1.452000000000000000e+04
7.252000000000000000e+03
1.251100000000000000e+04
1.200700000000000000e+04
8.232000000000000000e+03
1.476000000000000000e+03
2.478000000000000000e+03
1.455000000000000000e+04
9.413000000000000000e+03
7.690000000000000000e+02
1.207400000000000000e+04
1.391000000000000000e+04
2.038000000000000000e+03
9.930000000000000000e+02
6.635000000000000000e+03
9.191000000000000000e+03
1.505600000000000000e+04
1.517400000000000000e+04
7.246000000000000000e+03
1.197800000000000000e+04
2.507000000000000000e+03
1.692000000000000000e+03
1.336900000000000000e+04
1.468800000000000000e+04
2.996000000000000000e+03
7.540000000000000000e+03
4.429000000000000000e+03
6.314000000000000000e+03
3.480000000000000000e+03
1.236300000000000000e+04
1.223500000000000000e+04
5.961000000000000000e+03
7.221000000000000000e+03
1.021100000000000000e+04
1.472100000000000000e+04
5.244000000000000000e+03
1.443000000000000000e+03
1.060000000000000000e+03
7.425000000000000000e+03
1.109400000000000000e+04
1.274200000000000000e+04
1.563400000000000000e+04
1.499900000000000000e+04
1.008000000000000000e+04
1.333900000000000000e+04
1.225800000000000000e+04
4.474000000000000000e+03
1.175600000000000000e+04
1.554100000000000000e+04
4.254000000000000000e+03
5.657000000000000000e+03
9.414000000000000000e+03
2.206000000000000000e+03
3.984000000000000000e+03
8.385000000000000000e+03
8.470000000000000000e+03
1.082100000000000000e+04
6.342000000000000000e+03
1.102700000000000000e+04
1.433800000000000000e+04
1.111900000000000000e+04
1.081000000000000000e+04
7.203000000000000000e+03
1.057100000000000000e+04
1.188000000000000000e+04
1.445300000000000000e+04
1.171800000000000000e+04
1.263100000000000000e+04
1.598800000000000000e+04
1.212300000000000000e+04
6.800000000000000000e+02
1.274300000000000000e+04
1.283400000000000000e+04
7.295000000000000000e+03
4.810000000000000000e+02
5.570000000000000000e+03
1.128900000000000000e+04
1.666300000000000000e+04
1.068500000000000000e+04
1.674000000000000000e+03
5.808000000000000000e+03
1.348900000000000000e+04
1.374100000000000000e+04
1.456300000000000000e+04
1.371300000000000000e+04
8.014000000000000000e+03
8.190000000000000000e+03
7.774000000000000000e+03
8.947000000000000000e+03
1.611000000000000000e+03
7.176000000000000000e+03
1.227000000000000000e+04
3.187000000000000000e+03
2.980000000000000000e+02
1.166000000000000000e+03
2.943000000000000000e+03
1.592600000000000000e+04
7.783000000000000000e+03
1.590300000000000000e+04
1.243800000000000000e+04
1.361800000000000000e+04
1.616900000000000000e+04
1.588000000000000000e+04
1.434800000000000000e+04
1.066500000000000000e+04
2.662000000000000000e+03
7.932000000000000000e+03
1.245600000000000000e+04
1.558400000000000000e+04
1.245700000000000000e+04
1.563300000000000000e+04
1.286100000000000000e+04
6.732000000000000000e+03
8.452000000000000000e+03
3.515000000000000000e+03
7.560000000000000000e+02
1.495600000000000000e+04
1.462600000000000000e+04
1.471500000000000000e+04
1.321100000000000000e+04
2.040000000000000000e+03
8.272000000000000000e+03
1.582900000000000000e+04
1.612000000000000000e+03
1.200600000000000000e+04
1.762900000000000000e+04
1.769500000000000000e+04
1.590200000000000000e+04
1.536600000000000000e+04
2.390000000000000000e+03
7.304000000000000000e+03
1.784700000000000000e+04
1.632500000000000000e+04
5.681000000000000000e+03
1.142800000000000000e+04
8.203000000000000000e+03
7.947000000000000000e+03
1.121800000000000000e+04
1.567000000000000000e+04
1.795100000000000000e+04
1.416500000000000000e+04
1.409000000000000000e+04
6.817000000000000000e+03
1.212400000000000000e+04
6.621000000000000000e+03
1.441200000000000000e+04
8.800000000000000000e+03
1.382400000000000000e+04
1.491200000000000000e+04
1.743500000000000000e+04
1.276100000000000000e+04
7.180000000000000000e+03
2.845000000000000000e+03
9.259000000000000000e+03
8.919000000000000000e+03
1.407400000000000000e+04
1.578600000000000000e+04
1.803600000000000000e+04
1.664500000000000000e+04
1.325400000000000000e+04
1.476000000000000000e+04
1.899000000000000000e+03
8.983000000000000000e+03
2.436000000000000000e+03
1.125200000000000000e+04
1.793200000000000000e+04
1.638500000000000000e+04
1.381100000000000000e+04
1.771600000000000000e+04
2.154000000000000000e+03
2.424000000000000000e+03
1.512200000000000000e+04
1.467300000000000000e+04
9.550000000000000000e+03
1.290900000000000000e+04
1.274400000000000000e+04
9.401000000000000000e+03
1.624400000000000000e+04
6.576000000000000000e+03
1.344900000000000000e+04
2.265000000000000000e+03
1.121900000000000000e+04
1.304500000000000000e+04
1.310000000000000000e+04
1.178200000000000000e+04
2.143000000000000000e+03
9.660000000000000000e+03
7.745000000000000000e+03
1.710300000000000000e+04
1.764400000000000000e+04
1.570400000000000000e+04
1.082000000000000000e+04
2.089000000000000000e+03
1.465000000000000000e+03
1.069400000000000000e+04
1.117900000000000000e+04
1.212100000000000000e+04
9.579000000000000000e+03
1.355000000000000000e+03
1.780300000000000000e+04
1.727000000000000000e+04
1.812500000000000000e+04
1.830300000000000000e+04
8.790000000000000000e+03
1.080900000000000000e+04
4.497000000000000000e+03
1.628100000000000000e+04
1.078300000000000000e+04
3.371000000000000000e+03
1.202400000000000000e+04
1.112000000000000000e+04
1.703600000000000000e+04
1.397700000000000000e+04
1.936000000000000000e+03
7.384000000000000000e+03
1.268200000000000000e+04
1.652500000000000000e+04
1.554000000000000000e+04
1.112100000000000000e+04
6.560000000000000000e+03
4.319000000000000000e+03
1.780400000000000000e+04
3.870000000000000000e+02
7.489000000000000000e+03
1.308500000000000000e+04
1.808700000000000000e+04
1.592700000000000000e+04
1.629500000000000000e+04
3.065000000000000000e+03
1.459100000000000000e+04
2.831000000000000000e+03
7.437000000000000000e+03
1.506900000000000000e+04
1.191900000000000000e+04
1.440200000000000000e+04
1.829900000000000000e+04
3.665000000000000000e+03
1.230200000000000000e+04
8.926000000000000000e+03
8.499000000000000000e+03
3.641000000000000000e+03
1.149900000000000000e+04
1.133600000000000000e+04
1.785700000000000000e+04
1.113400000000000000e+04
1.187900000000000000e+04
4.727000000000000000e+03
9.531000000000000000e+03
1.341900000000000000e+04
1.338300000000000000e+04
1.488100000000000000e+04
2.346000000000000000e+03
1.040200000000000000e+04
1.205900000000000000e+04
1.550600000000000000e+04
1.031000000000000000e+04
1.468700000000000000e+04
1.725000000000000000e+04
1.840400000000000000e+04
9.906000000000000000e+03
1.605700000000000000e+04
1.087200000000000000e+04
6.660000000000000000e+02
1.256000000000000000e+03
3.585000000000000000e+03
2.900000000000000000e+01
1.290800000000000000e+04
8.343000000000000000e+03
1.263000000000000000e+04
1.033000000000000000e+04
7.495000000000000000e+03
1.800800000000000000e+04
8.271000000000000000e+03
1.637100000000000000e+04
1.087100000000000000e+04
1.804300000000000000e+04
8.372000000000000000e+03
1.432900000000000000e+04
4.166000000000000000e+03
1.692100000000000000e+04
3.237000000000000000e+03
2.039000000000000000e+03
5.430000000000000000e+02
9.323000000000000000e+03
9.586000000000000000e+03
1.008100000000000000e+04
1.803500000000000000e+04
6.141000000000000000e+03
1.209500000000000000e+04
1.568700000000000000e+04
1.414000000000000000e+04
9.756000000000000000e+03
7.189000000000000000e+03
1.607500000000000000e+04
6.567000000000000000e+03
