1.990000000000000000e+02
5.900000000000000000e+01
2.950000000000000000e+02
2.990000000000000000e+02
8.400000000000000000e+01
2.810000000000000000e+02
3.350000000000000000e+02
1.580000000000000000e+02
5.580000000000000000e+02
2.836000000000000000e+03
7.470000000000000000e+02
1.857000000000000000e+03
1.246000000000000000e+03
4.100000000000000000e+02
1.490000000000000000e+03
2.642000000000000000e+03
1.461000000000000000e+03
1.823000000000000000e+03
1.595000000000000000e+03
5.510000000000000000e+02
1.910000000000000000e+03
1.103000000000000000e+03
1.063000000000000000e+03
1.081000000000000000e+03
1.761000000000000000e+03
1.196000000000000000e+03
3.030000000000000000e+02
7.050000000000000000e+02
2.278000000000000000e+03
1.561000000000000000e+03
6.800000000000000000e+01
1.470000000000000000e+03
2.208000000000000000e+03
3.070000000000000000e+02
1.388000000000000000e+03
1.874000000000000000e+03
3.560000000000000000e+03
3.818000000000000000e+03
2.361000000000000000e+03
1.260000000000000000e+03
2.119000000000000000e+03
6.300000000000000000e+02
1.759000000000000000e+03
8.060000000000000000e+02
3.850000000000000000e+03
5.244000000000000000e+03
8.030000000000000000e+02
1.406000000000000000e+03
6.260000000000000000e+02
1.667000000000000000e+03
1.587000000000000000e+03
7.391000000000000000e+03
5.460000000000000000e+02
4.041000000000000000e+03
3.908000000000000000e+03
2.259000000000000000e+03
3.833000000000000000e+03
3.166000000000000000e+03
3.803000000000000000e+03
2.345000000000000000e+03
5.950000000000000000e+02
4.104000000000000000e+03
5.712000000000000000e+03
2.383000000000000000e+03
2.142000000000000000e+03
3.744000000000000000e+03
5.842000000000000000e+03
4.071000000000000000e+03
2.206000000000000000e+03
9.280000000000000000e+02
4.968000000000000000e+03
1.952000000000000000e+03
6.547000000000000000e+03
2.494000000000000000e+03
2.585000000000000000e+03
7.400000000000000000e+02
1.502000000000000000e+03
6.594000000000000000e+03
7.144000000000000000e+03
5.669000000000000000e+03
4.111000000000000000e+03
7.375000000000000000e+03
3.128000000000000000e+03
1.078000000000000000e+03
4.189000000000000000e+03
4.045000000000000000e+03
5.742000000000000000e+03
3.607000000000000000e+03
3.984000000000000000e+03
6.796000000000000000e+03
5.830000000000000000e+03
8.470000000000000000e+03
5.924000000000000000e+03
8.631000000000000000e+03
5.647000000000000000e+03
4.749000000000000000e+03
3.478000000000000000e+03
4.070000000000000000e+03
4.258000000000000000e+03
4.463000000000000000e+03
4.525000000000000000e+03
2.603000000000000000e+03
7.480000000000000000e+02
7.540000000000000000e+03
3.957000000000000000e+03
6.933000000000000000e+03
6.053000000000000000e+03
5.871000000000000000e+03
2.396000000000000000e+03
2.793000000000000000e+03
7.589000000000000000e+03
4.322000000000000000e+03
2.507000000000000000e+03
4.429000000000000000e+03
6.872000000000000000e+03
5.657000000000000000e+03
1.445000000000000000e+03
2.154000000000000000e+03
8.344000000000000000e+03
6.817000000000000000e+03
4.950000000000000000e+03
3.636000000000000000e+03
6.650000000000000000e+02
4.622000000000000000e+03
5.061000000000000000e+03
2.023000000000000000e+03
1.180000000000000000e+02
7.247000000000000000e+03
5.943000000000000000e+03
2.781000000000000000e+03
9.413000000000000000e+03
7.069000000000000000e+03
8.027000000000000000e+03
6.710000000000000000e+03
5.514000000000000000e+03
1.178200000000000000e+04
1.230200000000000000e+04
1.692000000000000000e+03
8.220000000000000000e+03
4.561000000000000000e+03
3.500000000000000000e+02
6.732000000000000000e+03
3.653000000000000000e+03
4.157000000000000000e+03
7.784000000000000000e+03
5.176000000000000000e+03
4.470000000000000000e+03
1.792000000000000000e+03
8.272000000000000000e+03
9.930000000000000000e+02
4.087000000000000000e+03
4.012000000000000000e+03
8.625000000000000000e+03
6.226000000000000000e+03
8.360000000000000000e+02
4.727000000000000000e+03
1.265000000000000000e+03
3.581000000000000000e+03
7.719000000000000000e+03
9.382000000000000000e+03
2.038000000000000000e+03
7.385000000000000000e+03
2.209000000000000000e+03
5.817000000000000000e+03
3.495000000000000000e+03
4.702000000000000000e+03
6.005000000000000000e+03
3.515000000000000000e+03
5.466000000000000000e+03
9.030000000000000000e+03
8.203000000000000000e+03
1.803000000000000000e+03
2.033000000000000000e+03
4.947000000000000000e+03
7.565000000000000000e+03
1.934000000000000000e+03
1.024000000000000000e+03
1.207400000000000000e+04
6.206000000000000000e+03
4.810000000000000000e+02
5.988000000000000000e+03
8.791000000000000000e+03
1.304500000000000000e+04
9.238000000000000000e+03
9.414000000000000000e+03
5.284000000000000000e+03
1.052800000000000000e+04
8.172000000000000000e+03
1.365000000000000000e+03
1.113400000000000000e+04
7.947000000000000000e+03
5.825000000000000000e+03
8.294000000000000000e+03
1.102700000000000000e+04
4.984000000000000000e+03
1.528000000000000000e+03
2.495000000000000000e+03
1.175600000000000000e+04
9.478000000000000000e+03
4.403000000000000000e+03
5.858000000000000000e+03
1.116300000000000000e+04
9.906000000000000000e+03
6.093000000000000000e+03
7.602000000000000000e+03
1.049300000000000000e+04
6.034000000000000000e+03
1.869000000000000000e+03
3.173000000000000000e+03
9.109000000000000000e+03
7.344000000000000000e+03
1.310000000000000000e+04
8.334000000000000000e+03
9.055000000000000000e+03
3.842000000000000000e+03
9.638000000000000000e+03
1.154200000000000000e+04
7.295000000000000000e+03
3.085000000000000000e+03
5.008000000000000000e+03
8.831000000000000000e+03
8.822000000000000000e+03
1.298500000000000000e+04
3.484000000000000000e+03
7.082000000000000000e+03
7.180000000000000000e+03
8.190000000000000000e+03
1.121900000000000000e+04
1.270800000000000000e+04
1.054500000000000000e+04
7.690000000000000000e+02
1.153000000000000000e+04
4.624000000000000000e+03
1.192000000000000000e+04
1.053900000000000000e+04
4.474000000000000000e+03
1.274400000000000000e+04
1.065200000000000000e+04
2.528000000000000000e+03
5.681000000000000000e+03
2.478000000000000000e+03
7.975000000000000000e+03
1.021100000000000000e+04
8.232000000000000000e+03
2.424000000000000000e+03
9.541000000000000000e+03
6.566000000000000000e+03
1.082100000000000000e+04
7.022000000000000000e+03
1.078300000000000000e+04
8.452000000000000000e+03
4.040000000000000000e+03
1.099500000000000000e+04
8.372000000000000000e+03
7.256000000000000000e+03
2.890000000000000000e+03
1.554200000000000000e+04
1.476000000000000000e+04
9.920000000000000000e+03
4.243000000000000000e+03
1.055700000000000000e+04
3.754000000000000000e+03
2.968000000000000000e+03
4.166000000000000000e+03
2.771000000000000000e+03
1.060900000000000000e+04
8.046000000000000000e+03
5.585000000000000000e+03
1.174000000000000000e+04
8.085000000000000000e+03
1.536600000000000000e+04
1.333900000000000000e+04
1.361900000000000000e+04
8.740000000000000000e+02
1.148900000000000000e+04
6.621000000000000000e+03
8.000000000000000000e+00
1.112100000000000000e+04
1.082000000000000000e+04
1.212400000000000000e+04
2.143000000000000000e+03
3.896000000000000000e+03
8.800000000000000000e+01
9.297000000000000000e+03
7.760000000000000000e+03
9.009000000000000000e+03
1.197800000000000000e+04
1.227000000000000000e+04
6.314000000000000000e+03
4.623000000000000000e+03
1.142800000000000000e+04
2.346000000000000000e+03
5.960000000000000000e+03
1.183000000000000000e+04
1.350500000000000000e+04
1.445300000000000000e+04
2.987000000000000000e+03
5.690000000000000000e+03
7.246000000000000000e+03
1.382400000000000000e+04
1.899000000000000000e+03
1.087200000000000000e+04
1.290900000000000000e+04
6.185000000000000000e+03
6.660000000000000000e+02
1.040200000000000000e+04
1.470900000000000000e+04
9.756000000000000000e+03
5.070000000000000000e+02
1.496000000000000000e+03
1.336900000000000000e+04
8.852000000000000000e+03
1.415500000000000000e+04
1.057100000000000000e+04
1.349900000000000000e+04
1.109400000000000000e+04
1.455000000000000000e+04
1.301000000000000000e+04
8.617000000000000000e+03
1.409000000000000000e+04
7.674000000000000000e+03
7.456000000000000000e+03
1.355000000000000000e+03
1.567000000000000000e+04
1.141200000000000000e+04
3.480000000000000000e+03
5.160000000000000000e+03
1.274200000000000000e+04
1.570400000000000000e+04
6.560000000000000000e+03
3.065000000000000000e+03
7.932000000000000000e+03
3.196000000000000000e+03
9.550000000000000000e+03
7.586000000000000000e+03
1.187900000000000000e+04
7.129000000000000000e+03
1.488100000000000000e+04
9.401000000000000000e+03
4.970000000000000000e+02
1.066500000000000000e+04
3.250000000000000000e+02
2.636000000000000000e+03
1.361800000000000000e+04
1.418900000000000000e+04
3.187000000000000000e+03
2.711000000000000000e+03
4.779000000000000000e+03
1.590300000000000000e+04
1.491200000000000000e+04
1.186700000000000000e+04
4.319000000000000000e+03
1.008000000000000000e+04
1.472100000000000000e+04
1.738100000000000000e+04
1.391000000000000000e+04
6.987000000000000000e+03
1.274500000000000000e+04
1.188000000000000000e+04
6.354000000000000000e+03
1.436000000000000000e+04
2.538000000000000000e+03
1.291900000000000000e+04
6.127000000000000000e+03
1.321300000000000000e+04
9.037000000000000000e+03
1.495600000000000000e+04
1.323600000000000000e+04
1.652500000000000000e+04
6.342000000000000000e+03
1.119500000000000000e+04
9.861000000000000000e+03
1.588100000000000000e+04
8.983000000000000000e+03
9.054000000000000000e+03
3.419000000000000000e+03
1.369200000000000000e+04
3.665000000000000000e+03
6.023000000000000000e+03
1.471500000000000000e+04
1.321100000000000000e+04
1.236300000000000000e+04
1.338300000000000000e+04
3.133000000000000000e+03
1.592700000000000000e+04
1.397700000000000000e+04
5.785000000000000000e+03
9.911000000000000000e+03
1.611000000000000000e+03
6.665000000000000000e+03
1.414000000000000000e+04
7.189000000000000000e+03
8.499000000000000000e+03
1.578600000000000000e+04
1.590200000000000000e+04
1.568700000000000000e+04
7.345000000000000000e+03
1.416500000000000000e+04
1.195100000000000000e+04
1.068500000000000000e+04
1.512200000000000000e+04
2.943000000000000000e+03
1.505600000000000000e+04
1.656600000000000000e+04
7.610000000000000000e+03
2.996000000000000000e+03
5.414000000000000000e+03
8.926000000000000000e+03
1.624400000000000000e+04
6.576000000000000000e+03
1.269000000000000000e+03
1.310800000000000000e+04
1.632500000000000000e+04
3.516000000000000000e+03
1.433800000000000000e+04
1.111900000000000000e+04
1.191900000000000000e+04
1.386800000000000000e+04
1.308500000000000000e+04
1.862000000000000000e+03
1.341900000000000000e+04
1.600700000000000000e+04
7.062000000000000000e+03
4.936000000000000000e+03
1.554000000000000000e+04
1.452000000000000000e+04
1.667200000000000000e+04
1.213600000000000000e+04
1.591300000000000000e+04
1.491300000000000000e+04
1.251100000000000000e+04
1.462600000000000000e+04
1.629500000000000000e+04
4.026000000000000000e+03
9.191000000000000000e+03
1.212300000000000000e+04
1.156800000000000000e+04
1.936000000000000000e+03
1.459100000000000000e+04
8.385000000000000000e+03
1.081000000000000000e+04
1.200800000000000000e+04
1.468800000000000000e+04
1.808700000000000000e+04
1.228600000000000000e+04
1.476000000000000000e+03
1.209500000000000000e+04
1.628200000000000000e+04
1.829900000000000000e+04
1.276100000000000000e+04
1.549800000000000000e+04
1.146800000000000000e+04
1.274000000000000000e+03
1.526600000000000000e+04
3.120000000000000000e+03
1.364000000000000000e+03
1.605700000000000000e+04
1.237000000000000000e+03
1.122200000000000000e+04
7.560000000000000000e+02
1.664500000000000000e+04
1.816300000000000000e+04
1.339800000000000000e+04
5.719000000000000000e+03
2.531000000000000000e+03
1.432900000000000000e+04
2.747000000000000000e+03
5.380000000000000000e+02
4.770000000000000000e+02
7.176000000000000000e+03
2.684000000000000000e+03
1.245600000000000000e+04
1.517400000000000000e+04
1.563400000000000000e+04
1.771600000000000000e+04
1.048500000000000000e+04
1.200700000000000000e+04
1.780400000000000000e+04
1.832400000000000000e+04
6.901000000000000000e+03
7.139000000000000000e+03
1.149900000000000000e+04
1.133700000000000000e+04
1.638500000000000000e+04
1.027500000000000000e+04
1.540800000000000000e+04
1.698900000000000000e+04
8.853000000000000000e+03
3.641000000000000000e+03
2.980000000000000000e+02
4.500000000000000000e+01
1.592600000000000000e+04
1.822000000000000000e+04
9.531000000000000000e+03
1.820800000000000000e+04
1.122000000000000000e+04
8.947000000000000000e+03
1.171800000000000000e+04
1.588000000000000000e+04
4.988000000000000000e+03
1.837600000000000000e+04
1.703600000000000000e+04
1.570500000000000000e+04
1.146900000000000000e+04
6.635000000000000000e+03
9.259000000000000000e+03
1.212200000000000000e+04
1.743500000000000000e+04
1.289200000000000000e+04
1.325500000000000000e+04
1.354800000000000000e+04
8.632000000000000000e+03
1.533000000000000000e+03
6.636000000000000000e+03
8.026000000000000000e+03
1.111000000000000000e+04
1.125300000000000000e+04
1.516500000000000000e+04
1.097200000000000000e+04
1.598800000000000000e+04
1.556900000000000000e+04
1.461100000000000000e+04
1.612100000000000000e+04
1.557000000000000000e+04
5.123000000000000000e+03
1.746100000000000000e+04
1.119200000000000000e+04
8.282000000000000000e+03
2.387000000000000000e+03
1.780300000000000000e+04
1.795100000000000000e+04
1.833700000000000000e+04
6.080000000000000000e+03
1.119700000000000000e+04
7.848000000000000000e+03
4.552000000000000000e+03
3.731000000000000000e+03
1.762900000000000000e+04
1.283400000000000000e+04
1.681700000000000000e+04
1.812500000000000000e+04
8.014000000000000000e+03
8.274000000000000000e+03
5.601000000000000000e+03
1.057200000000000000e+04
1.582900000000000000e+04
1.121800000000000000e+04
1.837500000000000000e+04
9.639000000000000000e+03
1.299100000000000000e+04
1.578500000000000000e+04
1.530700000000000000e+04
7.257000000000000000e+03
5.831000000000000000e+03
2.135000000000000000e+03
1.830300000000000000e+04
7.252000000000000000e+03
1.074500000000000000e+04
1.618400000000000000e+04
1.607500000000000000e+04
8.638000000000000000e+03
8.544000000000000000e+03
1.764500000000000000e+04
1.708800000000000000e+04
4.255000000000000000e+03
7.045000000000000000e+03
5.961000000000000000e+03
1.280100000000000000e+04
4.728000000000000000e+03
1.052900000000000000e+04
1.031100000000000000e+04
1.752900000000000000e+04
6.457000000000000000e+03
6.672000000000000000e+03
6.776000000000000000e+03
8.670000000000000000e+02
1.443000000000000000e+03
3.352000000000000000e+03
4.304000000000000000e+03
1.348900000000000000e+04
1.784700000000000000e+04
8.800000000000000000e+03
8.180000000000000000e+02
1.769600000000000000e+04
1.028800000000000000e+04
1.434800000000000000e+04
1.225800000000000000e+04
1.450600000000000000e+04
7.012000000000000000e+03
1.062400000000000000e+04
6.567000000000000000e+03
6.440000000000000000e+02
2.662000000000000000e+03
2.245000000000000000e+03
7.783000000000000000e+03
1.371300000000000000e+04
2.940000000000000000e+02
4.689000000000000000e+03
1.325600000000000000e+04
1.819800000000000000e+04
1.771700000000000000e+04
1.677000000000000000e+04
6.237000000000000000e+03
5.161000000000000000e+03
7.042000000000000000e+03
3.596000000000000000e+03
2.859000000000000000e+03
