2.990000000000000000e+02
1.380000000000000000e+02
3.500000000000000000e+02
3.070000000000000000e+02
1.237000000000000000e+03
1.364000000000000000e+03
2.810000000000000000e+02
1.461000000000000000e+03
1.580000000000000000e+02
3.350000000000000000e+02
1.103000000000000000e+03
1.496000000000000000e+03
2.038000000000000000e+03
4.810000000000000000e+02
8.400000000000000000e+01
5.900000000000000000e+01
1.761000000000000000e+03
2.793000000000000000e+03
3.187000000000000000e+03
2.507000000000000000e+03
9.930000000000000000e+02
5.460000000000000000e+02
7.470000000000000000e+02
3.030000000000000000e+02
1.899000000000000000e+03
7.400000000000000000e+02
2.206000000000000000e+03
1.990000000000000000e+02
2.346000000000000000e+03
1.667000000000000000e+03
2.361000000000000000e+03
4.689000000000000000e+03
2.781000000000000000e+03
2.940000000000000000e+02
3.842000000000000000e+03
3.484000000000000000e+03
1.874000000000000000e+03
5.070000000000000000e+02
2.278000000000000000e+03
1.388000000000000000e+03
2.424000000000000000e+03
8.060000000000000000e+02
1.759000000000000000e+03
1.078000000000000000e+03
3.653000000000000000e+03
1.490000000000000000e+03
1.533000000000000000e+03
2.585000000000000000e+03
1.406000000000000000e+03
2.154000000000000000e+03
1.445000000000000000e+03
1.355000000000000000e+03
2.950000000000000000e+02
4.624000000000000000e+03
3.065000000000000000e+03
2.143000000000000000e+03
3.128000000000000000e+03
5.601000000000000000e+03
6.300000000000000000e+02
9.280000000000000000e+02
6.560000000000000000e+03
4.728000000000000000e+03
3.984000000000000000e+03
5.580000000000000000e+02
4.166000000000000000e+03
1.692000000000000000e+03
5.510000000000000000e+02
4.463000000000000000e+03
2.531000000000000000e+03
4.403000000000000000e+03
6.660000000000000000e+02
3.754000000000000000e+03
1.587000000000000000e+03
2.208000000000000000e+03
4.111000000000000000e+03
5.161000000000000000e+03
3.515000000000000000e+03
2.229000000000000000e+03
2.859000000000000000e+03
4.319000000000000000e+03
8.499000000000000000e+03
6.776000000000000000e+03
1.470000000000000000e+03
1.260000000000000000e+03
5.571000000000000000e+03
1.256000000000000000e+03
6.987000000000000000e+03
3.478000000000000000e+03
1.857000000000000000e+03
1.109000000000000000e+03
8.030000000000000000e+02
7.256000000000000000e+03
2.495000000000000000e+03
1.274000000000000000e+03
4.525000000000000000e+03
2.209000000000000000e+03
2.383000000000000000e+03
6.023000000000000000e+03
4.429000000000000000e+03
6.457000000000000000e+03
8.670000000000000000e+02
6.127000000000000000e+03
3.194000000000000000e+03
1.502000000000000000e+03
3.085000000000000000e+03
1.595000000000000000e+03
2.023000000000000000e+03
4.925000000000000000e+03
2.478000000000000000e+03
4.070000000000000000e+03
1.823000000000000000e+03
3.896000000000000000e+03
4.255000000000000000e+03
3.665000000000000000e+03
4.936000000000000000e+03
4.045000000000000000e+03
6.594000000000000000e+03
2.968000000000000000e+03
3.376000000000000000e+03
8.913000000000000000e+03
5.592000000000000000e+03
7.129000000000000000e+03
7.050000000000000000e+02
4.697000000000000000e+03
8.274000000000000000e+03
6.732000000000000000e+03
2.603000000000000000e+03
4.046000000000000000e+03
8.632000000000000000e+03
5.943000000000000000e+03
7.180000000000000000e+03
8.046000000000000000e+03
4.958000000000000000e+03
8.617000000000000000e+03
5.719000000000000000e+03
2.387000000000000000e+03
8.014000000000000000e+03
7.257000000000000000e+03
7.610000000000000000e+03
8.926000000000000000e+03
8.294000000000000000e+03
3.596000000000000000e+03
7.295000000000000000e+03
4.974000000000000000e+03
5.657000000000000000e+03
4.727000000000000000e+03
5.284000000000000000e+03
1.063000000000000000e+03
6.566000000000000000e+03
9.639000000000000000e+03
6.262000000000000000e+03
7.674000000000000000e+03
2.494000000000000000e+03
9.531000000000000000e+03
1.936000000000000000e+03
6.817000000000000000e+03
5.123000000000000000e+03
4.071000000000000000e+03
8.853000000000000000e+03
6.342000000000000000e+03
3.641000000000000000e+03
7.947000000000000000e+03
7.848000000000000000e+03
8.452000000000000000e+03
9.742000000000000000e+03
8.372000000000000000e+03
7.189000000000000000e+03
7.599000000000000000e+03
5.681000000000000000e+03
6.901000000000000000e+03
5.742000000000000000e+03
5.785000000000000000e+03
2.538000000000000000e+03
4.157000000000000000e+03
6.314000000000000000e+03
7.784000000000000000e+03
6.226000000000000000e+03
6.380000000000000000e+02
6.800000000000000000e+01
7.012000000000000000e+03
6.237000000000000000e+03
6.650000000000000000e+02
6.080000000000000000e+03
2.247000000000000000e+03
4.947000000000000000e+03
8.272000000000000000e+03
2.345000000000000000e+03
4.322000000000000000e+03
9.401000000000000000e+03
4.041000000000000000e+03
1.637200000000000000e+04
5.831000000000000000e+03
1.156800000000000000e+04
5.871000000000000000e+03
3.744000000000000000e+03
4.087000000000000000e+03
1.325600000000000000e+04
5.244000000000000000e+03
1.031100000000000000e+04
6.796000000000000000e+03
8.273000000000000000e+03
7.258000000000000000e+03
2.836000000000000000e+03
7.139000000000000000e+03
9.911000000000000000e+03
5.220000000000000000e+03
1.041300000000000000e+04
1.119700000000000000e+04
1.146900000000000000e+04
1.384400000000000000e+04
3.906000000000000000e+03
1.085500000000000000e+04
6.093000000000000000e+03
6.672000000000000000e+03
6.364000000000000000e+03
8.983000000000000000e+03
5.272000000000000000e+03
7.602000000000000000e+03
9.550000000000000000e+03
7.540000000000000000e+03
6.053000000000000000e+03
4.258000000000000000e+03
9.023000000000000000e+03
1.480600000000000000e+04
6.621000000000000000e+03
5.061000000000000000e+03
8.282000000000000000e+03
1.220400000000000000e+04
8.027000000000000000e+03
1.337000000000000000e+03
5.585000000000000000e+03
8.203000000000000000e+03
1.191000000000000000e+04
2.330000000000000000e+03
7.874000000000000000e+03
1.066500000000000000e+04
1.354800000000000000e+04
1.146800000000000000e+04
3.516000000000000000e+03
8.190000000000000000e+03
1.303700000000000000e+04
4.968000000000000000e+03
6.207000000000000000e+03
9.906000000000000000e+03
1.048500000000000000e+04
1.074500000000000000e+04
1.299100000000000000e+04
7.045000000000000000e+03
4.552000000000000000e+03
1.062400000000000000e+04
2.782000000000000000e+03
2.995000000000000000e+03
7.719000000000000000e+03
2.259000000000000000e+03
1.325500000000000000e+04
3.700000000000000000e+03
7.589000000000000000e+03
1.052900000000000000e+04
1.163100000000000000e+04
7.768000000000000000e+03
1.112100000000000000e+04
9.756000000000000000e+03
6.034000000000000000e+03
8.232000000000000000e+03
8.386000000000000000e+03
1.339800000000000000e+04
3.833000000000000000e+03
1.078300000000000000e+04
8.334000000000000000e+03
1.149900000000000000e+04
1.087200000000000000e+04
8.663000000000000000e+03
1.209500000000000000e+04
1.082000000000000000e+04
1.322400000000000000e+04
6.636000000000000000e+03
5.950000000000000000e+02
1.260800000000000000e+04
1.099500000000000000e+04
1.276100000000000000e+04
8.948000000000000000e+03
3.877000000000000000e+03
1.053900000000000000e+04
1.611000000000000000e+03
1.241300000000000000e+04
1.228600000000000000e+04
1.280100000000000000e+04
1.040200000000000000e+04
8.625000000000000000e+03
1.113400000000000000e+04
9.414000000000000000e+03
7.957000000000000000e+03
1.133700000000000000e+04
1.595400000000000000e+04
1.195100000000000000e+04
1.327400000000000000e+04
3.850000000000000000e+02
1.934000000000000000e+03
1.065200000000000000e+04
9.286000000000000000e+03
1.274500000000000000e+04
5.882000000000000000e+03
1.193200000000000000e+04
1.952000000000000000e+03
1.461100000000000000e+04
6.005000000000000000e+03
5.924000000000000000e+03
1.028800000000000000e+04
9.478000000000000000e+03
1.687100000000000000e+04
1.597300000000000000e+04
9.055000000000000000e+03
5.608000000000000000e+03
6.710000000000000000e+02
8.360000000000000000e+02
2.142000000000000000e+03
7.385000000000000000e+03
1.341900000000000000e+04
1.430700000000000000e+04
1.205100000000000000e+04
6.576000000000000000e+03
5.669000000000000000e+03
1.186700000000000000e+04
1.121900000000000000e+04
1.212300000000000000e+04
1.142800000000000000e+04
1.650100000000000000e+04
7.408000000000000000e+03
1.057100000000000000e+04
1.432900000000000000e+04
7.042000000000000000e+03
1.308500000000000000e+04
4.104000000000000000e+03
7.641000000000000000e+03
4.702000000000000000e+03
1.556900000000000000e+04
1.213600000000000000e+04
1.491300000000000000e+04
1.530700000000000000e+04
4.916000000000000000e+03
1.397700000000000000e+04
4.826000000000000000e+03
3.850000000000000000e+03
7.279000000000000000e+03
1.122200000000000000e+04
5.830000000000000000e+03
1.426300000000000000e+04
1.119200000000000000e+04
2.135000000000000000e+03
8.176000000000000000e+03
1.049300000000000000e+04
1.122000000000000000e+04
1.212400000000000000e+04
1.692100000000000000e+04
4.623000000000000000e+03
1.188000000000000000e+04
6.331000000000000000e+03
3.480000000000000000e+03
1.395900000000000000e+04
9.009000000000000000e+03
6.710000000000000000e+03
2.642000000000000000e+03
6.388000000000000000e+03
1.618400000000000000e+04
1.739500000000000000e+04
3.803000000000000000e+03
1.032400000000000000e+04
1.640200000000000000e+04
1.414100000000000000e+04
1.570500000000000000e+04
1.321100000000000000e+04
1.338300000000000000e+04
1.227000000000000000e+04
4.332000000000000000e+03
4.910000000000000000e+03
4.583000000000000000e+03
7.560000000000000000e+02
1.450600000000000000e+04
1.064600000000000000e+04
1.212500000000000000e+04
1.546100000000000000e+04
6.450000000000000000e+02
7.975000000000000000e+03
5.817000000000000000e+03
4.012000000000000000e+03
1.659000000000000000e+04
1.247500000000000000e+04
1.677000000000000000e+04
1.362000000000000000e+04
1.345800000000000000e+04
5.494000000000000000e+03
1.453700000000000000e+04
1.526600000000000000e+04
4.622000000000000000e+03
1.180000000000000000e+02
1.540800000000000000e+04
7.085000000000000000e+03
1.609200000000000000e+04
2.928000000000000000e+03
9.413000000000000000e+03
1.554000000000000000e+04
8.470000000000000000e+03
1.681700000000000000e+04
1.578500000000000000e+04
1.089200000000000000e+04
5.712000000000000000e+03
1.197800000000000000e+04
1.855000000000000000e+03
4.252000000000000000e+03
1.459100000000000000e+04
1.361900000000000000e+04
1.645700000000000000e+04
1.708700000000000000e+04
1.227100000000000000e+04
4.189000000000000000e+03
1.122100000000000000e+04
1.365000000000000000e+03
1.778300000000000000e+04
1.197900000000000000e+04
3.335000000000000000e+03
1.416500000000000000e+04
1.754600000000000000e+04
1.525000000000000000e+04
1.660100000000000000e+04
1.057200000000000000e+04
9.056000000000000000e+03
4.984000000000000000e+03
1.409000000000000000e+04
6.872000000000000000e+03
1.641800000000000000e+04
1.638600000000000000e+04
1.953000000000000000e+03
3.166000000000000000e+03
1.528000000000000000e+03
1.415500000000000000e+04
1.612100000000000000e+04
4.749000000000000000e+03
1.187300000000000000e+04
1.563500000000000000e+04
1.095400000000000000e+04
1.557000000000000000e+04
1.567100000000000000e+04
9.238000000000000000e+03
6.933000000000000000e+03
1.462600000000000000e+04
1.055700000000000000e+04
1.591300000000000000e+04
1.718200000000000000e+04
1.399700000000000000e+04
6.164000000000000000e+03
9.109000000000000000e+03
9.030000000000000000e+03
1.719300000000000000e+04
1.797300000000000000e+04
1.612200000000000000e+04
3.500000000000000000e+03
1.819200000000000000e+04
3.708000000000000000e+03
2.673000000000000000e+03
1.382400000000000000e+04
1.060900000000000000e+04
1.628200000000000000e+04
1.274400000000000000e+04
1.629500000000000000e+04
1.605700000000000000e+04
1.736200000000000000e+04
1.515100000000000000e+04
1.746100000000000000e+04
1.595500000000000000e+04
1.091300000000000000e+04
4.950000000000000000e+03
1.764500000000000000e+04
1.771700000000000000e+04
1.081000000000000000e+03
5.842000000000000000e+03
2.396000000000000000e+03
1.361800000000000000e+04
1.708800000000000000e+04
1.306100000000000000e+04
1.717000000000000000e+04
3.969000000000000000e+03
1.102700000000000000e+04
1.054500000000000000e+04
1.290900000000000000e+04
1.515000000000000000e+04
9.382000000000000000e+03
1.752900000000000000e+04
1.793300000000000000e+04
5.650000000000000000e+03
1.470900000000000000e+04
8.631000000000000000e+03
7.565000000000000000e+03
7.530000000000000000e+03
1.500000000000000000e+04
1.106200000000000000e+04
3.636000000000000000e+03
1.097200000000000000e+04
1.321300000000000000e+04
1.600700000000000000e+04
1.549800000000000000e+04
1.246000000000000000e+03
4.561000000000000000e+03
2.943000000000000000e+03
4.779000000000000000e+03
1.187900000000000000e+04
1.841900000000000000e+04
1.466200000000000000e+04
1.525100000000000000e+04
1.498500000000000000e+04
6.014000000000000000e+03
1.021100000000000000e+04
1.310000000000000000e+04
1.798300000000000000e+04
1.597400000000000000e+04
1.828800000000000000e+04
1.693200000000000000e+04
3.270000000000000000e+03
6.285000000000000000e+03
1.869000000000000000e+03
3.495000000000000000e+03
1.568700000000000000e+04
1.703600000000000000e+04
8.678000000000000000e+03
4.610000000000000000e+03
1.666400000000000000e+04
1.426400000000000000e+04
4.474000000000000000e+03
1.769600000000000000e+04
2.733000000000000000e+03
1.397800000000000000e+04
3.950000000000000000e+02
5.988000000000000000e+03
1.638500000000000000e+04
1.491200000000000000e+04
1.578600000000000000e+04
1.788400000000000000e+04
1.660000000000000000e+03
8.927000000000000000e+03
1.258900000000000000e+04
1.044900000000000000e+04
7.375000000000000000e+03
1.570400000000000000e+04
9.920000000000000000e+03
1.624400000000000000e+04
4.628000000000000000e+03
6.554000000000000000e+03
7.480000000000000000e+02
7.690000000000000000e+02
1.178200000000000000e+04
1.819900000000000000e+04
1.316600000000000000e+04
1.364400000000000000e+04
6.962000000000000000e+03
5.371000000000000000e+03
1.203300000000000000e+04
1.512200000000000000e+04
4.100000000000000000e+02
3.818000000000000000e+03
1.350500000000000000e+04
1.592700000000000000e+04
1.116300000000000000e+04
1.819800000000000000e+04
1.164300000000000000e+04
1.631000000000000000e+04
6.723000000000000000e+03
3.465000000000000000e+03
9.660000000000000000e+03
8.172000000000000000e+03
1.497200000000000000e+04
1.781600000000000000e+04
1.666500000000000000e+04
8.864000000000000000e+03
8.838000000000000000e+03
1.336900000000000000e+04
2.980000000000000000e+02
1.803000000000000000e+03
7.022000000000000000e+03
1.196000000000000000e+03
1.230200000000000000e+04
1.832500000000000000e+04
3.353000000000000000e+03
1.389900000000000000e+04
9.862000000000000000e+03
1.236400000000000000e+04
2.033000000000000000e+03
6.260000000000000000e+02
5.466000000000000000e+03
1.332000000000000000e+04
1.780400000000000000e+04
4.891000000000000000e+03
5.619000000000000000e+03
1.823400000000000000e+04
1.790000000000000000e+04
1.635500000000000000e+04
1.068500000000000000e+04
1.581400000000000000e+04
2.972000000000000000e+03
5.008000000000000000e+03
3.908000000000000000e+03
1.175600000000000000e+04
1.153000000000000000e+04
1.667200000000000000e+04
5.647000000000000000e+03
1.116400000000000000e+04
7.896000000000000000e+03
1.765700000000000000e+04
5.293000000000000000e+03
1.604700000000000000e+04
1.471500000000000000e+04
