1.380000000000000000e+02
3.500000000000000000e+02
9.930000000000000000e+02
3.070000000000000000e+02
2.531000000000000000e+03
1.533000000000000000e+03
2.990000000000000000e+02
2.038000000000000000e+03
4.810000000000000000e+02
1.237000000000000000e+03
7.400000000000000000e+02
1.364000000000000000e+03
1.580000000000000000e+02
2.810000000000000000e+02
8.400000000000000000e+01
1.496000000000000000e+03
1.078000000000000000e+03
3.350000000000000000e+02
2.424000000000000000e+03
2.346000000000000000e+03
6.660000000000000000e+02
2.143000000000000000e+03
2.940000000000000000e+02
5.070000000000000000e+02
3.187000000000000000e+03
5.460000000000000000e+02
8.670000000000000000e+02
3.030000000000000000e+02
1.109000000000000000e+03
1.692000000000000000e+03
3.065000000000000000e+03
1.899000000000000000e+03
2.330000000000000000e+03
5.900000000000000000e+01
2.154000000000000000e+03
2.206000000000000000e+03
2.968000000000000000e+03
1.256000000000000000e+03
1.445000000000000000e+03
1.103000000000000000e+03
2.229000000000000000e+03
9.280000000000000000e+02
1.355000000000000000e+03
7.470000000000000000e+02
3.484000000000000000e+03
4.728000000000000000e+03
4.697000000000000000e+03
6.331000000000000000e+03
2.495000000000000000e+03
3.194000000000000000e+03
5.161000000000000000e+03
1.759000000000000000e+03
4.958000000000000000e+03
3.596000000000000000e+03
2.538000000000000000e+03
6.710000000000000000e+02
2.387000000000000000e+03
4.925000000000000000e+03
5.601000000000000000e+03
2.781000000000000000e+03
4.046000000000000000e+03
1.406000000000000000e+03
4.689000000000000000e+03
2.507000000000000000e+03
3.906000000000000000e+03
4.624000000000000000e+03
2.995000000000000000e+03
1.337000000000000000e+03
2.478000000000000000e+03
4.319000000000000000e+03
4.166000000000000000e+03
3.754000000000000000e+03
1.936000000000000000e+03
6.364000000000000000e+03
6.380000000000000000e+02
5.494000000000000000e+03
6.300000000000000000e+02
8.663000000000000000e+03
3.896000000000000000e+03
5.608000000000000000e+03
4.936000000000000000e+03
4.403000000000000000e+03
2.859000000000000000e+03
8.060000000000000000e+02
4.916000000000000000e+03
1.274000000000000000e+03
3.653000000000000000e+03
6.023000000000000000e+03
2.209000000000000000e+03
5.272000000000000000e+03
2.585000000000000000e+03
6.262000000000000000e+03
1.470000000000000000e+03
3.665000000000000000e+03
2.247000000000000000e+03
6.987000000000000000e+03
6.127000000000000000e+03
6.901000000000000000e+03
2.733000000000000000e+03
7.012000000000000000e+03
5.571000000000000000e+03
3.376000000000000000e+03
5.592000000000000000e+03
3.842000000000000000e+03
3.085000000000000000e+03
3.478000000000000000e+03
3.641000000000000000e+03
5.785000000000000000e+03
3.515000000000000000e+03
6.237000000000000000e+03
7.874000000000000000e+03
2.793000000000000000e+03
4.255000000000000000e+03
1.091300000000000000e+04
1.502000000000000000e+03
5.123000000000000000e+03
2.782000000000000000e+03
6.342000000000000000e+03
7.257000000000000000e+03
1.587000000000000000e+03
2.673000000000000000e+03
5.719000000000000000e+03
6.457000000000000000e+03
5.882000000000000000e+03
3.877000000000000000e+03
7.189000000000000000e+03
9.023000000000000000e+03
4.429000000000000000e+03
6.672000000000000000e+03
5.831000000000000000e+03
6.776000000000000000e+03
6.576000000000000000e+03
1.388000000000000000e+03
7.085000000000000000e+03
4.891000000000000000e+03
7.530000000000000000e+03
4.628000000000000000e+03
5.371000000000000000e+03
7.258000000000000000e+03
7.139000000000000000e+03
6.560000000000000000e+03
6.314000000000000000e+03
6.093000000000000000e+03
7.848000000000000000e+03
8.853000000000000000e+03
1.031100000000000000e+04
4.583000000000000000e+03
7.129000000000000000e+03
8.274000000000000000e+03
4.252000000000000000e+03
2.603000000000000000e+03
1.461000000000000000e+03
5.284000000000000000e+03
4.552000000000000000e+03
5.681000000000000000e+03
1.042600000000000000e+04
3.465000000000000000e+03
3.480000000000000000e+03
1.490000000000000000e+03
7.610000000000000000e+03
4.974000000000000000e+03
7.768000000000000000e+03
4.910000000000000000e+03
1.247500000000000000e+04
7.674000000000000000e+03
4.223000000000000000e+03
4.610000000000000000e+03
1.316600000000000000e+04
1.327400000000000000e+04
2.928000000000000000e+03
6.621000000000000000e+03
5.220000000000000000e+03
3.984000000000000000e+03
3.708000000000000000e+03
5.585000000000000000e+03
4.525000000000000000e+03
8.913000000000000000e+03
7.599000000000000000e+03
1.227100000000000000e+04
4.332000000000000000e+03
1.660000000000000000e+03
1.203200000000000000e+04
5.293000000000000000e+03
1.163100000000000000e+04
8.273000000000000000e+03
1.191000000000000000e+04
8.678000000000000000e+03
8.282000000000000000e+03
1.032400000000000000e+04
1.414100000000000000e+04
3.650000000000000000e+03
1.953000000000000000e+03
6.636000000000000000e+03
2.361000000000000000e+03
6.554000000000000000e+03
8.632000000000000000e+03
7.042000000000000000e+03
3.128000000000000000e+03
4.111000000000000000e+03
4.727000000000000000e+03
1.389900000000000000e+04
9.756000000000000000e+03
1.205100000000000000e+04
8.046000000000000000e+03
1.116400000000000000e+04
9.862000000000000000e+03
2.278000000000000000e+03
6.207000000000000000e+03
1.193200000000000000e+04
7.180000000000000000e+03
1.306100000000000000e+04
8.198000000000000000e+03
1.064600000000000000e+04
9.742000000000000000e+03
7.045000000000000000e+03
7.641000000000000000e+03
1.028800000000000000e+04
6.080000000000000000e+03
9.639000000000000000e+03
8.948000000000000000e+03
1.119200000000000000e+04
4.826000000000000000e+03
1.241300000000000000e+04
9.286000000000000000e+03
8.386000000000000000e+03
2.135000000000000000e+03
6.285000000000000000e+03
6.388000000000000000e+03
1.855000000000000000e+03
1.761000000000000000e+03
6.450000000000000000e+02
7.560000000000000000e+02
4.157000000000000000e+03
8.926000000000000000e+03
6.723000000000000000e+03
7.279000000000000000e+03
8.372000000000000000e+03
7.408000000000000000e+03
6.711000000000000000e+03
1.661100000000000000e+04
1.345800000000000000e+04
8.190000000000000000e+03
3.850000000000000000e+02
4.041000000000000000e+03
1.041300000000000000e+04
1.430700000000000000e+04
3.270000000000000000e+03
3.500000000000000000e+03
1.667000000000000000e+03
1.095400000000000000e+04
1.197900000000000000e+04
7.050000000000000000e+02
9.911000000000000000e+03
1.038900000000000000e+04
1.180000000000000000e+02
1.823000000000000000e+03
9.531000000000000000e+03
1.122000000000000000e+04
1.332000000000000000e+04
1.062400000000000000e+04
6.014000000000000000e+03
4.463000000000000000e+03
6.566000000000000000e+03
1.133700000000000000e+04
1.260800000000000000e+04
1.119700000000000000e+04
1.239000000000000000e+03
1.122100000000000000e+04
9.056000000000000000e+03
8.014000000000000000e+03
1.149900000000000000e+04
7.690000000000000000e+02
7.256000000000000000e+03
1.362000000000000000e+04
1.212500000000000000e+04
8.617000000000000000e+03
9.401000000000000000e+03
1.426300000000000000e+04
1.164300000000000000e+04
8.927000000000000000e+03
1.209500000000000000e+04
5.943000000000000000e+03
8.983000000000000000e+03
1.052900000000000000e+04
1.220400000000000000e+04
1.934000000000000000e+03
8.452000000000000000e+03
7.295000000000000000e+03
1.048500000000000000e+04
3.353000000000000000e+03
1.595000000000000000e+03
1.258900000000000000e+04
4.623000000000000000e+03
5.830000000000000000e+03
1.280100000000000000e+04
1.074500000000000000e+04
3.700000000000000000e+03
2.704000000000000000e+03
7.392000000000000000e+03
1.122200000000000000e+04
1.567100000000000000e+04
8.203000000000000000e+03
7.957000000000000000e+03
1.525000000000000000e+04
6.962000000000000000e+03
1.068500000000000000e+04
1.611000000000000000e+03
5.649000000000000000e+03
1.399700000000000000e+04
7.346000000000000000e+03
4.087000000000000000e+03
5.657000000000000000e+03
1.146800000000000000e+04
1.466200000000000000e+04
7.123000000000000000e+03
1.397800000000000000e+04
9.506000000000000000e+03
2.023000000000000000e+03
1.195100000000000000e+04
1.146900000000000000e+04
4.045000000000000000e+03
2.836000000000000000e+03
1.515100000000000000e+04
1.471000000000000000e+04
1.186700000000000000e+04
2.943000000000000000e+03
3.388000000000000000e+03
3.516000000000000000e+03
1.544500000000000000e+04
1.500000000000000000e+04
1.039000000000000000e+04
1.085500000000000000e+04
1.563500000000000000e+04
1.322400000000000000e+04
1.100000000000000000e+03
7.896000000000000000e+03
1.040200000000000000e+04
3.969000000000000000e+03
1.107100000000000000e+04
1.057200000000000000e+04
1.395900000000000000e+04
8.176000000000000000e+03
2.383000000000000000e+03
7.719000000000000000e+03
1.760800000000000000e+04
5.619000000000000000e+03
1.208400000000000000e+04
1.767500000000000000e+04
3.335000000000000000e+03
1.450600000000000000e+04
1.666400000000000000e+04
1.635500000000000000e+04
1.303700000000000000e+04
1.089200000000000000e+04
6.800000000000000000e+01
5.742000000000000000e+03
4.765000000000000000e+03
6.164000000000000000e+03
3.950000000000000000e+02
9.906000000000000000e+03
6.005000000000000000e+03
1.228600000000000000e+04
1.628300000000000000e+04
1.120700000000000000e+04
1.638600000000000000e+04
1.609200000000000000e+04
1.631000000000000000e+04
8.809000000000000000e+03
5.650000000000000000e+03
1.453700000000000000e+04
1.384400000000000000e+04
1.733800000000000000e+04
1.808800000000000000e+04
1.498600000000000000e+04
1.044900000000000000e+04
1.325500000000000000e+04
1.299100000000000000e+04
1.066500000000000000e+04
1.666500000000000000e+04
1.714000000000000000e+03
1.260000000000000000e+03
1.364400000000000000e+04
1.187300000000000000e+04
2.142000000000000000e+03
1.308500000000000000e+04
1.341900000000000000e+04
1.557000000000000000e+04
1.497200000000000000e+04
1.540900000000000000e+04
1.241400000000000000e+04
1.236400000000000000e+04
1.874000000000000000e+03
1.718200000000000000e+04
1.525100000000000000e+04
1.096300000000000000e+04
5.720000000000000000e+02
8.334000000000000000e+03
1.660100000000000000e+04
2.437000000000000000e+03
4.665000000000000000e+03
1.121900000000000000e+04
5.871000000000000000e+03
1.659000000000000000e+04
1.595500000000000000e+04
1.432900000000000000e+04
1.546100000000000000e+04
8.360000000000000000e+02
1.063000000000000000e+03
1.693200000000000000e+04
1.790000000000000000e+04
8.854000000000000000e+03
1.106200000000000000e+04
5.580000000000000000e+02
4.947000000000000000e+03
1.187900000000000000e+04
4.071000000000000000e+03
1.354800000000000000e+04
1.641800000000000000e+04
1.612200000000000000e+04
1.119800000000000000e+04
1.132400000000000000e+04
1.708900000000000000e+04
1.581400000000000000e+04
2.208000000000000000e+03
1.276100000000000000e+04
1.053900000000000000e+04
1.746200000000000000e+04
1.498500000000000000e+04
1.459100000000000000e+04
7.602000000000000000e+03
6.053000000000000000e+03
4.322000000000000000e+03
8.625000000000000000e+03
8.499000000000000000e+03
1.717000000000000000e+04
1.210700000000000000e+04
1.604700000000000000e+04
9.933000000000000000e+03
3.744000000000000000e+03
7.947000000000000000e+03
3.167000000000000000e+03
8.864000000000000000e+03
8.030000000000000000e+02
1.857000000000000000e+03
6.732000000000000000e+03
5.244000000000000000e+03
1.230300000000000000e+04
7.752000000000000000e+03
1.203300000000000000e+04
9.550000000000000000e+03
9.414000000000000000e+03
1.087200000000000000e+04
1.325600000000000000e+04
1.765700000000000000e+04
6.710000000000000000e+03
8.232000000000000000e+03
1.788400000000000000e+04
1.793300000000000000e+04
8.275000000000000000e+03
8.984000000000000000e+03
1.246000000000000000e+03
1.057100000000000000e+04
1.597400000000000000e+04
1.426400000000000000e+04
2.248000000000000000e+03
1.321100000000000000e+04
1.212300000000000000e+04
2.950000000000000000e+02
1.078300000000000000e+04
9.109000000000000000e+03
1.338300000000000000e+04
1.549800000000000000e+04
1.781600000000000000e+04
3.344000000000000000e+03
5.245000000000000000e+03
1.049300000000000000e+04
1.578500000000000000e+04
1.640200000000000000e+04
6.567000000000000000e+03
3.122000000000000000e+03
1.692100000000000000e+04
6.034000000000000000e+03
8.294000000000000000e+03
1.831600000000000000e+04
1.823400000000000000e+04
2.450000000000000000e+03
1.805000000000000000e+03
2.808000000000000000e+03
8.838000000000000000e+03
1.832500000000000000e+04
1.570500000000000000e+04
1.142800000000000000e+04
1.112100000000000000e+04
1.339800000000000000e+04
1.310200000000000000e+04
4.070000000000000000e+03
4.100000000000000000e+02
2.642000000000000000e+03
9.447000000000000000e+03
1.824500000000000000e+04
5.669000000000000000e+03
6.271000000000000000e+03
1.650100000000000000e+04
4.749000000000000000e+03
5.061000000000000000e+03
1.367800000000000000e+04
7.122000000000000000e+03
2.580000000000000000e+03
1.526600000000000000e+04
6.226000000000000000e+03
5.924000000000000000e+03
3.836000000000000000e+03
6.497000000000000000e+03
8.418000000000000000e+03
1.778000000000000000e+03
1.392700000000000000e+04
1.600800000000000000e+04
5.988000000000000000e+03
1.097200000000000000e+04
9.478000000000000000e+03
1.397700000000000000e+04
1.156800000000000000e+04
1.213600000000000000e+04
1.591300000000000000e+04
8.781000000000000000e+03
1.252000000000000000e+04
1.791600000000000000e+04
1.374200000000000000e+04
1.607500000000000000e+04
9.987000000000000000e+03
2.972000000000000000e+03
1.880000000000000000e+03
1.990000000000000000e+02
1.021100000000000000e+04
1.113400000000000000e+04
2.259000000000000000e+03
9.055000000000000000e+03
1.081000000000000000e+03
6.914000000000000000e+03
1.208500000000000000e+04
1.310100000000000000e+04
1.300500000000000000e+04
1.816400000000000000e+04
5.578000000000000000e+03
8.387000000000000000e+03
3.110000000000000000e+02
3.828000000000000000e+03
3.211000000000000000e+03
2.494000000000000000e+03
9.030000000000000000e+03
1.065200000000000000e+04
1.754600000000000000e+04
1.752900000000000000e+04
1.389000000000000000e+04
1.344000000000000000e+03
1.499000000000000000e+03
2.230000000000000000e+03
2.070000000000000000e+03
1.471100000000000000e+04
4.984000000000000000e+03
1.638500000000000000e+04
1.060900000000000000e+04
8.272000000000000000e+03
1.556900000000000000e+04
1.082000000000000000e+04
1.415500000000000000e+04
6.796000000000000000e+03
1.769600000000000000e+04
1.274500000000000000e+04
1.819900000000000000e+04
1.480600000000000000e+04
1.188000000000000000e+04
1.595400000000000000e+04
1.828800000000000000e+04
1.693300000000000000e+04
1.243900000000000000e+04
7.761000000000000000e+03
1.519700000000000000e+04
7.826000000000000000e+03
1.723600000000000000e+04
1.839100000000000000e+04
