1.380000000000000000e+02
6.660000000000000000e+02
6.710000000000000000e+02
6.450000000000000000e+02
5.070000000000000000e+02
2.928000000000000000e+03
8.670000000000000000e+02
1.337000000000000000e+03
1.256000000000000000e+03
2.733000000000000000e+03
5.460000000000000000e+02
3.110000000000000000e+02
1.880000000000000000e+03
3.335000000000000000e+03
3.270000000000000000e+03
4.810000000000000000e+02
1.109000000000000000e+03
7.400000000000000000e+02
3.850000000000000000e+02
6.271000000000000000e+03
3.650000000000000000e+03
7.560000000000000000e+02
2.782000000000000000e+03
1.344000000000000000e+03
2.229000000000000000e+03
3.070000000000000000e+02
2.940000000000000000e+02
2.330000000000000000e+03
1.274000000000000000e+03
1.855000000000000000e+03
1.953000000000000000e+03
2.135000000000000000e+03
1.714000000000000000e+03
1.355000000000000000e+03
2.673000000000000000e+03
1.533000000000000000e+03
5.900000000000000000e+01
3.836000000000000000e+03
9.280000000000000000e+02
7.762000000000000000e+03
1.660000000000000000e+03
3.877000000000000000e+03
6.380000000000000000e+02
3.596000000000000000e+03
1.239000000000000000e+03
9.930000000000000000e+02
2.538000000000000000e+03
3.500000000000000000e+02
4.332000000000000000e+03
4.628000000000000000e+03
2.855000000000000000e+03
3.194000000000000000e+03
2.943000000000000000e+03
4.252000000000000000e+03
2.859000000000000000e+03
7.122000000000000000e+03
2.387000000000000000e+03
6.497000000000000000e+03
7.740000000000000000e+02
5.578000000000000000e+03
3.828000000000000000e+03
4.891000000000000000e+03
3.353000000000000000e+03
4.610000000000000000e+03
1.778000000000000000e+03
1.692000000000000000e+03
2.995000000000000000e+03
3.906000000000000000e+03
3.376000000000000000e+03
4.869000000000000000e+03
8.400000000000000000e+01
3.708000000000000000e+03
5.650000000000000000e+03
1.445000000000000000e+03
7.123000000000000000e+03
3.122000000000000000e+03
5.786000000000000000e+03
7.769000000000000000e+03
2.247000000000000000e+03
4.046000000000000000e+03
2.209000000000000000e+03
9.447000000000000000e+03
3.465000000000000000e+03
5.882000000000000000e+03
4.916000000000000000e+03
5.293000000000000000e+03
3.641000000000000000e+03
1.237000000000000000e+03
4.826000000000000000e+03
6.379000000000000000e+03
2.143000000000000000e+03
1.899000000000000000e+03
8.678000000000000000e+03
6.554000000000000000e+03
1.289300000000000000e+04
4.552000000000000000e+03
1.180000000000000000e+02
3.405000000000000000e+03
5.608000000000000000e+03
3.950000000000000000e+02
1.078000000000000000e+03
2.450000000000000000e+03
6.014000000000000000e+03
8.275000000000000000e+03
1.936000000000000000e+03
1.918000000000000000e+03
8.395000000000000000e+03
3.500000000000000000e+03
2.437000000000000000e+03
7.641000000000000000e+03
8.809000000000000000e+03
2.810000000000000000e+02
3.700000000000000000e+03
3.480000000000000000e+03
5.272000000000000000e+03
6.285000000000000000e+03
3.344000000000000000e+03
2.580000000000000000e+03
2.972000000000000000e+03
4.583000000000000000e+03
4.958000000000000000e+03
1.496000000000000000e+03
1.499000000000000000e+03
4.910000000000000000e+03
2.006000000000000000e+03
5.245000000000000000e+03
3.030000000000000000e+02
8.151000000000000000e+03
4.265000000000000000e+03
5.123000000000000000e+03
7.042000000000000000e+03
5.371000000000000000e+03
2.070000000000000000e+03
1.658000000000000000e+03
5.720000000000000000e+02
4.223000000000000000e+03
4.697000000000000000e+03
7.346000000000000000e+03
2.248000000000000000e+03
7.690000000000000000e+02
1.406000000000000000e+03
6.723000000000000000e+03
4.255000000000000000e+03
1.241500000000000000e+04
1.364000000000000000e+03
3.665000000000000000e+03
5.494000000000000000e+03
7.761000000000000000e+03
1.113500000000000000e+04
1.920000000000000000e+02
3.654000000000000000e+03
2.968000000000000000e+03
3.005000000000000000e+03
1.805000000000000000e+03
5.649000000000000000e+03
7.083000000000000000e+03
8.198000000000000000e+03
1.096300000000000000e+04
7.752000000000000000e+03
3.364000000000000000e+03
2.495000000000000000e+03
6.711000000000000000e+03
9.506000000000000000e+03
2.478000000000000000e+03
3.085000000000000000e+03
5.619000000000000000e+03
6.636000000000000000e+03
4.765000000000000000e+03
6.853000000000000000e+03
1.310200000000000000e+04
3.969000000000000000e+03
3.754000000000000000e+03
5.831000000000000000e+03
1.107100000000000000e+04
8.418000000000000000e+03
4.665000000000000000e+03
5.467000000000000000e+03
2.154000000000000000e+03
6.388000000000000000e+03
2.982000000000000000e+03
9.056000000000000000e+03
4.907000000000000000e+03
5.220000000000000000e+03
2.259000000000000000e+03
7.253000000000000000e+03
3.065000000000000000e+03
3.291000000000000000e+03
1.031200000000000000e+04
8.984000000000000000e+03
6.914000000000000000e+03
1.255700000000000000e+04
2.704000000000000000e+03
3.896000000000000000e+03
3.167000000000000000e+03
6.110000000000000000e+02
6.672000000000000000e+03
6.364000000000000000e+03
6.962000000000000000e+03
7.408000000000000000e+03
1.120700000000000000e+04
7.530000000000000000e+03
2.346000000000000000e+03
3.388000000000000000e+03
1.318100000000000000e+04
2.230000000000000000e+03
8.176000000000000000e+03
1.038900000000000000e+04
6.207000000000000000e+03
8.387000000000000000e+03
1.236400000000000000e+04
1.039000000000000000e+04
1.675000000000000000e+03
6.237000000000000000e+03
8.927000000000000000e+03
2.808000000000000000e+03
7.279000000000000000e+03
7.826000000000000000e+03
1.934000000000000000e+03
6.262000000000000000e+03
7.768000000000000000e+03
6.315000000000000000e+03
9.286000000000000000e+03
3.515000000000000000e+03
7.085000000000000000e+03
6.576000000000000000e+03
4.089000000000000000e+03
4.727000000000000000e+03
7.392000000000000000e+03
3.211000000000000000e+03
4.479000000000000000e+03
2.531000000000000000e+03
1.230300000000000000e+04
1.083000000000000000e+04
9.542000000000000000e+03
1.072900000000000000e+04
8.781000000000000000e+03
1.610500000000000000e+04
8.487000000000000000e+03
1.100000000000000000e+03
1.090400000000000000e+04
9.862000000000000000e+03
7.633000000000000000e+03
7.012000000000000000e+03
9.708000000000000000e+03
4.319000000000000000e+03
6.331000000000000000e+03
1.208400000000000000e+04
8.360000000000000000e+02
3.045000000000000000e+03
2.595000000000000000e+03
1.274600000000000000e+04
1.089200000000000000e+04
1.213800000000000000e+04
2.250000000000000000e+02
1.252000000000000000e+04
1.241400000000000000e+04
8.948000000000000000e+03
9.933000000000000000e+03
8.123000000000000000e+03
5.177000000000000000e+03
6.164000000000000000e+03
1.208500000000000000e+04
1.389100000000000000e+04
1.319900000000000000e+04
5.592000000000000000e+03
7.694000000000000000e+03
4.037000000000000000e+03
9.498000000000000000e+03
4.936000000000000000e+03
1.203300000000000000e+04
1.139000000000000000e+04
1.002200000000000000e+04
1.164300000000000000e+04
8.914000000000000000e+03
4.224000000000000000e+03
1.044900000000000000e+04
4.623000000000000000e+03
3.350000000000000000e+02
3.516000000000000000e+03
8.273000000000000000e+03
1.042600000000000000e+04
1.367800000000000000e+04
1.300500000000000000e+04
1.730000000000000000e+02
5.681000000000000000e+03
7.957000000000000000e+03
5.571000000000000000e+03
7.896000000000000000e+03
4.322000000000000000e+03
8.386000000000000000e+03
1.210700000000000000e+04
1.310100000000000000e+04
5.965000000000000000e+03
5.719000000000000000e+03
1.095400000000000000e+04
1.389000000000000000e+04
7.139000000000000000e+03
1.364400000000000000e+04
1.132400000000000000e+04
1.392600000000000000e+04
1.374200000000000000e+04
1.366800000000000000e+04
3.222000000000000000e+03
9.981000000000000000e+03
8.865000000000000000e+03
9.932000000000000000e+03
1.122100000000000000e+04
6.621000000000000000e+03
9.670000000000000000e+02
1.897000000000000000e+03
1.064600000000000000e+04
7.874000000000000000e+03
1.068500000000000000e+04
8.838000000000000000e+03
1.116400000000000000e+04
1.213700000000000000e+04
1.428300000000000000e+04
1.498600000000000000e+04
9.661000000000000000e+03
4.925000000000000000e+03
8.335000000000000000e+03
1.392700000000000000e+04
7.258000000000000000e+03
1.022900000000000000e+04
7.599000000000000000e+03
1.648800000000000000e+04
9.999000000000000000e+03
5.785000000000000000e+03
1.119800000000000000e+04
4.594000000000000000e+03
1.072800000000000000e+04
1.159000000000000000e+04
6.360000000000000000e+02
1.410400000000000000e+04
1.345100000000000000e+04
1.052900000000000000e+04
1.197900000000000000e+04
5.161000000000000000e+03
5.797000000000000000e+03
8.589000000000000000e+03
8.282000000000000000e+03
9.987000000000000000e+03
5.221000000000000000e+03
1.426400000000000000e+04
1.039100000000000000e+04
4.974000000000000000e+03
4.813000000000000000e+03
7.470000000000000000e+02
8.663000000000000000e+03
1.032400000000000000e+04
1.497200000000000000e+04
1.693300000000000000e+04
8.854000000000000000e+03
7.900000000000000000e+02
1.771800000000000000e+04
1.255200000000000000e+04
9.863000000000000000e+03
7.610000000000000000e+03
1.745200000000000000e+04
8.864000000000000000e+03
1.073200000000000000e+04
3.842000000000000000e+03
2.424000000000000000e+03
9.912000000000000000e+03
8.486000000000000000e+03
8.757000000000000000e+03
1.595000000000000000e+03
6.457000000000000000e+03
1.443200000000000000e+04
6.567000000000000000e+03
1.600800000000000000e+04
1.084400000000000000e+04
4.585000000000000000e+03
6.080000000000000000e+03
1.028800000000000000e+04
1.057200000000000000e+04
1.122200000000000000e+04
3.321000000000000000e+03
1.759000000000000000e+03
1.742500000000000000e+04
1.661200000000000000e+04
1.604700000000000000e+04
1.161300000000000000e+04
5.830000000000000000e+03
3.653000000000000000e+03
1.203200000000000000e+04
1.269600000000000000e+04
1.607500000000000000e+04
1.583100000000000000e+04
1.397800000000000000e+04
1.717100000000000000e+04
1.076800000000000000e+04
1.498500000000000000e+04
1.667300000000000000e+04
4.689000000000000000e+03
1.525100000000000000e+04
1.258900000000000000e+04
7.181000000000000000e+03
1.598900000000000000e+04
1.356100000000000000e+04
8.983000000000000000e+03
1.540900000000000000e+04
1.718300000000000000e+04
1.502000000000000000e+03
1.587000000000000000e+03
4.728000000000000000e+03
1.395900000000000000e+04
1.230400000000000000e+04
1.106200000000000000e+04
6.300000000000000000e+02
1.212500000000000000e+04
1.086200000000000000e+04
1.681800000000000000e+04
1.216700000000000000e+04
2.743000000000000000e+03
5.988000000000000000e+03
1.388000000000000000e+03
6.127000000000000000e+03
2.507000000000000000e+03
5.284000000000000000e+03
9.023000000000000000e+03
1.122000000000000000e+04
3.478000000000000000e+03
5.601000000000000000e+03
1.243900000000000000e+04
1.699000000000000000e+04
1.581400000000000000e+04
1.014200000000000000e+04
1.332000000000000000e+04
9.110000000000000000e+03
1.471100000000000000e+04
1.789000000000000000e+03
2.836000000000000000e+03
8.960000000000000000e+03
1.141000000000000000e+03
8.190000000000000000e+03
1.385600000000000000e+04
1.519700000000000000e+04
1.288400000000000000e+04
1.494200000000000000e+04
1.085500000000000000e+04
1.227100000000000000e+04
1.673300000000000000e+04
7.502000000000000000e+03
6.818000000000000000e+03
7.948000000000000000e+03
1.213600000000000000e+04
1.500000000000000000e+04
1.802400000000000000e+04
1.113600000000000000e+04
1.732800000000000000e+04
7.189000000000000000e+03
1.628300000000000000e+04
7.793000000000000000e+03
1.721400000000000000e+04
1.534000000000000000e+03
1.544500000000000000e+04
1.453700000000000000e+04
1.808900000000000000e+04
1.002300000000000000e+04
2.468000000000000000e+03
1.238100000000000000e+04
8.287000000000000000e+03
6.314000000000000000e+03
1.486400000000000000e+04
1.358600000000000000e+04
5.585000000000000000e+03
2.990000000000000000e+02
7.045000000000000000e+03
1.042700000000000000e+04
1.404300000000000000e+04
1.048500000000000000e+04
3.484000000000000000e+03
1.515100000000000000e+04
1.333200000000000000e+04
1.581500000000000000e+04
8.060000000000000000e+02
1.831700000000000000e+04
1.576800000000000000e+04
1.747300000000000000e+04
1.572600000000000000e+04
1.965000000000000000e+03
7.602000000000000000e+03
6.342000000000000000e+03
8.014000000000000000e+03
7.257000000000000000e+03
1.471000000000000000e+04
7.848000000000000000e+03
1.431600000000000000e+04
1.074500000000000000e+04
1.146800000000000000e+04
1.062400000000000000e+04
1.754700000000000000e+04
1.436200000000000000e+04
1.470000000000000000e+03
2.562000000000000000e+03
1.723600000000000000e+04
6.829000000000000000e+03
2.142000000000000000e+03
9.911000000000000000e+03
1.708900000000000000e+04
1.826500000000000000e+04
1.390000000000000000e+04
3.984000000000000000e+03
6.093000000000000000e+03
1.306100000000000000e+04
1.841300000000000000e+04
1.772700000000000000e+04
1.573000000000000000e+03
2.515000000000000000e+03
1.187900000000000000e+04
2.206000000000000000e+03
1.549800000000000000e+04
1.595500000000000000e+04
1.816400000000000000e+04
1.261800000000000000e+04
8.221000000000000000e+03
8.070000000000000000e+02
3.695000000000000000e+03
4.087000000000000000e+03
6.566000000000000000e+03
9.742000000000000000e+03
1.133700000000000000e+04
6.776000000000000000e+03
1.389900000000000000e+04
1.586200000000000000e+04
1.681900000000000000e+04
1.824600000000000000e+04
1.091400000000000000e+04
7.825000000000000000e+03
1.197200000000000000e+04
1.292900000000000000e+04
1.707100000000000000e+04
1.378700000000000000e+04
1.187300000000000000e+04
2.383000000000000000e+03
1.119200000000000000e+04
1.612200000000000000e+04
1.781600000000000000e+04
1.279000000000000000e+03
1.013500000000000000e+04
1.288300000000000000e+04
7.347000000000000000e+03
5.701000000000000000e+03
1.661000000000000000e+03
5.943000000000000000e+03
1.091300000000000000e+04
1.193200000000000000e+04
1.635500000000000000e+04
1.303700000000000000e+04
1.500100000000000000e+04
1.047800000000000000e+04
6.656000000000000000e+03
1.586300000000000000e+04
1.574200000000000000e+04
1.652600000000000000e+04
2.305000000000000000e+03
1.293100000000000000e+04
1.260800000000000000e+04
9.639000000000000000e+03
1.563500000000000000e+04
6.987000000000000000e+03
1.228600000000000000e+04
3.187000000000000000e+03
6.023000000000000000e+03
1.767500000000000000e+04
1.824500000000000000e+04
1.195200000000000000e+04
1.799400000000000000e+04
1.491000000000000000e+03
1.764600000000000000e+04
4.007000000000000000e+03
1.481000000000000000e+03
3.255000000000000000e+03
