6.450000000000000000e+02
2.070000000000000000e+03
1.920000000000000000e+02
1.344000000000000000e+03
3.850000000000000000e+02
1.380000000000000000e+02
6.710000000000000000e+02
3.110000000000000000e+02
1.714000000000000000e+03
2.006000000000000000e+03
7.560000000000000000e+02
6.660000000000000000e+02
2.982000000000000000e+03
2.250000000000000000e+02
5.070000000000000000e+02
6.380000000000000000e+02
1.953000000000000000e+03
7.740000000000000000e+02
1.660000000000000000e+03
9.670000000000000000e+02
3.335000000000000000e+03
4.265000000000000000e+03
3.270000000000000000e+03
1.337000000000000000e+03
3.364000000000000000e+03
2.437000000000000000e+03
1.880000000000000000e+03
1.855000000000000000e+03
1.180000000000000000e+02
1.274000000000000000e+03
4.869000000000000000e+03
3.388000000000000000e+03
1.730000000000000000e+02
3.836000000000000000e+03
4.810000000000000000e+02
3.005000000000000000e+03
2.673000000000000000e+03
2.855000000000000000e+03
2.248000000000000000e+03
8.670000000000000000e+02
1.918000000000000000e+03
3.950000000000000000e+02
4.089000000000000000e+03
1.778000000000000000e+03
1.239000000000000000e+03
5.720000000000000000e+02
5.245000000000000000e+03
1.534000000000000000e+03
7.083000000000000000e+03
1.109000000000000000e+03
2.230000000000000000e+03
1.658000000000000000e+03
6.110000000000000000e+02
3.654000000000000000e+03
7.690000000000000000e+02
2.972000000000000000e+03
3.353000000000000000e+03
5.786000000000000000e+03
4.610000000000000000e+03
3.122000000000000000e+03
1.805000000000000000e+03
1.897000000000000000e+03
3.344000000000000000e+03
2.782000000000000000e+03
2.580000000000000000e+03
2.562000000000000000e+03
1.256000000000000000e+03
5.965000000000000000e+03
2.704000000000000000e+03
2.733000000000000000e+03
4.224000000000000000e+03
7.752000000000000000e+03
3.405000000000000000e+03
2.450000000000000000e+03
3.465000000000000000e+03
3.211000000000000000e+03
2.995000000000000000e+03
1.675000000000000000e+03
2.943000000000000000e+03
1.355000000000000000e+03
1.499000000000000000e+03
3.376000000000000000e+03
5.460000000000000000e+02
4.479000000000000000e+03
3.650000000000000000e+03
2.940000000000000000e+02
3.700000000000000000e+03
2.928000000000000000e+03
4.332000000000000000e+03
6.567000000000000000e+03
4.826000000000000000e+03
6.360000000000000000e+02
4.891000000000000000e+03
3.167000000000000000e+03
5.797000000000000000e+03
3.708000000000000000e+03
8.395000000000000000e+03
5.578000000000000000e+03
3.828000000000000000e+03
4.037000000000000000e+03
8.960000000000000000e+03
6.497000000000000000e+03
9.280000000000000000e+02
4.907000000000000000e+03
2.808000000000000000e+03
7.633000000000000000e+03
5.221000000000000000e+03
2.595000000000000000e+03
6.379000000000000000e+03
8.151000000000000000e+03
3.516000000000000000e+03
2.859000000000000000e+03
4.628000000000000000e+03
5.177000000000000000e+03
6.656000000000000000e+03
9.661000000000000000e+03
2.135000000000000000e+03
3.500000000000000000e+03
7.346000000000000000e+03
4.583000000000000000e+03
2.229000000000000000e+03
8.123000000000000000e+03
3.321000000000000000e+03
4.765000000000000000e+03
4.665000000000000000e+03
2.515000000000000000e+03
7.122000000000000000e+03
2.387000000000000000e+03
5.371000000000000000e+03
9.987000000000000000e+03
4.252000000000000000e+03
3.877000000000000000e+03
8.914000000000000000e+03
7.694000000000000000e+03
2.305000000000000000e+03
1.936000000000000000e+03
7.826000000000000000e+03
8.360000000000000000e+02
4.585000000000000000e+03
9.933000000000000000e+03
6.315000000000000000e+03
8.387000000000000000e+03
5.649000000000000000e+03
7.392000000000000000e+03
1.014200000000000000e+04
1.573000000000000000e+03
7.769000000000000000e+03
3.070000000000000000e+02
1.491000000000000000e+03
8.838000000000000000e+03
9.498000000000000000e+03
4.910000000000000000e+03
2.247000000000000000e+03
6.914000000000000000e+03
6.271000000000000000e+03
7.762000000000000000e+03
8.487000000000000000e+03
1.789000000000000000e+03
6.285000000000000000e+03
6.962000000000000000e+03
9.912000000000000000e+03
6.723000000000000000e+03
8.335000000000000000e+03
5.900000000000000000e+01
5.293000000000000000e+03
4.552000000000000000e+03
1.261800000000000000e+04
8.418000000000000000e+03
5.650000000000000000e+03
4.223000000000000000e+03
3.969000000000000000e+03
3.641000000000000000e+03
4.255000000000000000e+03
1.197200000000000000e+04
2.209000000000000000e+03
8.589000000000000000e+03
6.711000000000000000e+03
9.542000000000000000e+03
1.139000000000000000e+04
5.467000000000000000e+03
8.070000000000000000e+02
1.090400000000000000e+04
1.031200000000000000e+04
4.916000000000000000e+03
8.275000000000000000e+03
1.159000000000000000e+04
6.014000000000000000e+03
5.452000000000000000e+03
8.176000000000000000e+03
9.447000000000000000e+03
8.984000000000000000e+03
7.761000000000000000e+03
1.213800000000000000e+04
1.083000000000000000e+04
2.468000000000000000e+03
7.279000000000000000e+03
1.072800000000000000e+04
9.863000000000000000e+03
6.164000000000000000e+03
2.538000000000000000e+03
1.255200000000000000e+04
1.072900000000000000e+04
1.141000000000000000e+03
7.408000000000000000e+03
1.533000000000000000e+03
1.445000000000000000e+03
6.207000000000000000e+03
1.366800000000000000e+04
3.291000000000000000e+03
6.554000000000000000e+03
3.906000000000000000e+03
5.220000000000000000e+03
1.073200000000000000e+04
4.595000000000000000e+03
7.400000000000000000e+02
3.085000000000000000e+03
1.100000000000000000e+03
8.781000000000000000e+03
1.296100000000000000e+04
8.400000000000000000e+01
2.495000000000000000e+03
1.086200000000000000e+04
8.865000000000000000e+03
9.981000000000000000e+03
8.486000000000000000e+03
8.864000000000000000e+03
3.222000000000000000e+03
1.230400000000000000e+04
1.358600000000000000e+04
4.046000000000000000e+03
2.330000000000000000e+03
7.123000000000000000e+03
6.853000000000000000e+03
1.486400000000000000e+04
7.347000000000000000e+03
8.757000000000000000e+03
1.216700000000000000e+04
5.882000000000000000e+03
9.932000000000000000e+03
9.999000000000000000e+03
6.818000000000000000e+03
1.084400000000000000e+04
5.495000000000000000e+03
3.665000000000000000e+03
7.253000000000000000e+03
1.161300000000000000e+04
7.957000000000000000e+03
6.388000000000000000e+03
8.889000000000000000e+03
1.237000000000000000e+03
1.113500000000000000e+04
1.238100000000000000e+04
6.636000000000000000e+03
7.900000000000000000e+02
1.091400000000000000e+04
4.813000000000000000e+03
7.045000000000000000e+03
8.809000000000000000e+03
1.210700000000000000e+04
1.203300000000000000e+04
1.586300000000000000e+04
5.701000000000000000e+03
8.429000000000000000e+03
1.318100000000000000e+04
1.047800000000000000e+04
1.044900000000000000e+04
1.288400000000000000e+04
3.194000000000000000e+03
1.406000000000000000e+03
1.428300000000000000e+04
7.502000000000000000e+03
2.143000000000000000e+03
1.039100000000000000e+04
1.345100000000000000e+04
1.132400000000000000e+04
1.252000000000000000e+04
1.269600000000000000e+04
7.793000000000000000e+03
9.110000000000000000e+03
7.181000000000000000e+03
1.076800000000000000e+04
5.883000000000000000e+03
7.042000000000000000e+03
1.243900000000000000e+04
1.195200000000000000e+04
1.682900000000000000e+04
1.105400000000000000e+04
1.965000000000000000e+03
1.661000000000000000e+03
1.208500000000000000e+04
3.596000000000000000e+03
1.022900000000000000e+04
1.581500000000000000e+04
1.002300000000000000e+04
8.927000000000000000e+03
1.002200000000000000e+04
1.390000000000000000e+04
6.829000000000000000e+03
5.743000000000000000e+03
6.080000000000000000e+03
5.619000000000000000e+03
1.410400000000000000e+04
1.385600000000000000e+04
1.507000000000000000e+04
4.007000000000000000e+03
1.899000000000000000e+03
1.333200000000000000e+04
9.506000000000000000e+03
1.113600000000000000e+04
1.261900000000000000e+04
5.033000000000000000e+03
8.386000000000000000e+03
1.120700000000000000e+04
1.230300000000000000e+04
4.594000000000000000e+03
6.208000000000000000e+03
2.259000000000000000e+03
2.968000000000000000e+03
5.272000000000000000e+03
1.310100000000000000e+04
1.042700000000000000e+04
1.721400000000000000e+04
1.013500000000000000e+04
1.404300000000000000e+04
6.195000000000000000e+03
1.106200000000000000e+04
9.056000000000000000e+03
1.701500000000000000e+04
1.241500000000000000e+04
1.039000000000000000e+04
1.356100000000000000e+04
1.360400000000000000e+04
7.896000000000000000e+03
9.708000000000000000e+03
1.213700000000000000e+04
7.825000000000000000e+03
1.389100000000000000e+04
1.319900000000000000e+04
1.586200000000000000e+04
6.343000000000000000e+03
9.862000000000000000e+03
1.300500000000000000e+04
1.089200000000000000e+04
3.045000000000000000e+03
1.255700000000000000e+04
8.287000000000000000e+03
1.489900000000000000e+04
1.692000000000000000e+03
7.530000000000000000e+03
1.389000000000000000e+04
1.471100000000000000e+04
2.743000000000000000e+03
4.137000000000000000e+03
7.464000000000000000e+03
1.572600000000000000e+04
1.494200000000000000e+04
1.293100000000000000e+04
7.085000000000000000e+03
6.576000000000000000e+03
1.241400000000000000e+04
1.583100000000000000e+04
1.279000000000000000e+03
1.274600000000000000e+04
1.681900000000000000e+04
1.133800000000000000e+04
7.258000000000000000e+03
1.057200000000000000e+04
1.426400000000000000e+04
1.519700000000000000e+04
1.394700000000000000e+04
8.198000000000000000e+03
1.398900000000000000e+04
1.574200000000000000e+04
1.652600000000000000e+04
8.221000000000000000e+03
1.621700000000000000e+04
1.119800000000000000e+04
1.374200000000000000e+04
1.774100000000000000e+04
1.598900000000000000e+04
1.746300000000000000e+04
6.610000000000000000e+02
1.436200000000000000e+04
1.362100000000000000e+04
8.948000000000000000e+03
1.030000000000000000e+04
1.164300000000000000e+04
7.768000000000000000e+03
1.443200000000000000e+04
1.772700000000000000e+04
1.288300000000000000e+04
1.723600000000000000e+04
1.500100000000000000e+04
1.699000000000000000e+04
1.799400000000000000e+04
3.143000000000000000e+03
1.934000000000000000e+03
4.974000000000000000e+03
8.854000000000000000e+03
1.681800000000000000e+04
1.258900000000000000e+04
1.632700000000000000e+04
3.695000000000000000e+03
5.123000000000000000e+03
5.494000000000000000e+03
1.771900000000000000e+04
1.431600000000000000e+04
4.697000000000000000e+03
1.038900000000000000e+04
1.392600000000000000e+04
8.983000000000000000e+03
1.367800000000000000e+04
1.648800000000000000e+04
1.817300000000000000e+04
1.292900000000000000e+04
1.635600000000000000e+04
2.331000000000000000e+03
7.641000000000000000e+03
1.208400000000000000e+04
1.392700000000000000e+04
1.747300000000000000e+04
7.190000000000000000e+03
1.378700000000000000e+04
1.595000000000000000e+03
1.048500000000000000e+04
1.576800000000000000e+04
1.103900000000000000e+04
1.054600000000000000e+04
1.764600000000000000e+04
5.652000000000000000e+03
3.030000000000000000e+02
1.768500000000000000e+04
7.704000000000000000e+03
4.932000000000000000e+03
7.938000000000000000e+03
1.087200000000000000e+04
1.723700000000000000e+04
2.980000000000000000e+02
1.042600000000000000e+04
8.282000000000000000e+03
1.824600000000000000e+04
1.089300000000000000e+04
8.167000000000000000e+03
1.522100000000000000e+04
1.812600000000000000e+04
1.005900000000000000e+04
7.477000000000000000e+03
1.166100000000000000e+04
2.478000000000000000e+03
5.592000000000000000e+03
1.274700000000000000e+04
1.320000000000000000e+04
3.500000000000000000e+02
5.571000000000000000e+03
1.064600000000000000e+04
6.237000000000000000e+03
7.599000000000000000e+03
1.718300000000000000e+04
1.119200000000000000e+04
6.331000000000000000e+03
1.753000000000000000e+04
8.037000000000000000e+03
1.441300000000000000e+04
1.075500000000000000e+04
1.122000000000000000e+04
1.095400000000000000e+04
3.896000000000000000e+03
1.768600000000000000e+04
5.682000000000000000e+03
1.059700000000000000e+04
4.623000000000000000e+03
1.808900000000000000e+04
1.839100000000000000e+04
1.707100000000000000e+04
1.547700000000000000e+04
2.154000000000000000e+03
1.085500000000000000e+04
1.661200000000000000e+04
1.399800000000000000e+04
1.615100000000000000e+04
3.386000000000000000e+03
8.960000000000000000e+02
5.830000000000000000e+03
1.802400000000000000e+04
1.826500000000000000e+04
1.604800000000000000e+04
1.270000000000000000e+02
6.251000000000000000e+03
9.698000000000000000e+03
4.488000000000000000e+03
3.496000000000000000e+03
4.322000000000000000e+03
5.161000000000000000e+03
1.096300000000000000e+04
4.708000000000000000e+03
2.409000000000000000e+03
5.785000000000000000e+03
3.065000000000000000e+03
3.480000000000000000e+03
7.171000000000000000e+03
1.695600000000000000e+04
7.775000000000000000e+03
1.489800000000000000e+04
8.832000000000000000e+03
1.093300000000000000e+04
1.481000000000000000e+03
3.350000000000000000e+02
8.273000000000000000e+03
6.621000000000000000e+03
1.228700000000000000e+04
1.656700000000000000e+04
1.473900000000000000e+04
4.727000000000000000e+03
2.810000000000000000e+02
6.457000000000000000e+03
7.874000000000000000e+03
1.610500000000000000e+04
1.310200000000000000e+04
1.236400000000000000e+04
1.511700000000000000e+04
9.869000000000000000e+03
6.347000000000000000e+03
1.187300000000000000e+04
1.672800000000000000e+04
3.842000000000000000e+03
4.319000000000000000e+03
1.116400000000000000e+04
5.608000000000000000e+03
4.936000000000000000e+03
1.453700000000000000e+04
1.447900000000000000e+04
1.707200000000000000e+04
6.949000000000000000e+03
5.506000000000000000e+03
7.885000000000000000e+03
9.052000000000000000e+03
1.339900000000000000e+04
6.058000000000000000e+03
3.111000000000000000e+03
1.502000000000000000e+03
7.139000000000000000e+03
1.515100000000000000e+04
8.663000000000000000e+03
1.364400000000000000e+04
2.614000000000000000e+03
1.498500000000000000e+04
1.581400000000000000e+04
1.632600000000000000e+04
1.650200000000000000e+04
1.581600000000000000e+04
9.835000000000000000e+03
1.162200000000000000e+04
4.902000000000000000e+03
7.438000000000000000e+03
