1.920000000000000000e+02
2.250000000000000000e+02
5.720000000000000000e+02
1.730000000000000000e+02
1.180000000000000000e+02
6.380000000000000000e+02
1.344000000000000000e+03
2.562000000000000000e+03
3.110000000000000000e+02
1.491000000000000000e+03
6.450000000000000000e+02
6.360000000000000000e+02
1.573000000000000000e+03
7.560000000000000000e+02
6.110000000000000000e+02
1.534000000000000000e+03
9.670000000000000000e+02
3.850000000000000000e+02
3.005000000000000000e+03
8.070000000000000000e+02
7.690000000000000000e+02
6.710000000000000000e+02
1.805000000000000000e+03
7.740000000000000000e+02
1.918000000000000000e+03
3.950000000000000000e+02
2.230000000000000000e+03
2.982000000000000000e+03
1.897000000000000000e+03
1.714000000000000000e+03
1.675000000000000000e+03
2.006000000000000000e+03
1.660000000000000000e+03
2.305000000000000000e+03
2.515000000000000000e+03
2.070000000000000000e+03
1.658000000000000000e+03
3.211000000000000000e+03
2.595000000000000000e+03
1.239000000000000000e+03
1.789000000000000000e+03
2.468000000000000000e+03
6.610000000000000000e+02
4.089000000000000000e+03
2.331000000000000000e+03
1.855000000000000000e+03
2.808000000000000000e+03
3.143000000000000000e+03
2.437000000000000000e+03
4.708000000000000000e+03
2.855000000000000000e+03
4.224000000000000000e+03
3.364000000000000000e+03
2.704000000000000000e+03
1.141000000000000000e+03
3.388000000000000000e+03
3.321000000000000000e+03
3.405000000000000000e+03
5.452000000000000000e+03
2.248000000000000000e+03
5.965000000000000000e+03
2.972000000000000000e+03
4.137000000000000000e+03
4.037000000000000000e+03
5.070000000000000000e+02
1.880000000000000000e+03
2.580000000000000000e+03
4.765000000000000000e+03
3.167000000000000000e+03
5.177000000000000000e+03
4.007000000000000000e+03
1.481000000000000000e+03
5.743000000000000000e+03
5.682000000000000000e+03
4.479000000000000000e+03
2.943000000000000000e+03
3.654000000000000000e+03
4.665000000000000000e+03
3.122000000000000000e+03
5.797000000000000000e+03
2.751000000000000000e+03
3.222000000000000000e+03
8.037000000000000000e+03
1.270000000000000000e+02
5.221000000000000000e+03
1.953000000000000000e+03
3.828000000000000000e+03
8.670000000000000000e+02
6.315000000000000000e+03
1.124100000000000000e+04
5.883000000000000000e+03
1.778000000000000000e+03
5.701000000000000000e+03
2.000000000000000000e+01
5.495000000000000000e+03
8.832000000000000000e+03
2.450000000000000000e+03
6.195000000000000000e+03
4.585000000000000000e+03
3.353000000000000000e+03
6.208000000000000000e+03
4.813000000000000000e+03
8.738000000000000000e+03
3.516000000000000000e+03
8.429000000000000000e+03
7.464000000000000000e+03
1.337000000000000000e+03
4.265000000000000000e+03
1.075500000000000000e+04
3.836000000000000000e+03
2.247000000000000000e+03
4.595000000000000000e+03
1.499000000000000000e+03
7.347000000000000000e+03
5.515000000000000000e+03
6.567000000000000000e+03
2.940000000000000000e+02
2.614000000000000000e+03
3.392000000000000000e+03
1.274000000000000000e+03
3.465000000000000000e+03
7.190000000000000000e+03
3.500000000000000000e+03
2.112000000000000000e+03
1.936000000000000000e+03
3.344000000000000000e+03
7.793000000000000000e+03
8.124000000000000000e+03
4.488000000000000000e+03
3.111000000000000000e+03
1.965000000000000000e+03
6.818000000000000000e+03
9.700000000000000000e+02
8.221000000000000000e+03
8.757000000000000000e+03
3.700000000000000000e+03
6.853000000000000000e+03
8.335000000000000000e+03
7.633000000000000000e+03
1.039100000000000000e+04
5.033000000000000000e+03
2.673000000000000000e+03
4.907000000000000000e+03
7.825000000000000000e+03
6.949000000000000000e+03
9.346000000000000000e+03
6.379000000000000000e+03
6.656000000000000000e+03
1.380000000000000000e+02
1.109000000000000000e+03
1.047800000000000000e+04
7.826000000000000000e+03
7.775000000000000000e+03
6.343000000000000000e+03
5.649000000000000000e+03
8.960000000000000000e+03
8.889000000000000000e+03
7.704000000000000000e+03
1.154900000000000000e+04
5.578000000000000000e+03
5.245000000000000000e+03
1.133800000000000000e+04
4.932000000000000000e+03
1.089300000000000000e+04
9.052000000000000000e+03
4.974000000000000000e+03
8.123000000000000000e+03
6.251000000000000000e+03
6.829000000000000000e+03
1.054600000000000000e+04
7.272000000000000000e+03
5.786000000000000000e+03
2.499000000000000000e+03
1.086200000000000000e+04
1.195200000000000000e+04
1.103900000000000000e+04
8.977000000000000000e+03
6.164000000000000000e+03
8.589000000000000000e+03
3.969000000000000000e+03
9.999000000000000000e+03
8.865000000000000000e+03
8.854000000000000000e+03
1.105400000000000000e+04
1.076800000000000000e+04
1.274700000000000000e+04
6.014000000000000000e+03
3.695000000000000000e+03
3.496000000000000000e+03
4.223000000000000000e+03
1.480700000000000000e+04
1.086000000000000000e+03
7.885000000000000000e+03
7.171000000000000000e+03
4.902000000000000000e+03
7.761000000000000000e+03
2.743000000000000000e+03
4.594000000000000000e+03
1.042700000000000000e+04
9.835000000000000000e+03
4.869000000000000000e+03
7.694000000000000000e+03
6.914000000000000000e+03
9.932000000000000000e+03
8.486000000000000000e+03
6.080000000000000000e+03
6.660000000000000000e+02
1.091400000000000000e+04
9.863000000000000000e+03
1.002300000000000000e+04
1.073100000000000000e+04
1.162200000000000000e+04
1.415600000000000000e+04
8.633000000000000000e+03
1.288300000000000000e+04
1.113600000000000000e+04
8.287000000000000000e+03
5.467000000000000000e+03
1.261900000000000000e+04
9.110000000000000000e+03
1.015300000000000000e+04
1.360300000000000000e+04
1.473900000000000000e+04
3.708000000000000000e+03
4.910000000000000000e+03
8.838000000000000000e+03
6.962000000000000000e+03
8.487000000000000000e+03
9.888000000000000000e+03
1.602900000000000000e+04
1.362100000000000000e+04
1.378700000000000000e+04
5.650000000000000000e+03
1.022900000000000000e+04
6.263000000000000000e+03
1.051800000000000000e+04
1.073200000000000000e+04
8.418000000000000000e+03
9.542000000000000000e+03
1.161300000000000000e+04
1.336200000000000000e+04
9.498000000000000000e+03
4.729000000000000000e+03
6.711000000000000000e+03
2.387000000000000000e+03
7.502000000000000000e+03
8.047000000000000000e+03
6.392000000000000000e+03
1.358700000000000000e+04
6.388000000000000000e+03
8.864000000000000000e+03
4.583000000000000000e+03
1.059700000000000000e+04
1.661000000000000000e+03
6.347000000000000000e+03
8.360000000000000000e+02
7.253000000000000000e+03
1.447900000000000000e+04
3.228000000000000000e+03
7.045000000000000000e+03
1.398900000000000000e+04
5.220000000000000000e+03
3.520000000000000000e+03
1.403000000000000000e+03
1.014300000000000000e+04
6.207000000000000000e+03
9.981000000000000000e+03
8.914000000000000000e+03
4.810000000000000000e+02
9.698000000000000000e+03
2.330000000000000000e+03
1.119800000000000000e+04
1.213700000000000000e+04
1.084400000000000000e+04
1.030000000000000000e+04
3.386000000000000000e+03
8.781000000000000000e+03
1.002200000000000000e+04
1.013500000000000000e+04
1.762000000000000000e+03
9.912000000000000000e+03
1.292900000000000000e+04
3.291000000000000000e+03
1.100000000000000000e+03
7.392000000000000000e+03
1.511700000000000000e+04
9.661000000000000000e+03
1.441300000000000000e+04
1.360400000000000000e+04
1.106200000000000000e+04
4.826000000000000000e+03
1.288400000000000000e+04
1.014200000000000000e+04
1.296100000000000000e+04
1.238100000000000000e+04
1.320000000000000000e+04
5.652000000000000000e+03
7.938000000000000000e+03
5.293000000000000000e+03
8.387000000000000000e+03
1.005900000000000000e+04
1.399800000000000000e+04
1.318200000000000000e+04
1.367900000000000000e+04
1.251200000000000000e+04
4.252000000000000000e+03
1.390000000000000000e+04
8.093000000000000000e+03
6.383000000000000000e+03
1.500100000000000000e+04
1.230400000000000000e+04
1.581600000000000000e+04
8.132000000000000000e+03
1.191100000000000000e+04
1.216700000000000000e+04
1.404300000000000000e+04
5.506000000000000000e+03
1.091500000000000000e+04
2.410000000000000000e+02
7.181000000000000000e+03
1.072800000000000000e+04
5.651000000000000000e+03
1.394700000000000000e+04
9.869000000000000000e+03
1.353600000000000000e+04
3.085000000000000000e+03
9.708000000000000000e+03
1.333200000000000000e+04
1.522200000000000000e+04
1.688500000000000000e+04
1.489900000000000000e+04
2.495000000000000000e+03
1.243900000000000000e+04
7.900000000000000000e+02
1.197200000000000000e+04
1.604800000000000000e+04
2.963000000000000000e+03
6.866000000000000000e+03
1.583200000000000000e+04
1.650400000000000000e+04
5.542000000000000000e+03
5.785000000000000000e+03
1.269600000000000000e+04
1.228700000000000000e+04
1.436200000000000000e+04
1.261000000000000000e+03
7.957000000000000000e+03
2.995000000000000000e+03
1.632600000000000000e+04
1.602800000000000000e+04
1.778400000000000000e+04
1.588200000000000000e+04
6.081000000000000000e+03
5.371000000000000000e+03
9.987000000000000000e+03
1.576800000000000000e+04
1.385600000000000000e+04
1.436100000000000000e+04
1.270900000000000000e+04
1.672800000000000000e+04
1.535400000000000000e+04
1.513100000000000000e+04
5.619000000000000000e+03
2.782000000000000000e+03
2.753000000000000000e+03
1.550700000000000000e+04
1.574200000000000000e+04
1.695500000000000000e+04
1.707200000000000000e+04
1.547700000000000000e+04
8.707000000000000000e+03
3.345000000000000000e+03
4.891000000000000000e+03
3.650000000000000000e+03
1.083000000000000000e+04
8.984000000000000000e+03
1.382500000000000000e+04
1.489800000000000000e+04
6.058000000000000000e+03
8.960000000000000000e+02
2.733000000000000000e+03
1.159000000000000000e+04
4.552000000000000000e+03
7.769000000000000000e+03
7.939000000000000000e+03
2.859000000000000000e+03
6.723000000000000000e+03
1.358600000000000000e+04
3.535000000000000000e+03
2.860000000000000000e+02
1.522100000000000000e+04
1.718400000000000000e+04
1.707100000000000000e+04
1.656700000000000000e+04
1.494200000000000000e+04
7.896000000000000000e+03
4.417000000000000000e+03
1.624500000000000000e+04
7.650000000000000000e+03
1.339900000000000000e+04
1.286200000000000000e+04
1.255200000000000000e+04
1.695600000000000000e+04
1.650200000000000000e+04
1.044900000000000000e+04
1.615100000000000000e+04
3.648000000000000000e+03
1.102800000000000000e+04
4.610000000000000000e+03
2.135000000000000000e+03
1.356100000000000000e+04
1.635600000000000000e+04
1.597500000000000000e+04
1.410400000000000000e+04
1.279000000000000000e+03
1.471100000000000000e+04
9.945000000000000000e+03
1.201600000000000000e+04
5.543000000000000000e+03
1.174300000000000000e+04
7.408000000000000000e+03
7.083000000000000000e+03
2.928000000000000000e+03
1.507000000000000000e+04
1.261800000000000000e+04
1.632700000000000000e+04
1.280200000000000000e+04
9.280000000000000000e+02
3.641000000000000000e+03
3.045000000000000000e+03
8.927000000000000000e+03
1.572600000000000000e+04
1.753000000000000000e+04
1.742600000000000000e+04
1.595600000000000000e+04
8.151000000000000000e+03
1.586200000000000000e+04
1.723700000000000000e+04
1.259900000000000000e+04
6.285000000000000000e+03
9.204000000000000000e+03
1.385700000000000000e+04
1.093300000000000000e+04
2.990000000000000000e+03
1.406000000000000000e+03
1.072900000000000000e+04
1.345100000000000000e+04
1.739600000000000000e+04
1.182200000000000000e+04
1.479100000000000000e+04
8.453000000000000000e+03
7.258000000000000000e+03
8.275000000000000000e+03
1.652600000000000000e+04
1.621700000000000000e+04
1.656800000000000000e+04
1.772000000000000000e+04
3.829000000000000000e+03
9.560000000000000000e+02
9.490000000000000000e+02
1.256000000000000000e+03
1.519700000000000000e+04
1.805400000000000000e+04
1.754800000000000000e+04
1.429700000000000000e+04
1.631100000000000000e+04
1.939000000000000000e+03
5.593000000000000000e+03
1.732800000000000000e+04
8.198000000000000000e+03
3.335000000000000000e+03
3.475000000000000000e+03
1.179400000000000000e+04
2.259000000000000000e+03
7.768000000000000000e+03
1.139000000000000000e+04
9.277000000000000000e+03
1.043800000000000000e+04
1.329800000000000000e+04
1.389000000000000000e+04
1.213800000000000000e+04
1.830600000000000000e+04
1.213900000000000000e+04
8.588000000000000000e+03
1.131600000000000000e+04
1.431600000000000000e+04
1.187300000000000000e+04
1.132400000000000000e+04
7.123000000000000000e+03
7.279000000000000000e+03
1.258900000000000000e+04
1.586300000000000000e+04
1.486400000000000000e+04
6.500000000000000000e+02
1.557100000000000000e+04
1.302600000000000000e+04
5.039000000000000000e+03
1.225000000000000000e+04
1.257700000000000000e+04
1.543700000000000000e+04
2.968000000000000000e+03
2.538000000000000000e+03
1.107100000000000000e+04
1.681900000000000000e+04
1.181400000000000000e+04
1.260000000000000000e+04
1.277700000000000000e+04
8.758000000000000000e+03
9.648000000000000000e+03
1.655500000000000000e+04
1.445000000000000000e+03
1.443200000000000000e+04
3.928000000000000000e+03
1.832600000000000000e+04
1.264300000000000000e+04
1.832700000000000000e+04
1.132500000000000000e+04
1.369300000000000000e+04
1.903000000000000000e+03
7.524000000000000000e+03
1.610600000000000000e+04
4.948000000000000000e+03
3.897000000000000000e+03
1.319900000000000000e+04
7.752000000000000000e+03
1.113500000000000000e+04
1.598900000000000000e+04
1.073000000000000000e+04
1.913000000000000000e+03
1.073400000000000000e+04
2.229000000000000000e+03
7.641000000000000000e+03
1.090400000000000000e+04
9.933000000000000000e+03
3.381000000000000000e+03
1.307000000000000000e+04
1.580400000000000000e+04
4.916000000000000000e+03
1.772800000000000000e+04
2.379000000000000000e+03
1.112200000000000000e+04
5.992000000000000000e+03
1.824700000000000000e+04
4.638000000000000000e+03
1.217800000000000000e+04
4.332000000000000000e+03
1.042600000000000000e+04
3.906000000000000000e+03
1.208500000000000000e+04
1.031200000000000000e+04
7.122000000000000000e+03
1.310100000000000000e+04
9.056000000000000000e+03
1.392700000000000000e+04
1.812600000000000000e+04
1.797000000000000000e+03
9.662000000000000000e+03
9.304000000000000000e+03
5.946000000000000000e+03
1.450700000000000000e+04
1.149000000000000000e+04
1.153200000000000000e+04
8.176000000000000000e+03
