2.000000000000000000e+01
2.860000000000000000e+02
1.180000000000000000e+02
1.730000000000000000e+02
1.481000000000000000e+03
1.920000000000000000e+02
3.950000000000000000e+02
1.403000000000000000e+03
6.360000000000000000e+02
6.610000000000000000e+02
1.086000000000000000e+03
2.410000000000000000e+02
9.700000000000000000e+02
3.110000000000000000e+02
2.640000000000000000e+02
6.110000000000000000e+02
6.500000000000000000e+02
1.270000000000000000e+02
2.250000000000000000e+02
3.386000000000000000e+03
3.928000000000000000e+03
1.939000000000000000e+03
8.070000000000000000e+02
2.751000000000000000e+03
2.112000000000000000e+03
1.491000000000000000e+03
2.990000000000000000e+03
3.381000000000000000e+03
7.740000000000000000e+02
2.614000000000000000e+03
3.829000000000000000e+03
1.141000000000000000e+03
1.499000000000000000e+03
1.261000000000000000e+03
1.789000000000000000e+03
6.540000000000000000e+02
2.468000000000000000e+03
9.560000000000000000e+02
2.331000000000000000e+03
9.670000000000000000e+02
3.648000000000000000e+03
5.543000000000000000e+03
3.850000000000000000e+02
5.652000000000000000e+03
3.695000000000000000e+03
1.762000000000000000e+03
2.305000000000000000e+03
5.720000000000000000e+02
1.100000000000000000e+03
2.753000000000000000e+03
4.729000000000000000e+03
1.903000000000000000e+03
3.111000000000000000e+03
1.675000000000000000e+03
3.597000000000000000e+03
3.228000000000000000e+03
1.897000000000000000e+03
5.039000000000000000e+03
4.007000000000000000e+03
2.499000000000000000e+03
4.488000000000000000e+03
4.804000000000000000e+03
4.932000000000000000e+03
1.573000000000000000e+03
3.345000000000000000e+03
5.121000000000000000e+03
7.650000000000000000e+03
6.263000000000000000e+03
3.496000000000000000e+03
5.033000000000000000e+03
5.515000000000000000e+03
9.490000000000000000e+02
2.016000000000000000e+03
2.963000000000000000e+03
7.690000000000000000e+02
3.520000000000000000e+03
5.213000000000000000e+03
7.197000000000000000e+03
4.813000000000000000e+03
9.945000000000000000e+03
8.132000000000000000e+03
3.222000000000000000e+03
5.506000000000000000e+03
5.651000000000000000e+03
2.379000000000000000e+03
1.534000000000000000e+03
1.658000000000000000e+03
6.251000000000000000e+03
1.797000000000000000e+03
6.949000000000000000e+03
6.383000000000000000e+03
7.938000000000000000e+03
2.328000000000000000e+03
6.343000000000000000e+03
6.347000000000000000e+03
5.542000000000000000e+03
7.900000000000000000e+02
1.239000000000000000e+03
4.137000000000000000e+03
8.758000000000000000e+03
7.948000000000000000e+03
7.524000000000000000e+03
1.805000000000000000e+03
4.933000000000000000e+03
5.971000000000000000e+03
3.045000000000000000e+03
8.588000000000000000e+03
1.077500000000000000e+04
3.535000000000000000e+03
2.808000000000000000e+03
6.058000000000000000e+03
7.393000000000000000e+03
1.004400000000000000e+04
3.475000000000000000e+03
3.392000000000000000e+03
7.885000000000000000e+03
4.638000000000000000e+03
4.948000000000000000e+03
4.902000000000000000e+03
1.026600000000000000e+04
3.674000000000000000e+03
1.012500000000000000e+04
2.450000000000000000e+03
3.321000000000000000e+03
1.132500000000000000e+04
4.595000000000000000e+03
1.260000000000000000e+04
3.143000000000000000e+03
2.580000000000000000e+03
4.585000000000000000e+03
1.181400000000000000e+04
1.112200000000000000e+04
4.708000000000000000e+03
5.682000000000000000e+03
8.287000000000000000e+03
7.477000000000000000e+03
5.593000000000000000e+03
6.866000000000000000e+03
8.173000000000000000e+03
4.594000000000000000e+03
2.230000000000000000e+03
6.392000000000000000e+03
1.185400000000000000e+04
5.495000000000000000e+03
5.467000000000000000e+03
9.066000000000000000e+03
1.210800000000000000e+04
6.393000000000000000e+03
2.940000000000000000e+02
3.167000000000000000e+03
6.829000000000000000e+03
5.701000000000000000e+03
2.376000000000000000e+03
1.277700000000000000e+04
8.142000000000000000e+03
5.619000000000000000e+03
2.595000000000000000e+03
3.969000000000000000e+03
2.515000000000000000e+03
6.208000000000000000e+03
2.135000000000000000e+03
7.171000000000000000e+03
7.145000000000000000e+03
1.253700000000000000e+04
1.182200000000000000e+04
1.391100000000000000e+04
1.179400000000000000e+04
5.331000000000000000e+03
1.102100000000000000e+04
7.272000000000000000e+03
8.047000000000000000e+03
1.778000000000000000e+03
6.818000000000000000e+03
7.775000000000000000e+03
4.417000000000000000e+03
1.219100000000000000e+04
1.918000000000000000e+03
4.568000000000000000e+03
7.438000000000000000e+03
8.191000000000000000e+03
8.633000000000000000e+03
1.474000000000000000e+04
1.132600000000000000e+04
2.743000000000000000e+03
1.965000000000000000e+03
5.743000000000000000e+03
9.304000000000000000e+03
7.825000000000000000e+03
1.102800000000000000e+04
9.648000000000000000e+03
8.367000000000000000e+03
2.248000000000000000e+03
1.005900000000000000e+04
1.318300000000000000e+04
8.167000000000000000e+03
1.201000000000000000e+03
8.960000000000000000e+02
6.673000000000000000e+03
5.863000000000000000e+03
2.006000000000000000e+03
1.369300000000000000e+04
1.030000000000000000e+04
1.239500000000000000e+04
9.052000000000000000e+03
1.217800000000000000e+04
1.014300000000000000e+04
9.204000000000000000e+03
1.026500000000000000e+04
1.156900000000000000e+04
1.257700000000000000e+04
1.088200000000000000e+04
9.338000000000000000e+03
1.271800000000000000e+04
6.195000000000000000e+03
1.144700000000000000e+04
5.883000000000000000e+03
5.992000000000000000e+03
4.907000000000000000e+03
2.972000000000000000e+03
1.913000000000000000e+03
7.704000000000000000e+03
1.131600000000000000e+04
9.698000000000000000e+03
5.415000000000000000e+03
1.051800000000000000e+04
1.201600000000000000e+04
3.344000000000000000e+03
1.191100000000000000e+04
1.174100000000000000e+04
7.286000000000000000e+03
1.091500000000000000e+04
9.921000000000000000e+03
9.888000000000000000e+03
1.621800000000000000e+04
4.430000000000000000e+03
7.705000000000000000e+03
1.880000000000000000e+03
8.707000000000000000e+03
7.190000000000000000e+03
1.302600000000000000e+04
8.453000000000000000e+03
1.129000000000000000e+04
1.307000000000000000e+04
1.450700000000000000e+04
1.058900000000000000e+04
1.203400000000000000e+04
1.093300000000000000e+04
1.043800000000000000e+04
1.276200000000000000e+04
5.946000000000000000e+03
1.149000000000000000e+04
8.221000000000000000e+03
9.835000000000000000e+03
8.855000000000000000e+03
1.195300000000000000e+04
1.259900000000000000e+04
1.377500000000000000e+04
1.486500000000000000e+04
1.453800000000000000e+04
9.352000000000000000e+03
3.255000000000000000e+03
3.291000000000000000e+03
3.500000000000000000e+03
1.264300000000000000e+04
8.124000000000000000e+03
4.207000000000000000e+03
1.065600000000000000e+04
1.073100000000000000e+04
1.225000000000000000e+04
6.807000000000000000e+03
9.662000000000000000e+03
9.346000000000000000e+03
7.464000000000000000e+03
1.225100000000000000e+04
6.081000000000000000e+03
7.502000000000000000e+03
1.280200000000000000e+04
1.270900000000000000e+04
1.244000000000000000e+04
7.347000000000000000e+03
1.228700000000000000e+04
4.037000000000000000e+03
1.008200000000000000e+04
1.552300000000000000e+04
1.318200000000000000e+04
2.298000000000000000e+03
1.042800000000000000e+04
9.803000000000000000e+03
7.181000000000000000e+03
1.015300000000000000e+04
1.645800000000000000e+04
2.566000000000000000e+03
9.869000000000000000e+03
1.603000000000000000e+04
2.895000000000000000e+03
2.437000000000000000e+03
9.110000000000000000e+03
8.977000000000000000e+03
1.339900000000000000e+04
1.429700000000000000e+04
1.356200000000000000e+04
1.353700000000000000e+04
9.277000000000000000e+03
3.503000000000000000e+03
1.655500000000000000e+04
7.896000000000000000e+03
3.654000000000000000e+03
9.490000000000000000e+03
1.431600000000000000e+04
1.073400000000000000e+04
1.675500000000000000e+04
5.207000000000000000e+03
8.486000000000000000e+03
8.093000000000000000e+03
1.286200000000000000e+04
9.532000000000000000e+03
2.704000000000000000e+03
5.623000000000000000e+03
1.349000000000000000e+04
6.059000000000000000e+03
1.073300000000000000e+04
8.152000000000000000e+03
7.603000000000000000e+03
3.516000000000000000e+03
4.479000000000000000e+03
1.580400000000000000e+04
1.329800000000000000e+04
7.793000000000000000e+03
3.465000000000000000e+03
6.656000000000000000e+03
3.405000000000000000e+03
1.673400000000000000e+04
5.422000000000000000e+03
8.521000000000000000e+03
1.557100000000000000e+04
1.554300000000000000e+04
8.978000000000000000e+03
1.153200000000000000e+04
2.855000000000000000e+03
3.353000000000000000e+03
1.274800000000000000e+04
1.385700000000000000e+04
1.607600000000000000e+04
1.059700000000000000e+04
1.479100000000000000e+04
1.028900000000000000e+04
1.111000000000000000e+03
1.554900000000000000e+04
1.584300000000000000e+04
1.013500000000000000e+04
1.054600000000000000e+04
1.073000000000000000e+04
1.645900000000000000e+04
8.889000000000000000e+03
1.338400000000000000e+04
5.862000000000000000e+03
7.253000000000000000e+03
8.471000000000000000e+03
9.563000000000000000e+03
1.187300000000000000e+04
2.247000000000000000e+03
4.223000000000000000e+03
1.260100000000000000e+04
9.691000000000000000e+03
1.661000000000000000e+03
5.221000000000000000e+03
3.828000000000000000e+03
8.864000000000000000e+03
1.251200000000000000e+04
1.590400000000000000e+04
1.652700000000000000e+04
1.703700000000000000e+04
1.719400000000000000e+04
1.018300000000000000e+04
1.424100000000000000e+04
5.319000000000000000e+03
8.539000000000000000e+03
7.694000000000000000e+03
1.603100000000000000e+04
1.936000000000000000e+03
1.213900000000000000e+04
1.162200000000000000e+04
1.422400000000000000e+04
1.586400000000000000e+04
1.368000000000000000e+04
5.972000000000000000e+03
1.360300000000000000e+04
1.353600000000000000e+04
1.718500000000000000e+04
1.277900000000000000e+04
1.578700000000000000e+04
6.604000000000000000e+03
1.796400000000000000e+04
6.797000000000000000e+03
1.610600000000000000e+04
1.497300000000000000e+04
5.846000000000000000e+03
1.513100000000000000e+04
1.323700000000000000e+04
1.593700000000000000e+04
5.452000000000000000e+03
1.489800000000000000e+04
8.832000000000000000e+03
1.399900000000000000e+04
1.436100000000000000e+04
1.522200000000000000e+04
8.738000000000000000e+03
1.082200000000000000e+04
1.741000000000000000e+04
1.292900000000000000e+04
1.320000000000000000e+04
1.631100000000000000e+04
8.878000000000000000e+03
1.335000000000000000e+04
3.911000000000000000e+03
1.166100000000000000e+04
1.766500000000000000e+04
4.974000000000000000e+03
3.211000000000000000e+03
1.154900000000000000e+04
1.597500000000000000e+04
1.656800000000000000e+04
1.468900000000000000e+04
1.575800000000000000e+04
9.308000000000000000e+03
8.336000000000000000e+03
1.133800000000000000e+04
1.595600000000000000e+04
1.767600000000000000e+04
1.017000000000000000e+04
1.300600000000000000e+04
1.332200000000000000e+04
1.279000000000000000e+03
2.562000000000000000e+03
3.364000000000000000e+03
1.103900000000000000e+04
1.399800000000000000e+04
8.037000000000000000e+03
5.809000000000000000e+03
1.580500000000000000e+04
4.753000000000000000e+03
1.382500000000000000e+04
1.788500000000000000e+04
1.187000000000000000e+03
1.358700000000000000e+04
1.467400000000000000e+04
1.174200000000000000e+04
1.542800000000000000e+04
1.543700000000000000e+04
1.022900000000000000e+04
2.070000000000000000e+03
3.122000000000000000e+03
1.798400000000000000e+04
1.277800000000000000e+04
1.120800000000000000e+04
1.547700000000000000e+04
1.650300000000000000e+04
1.550700000000000000e+04
1.817400000000000000e+04
1.815300000000000000e+04
1.022200000000000000e+04
1.280300000000000000e+04
6.380000000000000000e+02
8.589000000000000000e+03
9.205000000000000000e+03
1.289400000000000000e+04
1.517500000000000000e+04
2.180000000000000000e+02
1.522100000000000000e+04
1.691300000000000000e+04
1.150000000000000000e+04
4.363000000000000000e+03
5.649000000000000000e+03
1.730500000000000000e+04
1.797400000000000000e+04
1.833800000000000000e+04
3.060000000000000000e+03
2.409000000000000000e+03
8.261000000000000000e+03
1.953000000000000000e+03
8.429000000000000000e+03
1.091400000000000000e+04
1.217700000000000000e+04
1.703800000000000000e+04
7.842000000000000000e+03
1.694800000000000000e+04
2.330000000000000000e+03
1.602800000000000000e+04
1.428400000000000000e+04
1.274900000000000000e+04
1.174300000000000000e+04
1.775600000000000000e+04
8.198000000000000000e+03
1.772800000000000000e+04
1.583200000000000000e+04
1.824700000000000000e+04
2.635000000000000000e+03
1.634200000000000000e+04
7.560000000000000000e+02
8.854000000000000000e+03
1.362100000000000000e+04
8.865000000000000000e+03
8.838000000000000000e+03
1.615100000000000000e+04
1.830700000000000000e+04
1.743600000000000000e+04
1.293000000000000000e+04
1.321400000000000000e+04
8.440000000000000000e+03
1.847000000000000000e+03
6.914000000000000000e+03
8.781000000000000000e+03
1.714000000000000000e+03
5.578000000000000000e+03
6.567000000000000000e+03
1.447900000000000000e+04
8.757000000000000000e+03
1.739600000000000000e+04
8.980000000000000000e+02
7.209000000000000000e+03
1.631000000000000000e+03
7.706000000000000000e+03
1.867000000000000000e+03
1.597600000000000000e+04
7.045000000000000000e+03
7.641000000000000000e+03
9.542000000000000000e+03
1.014200000000000000e+04
8.487000000000000000e+03
1.261900000000000000e+04
1.089300000000000000e+04
1.394700000000000000e+04
6.164000000000000000e+03
1.836800000000000000e+04
1.732100000000000000e+04
1.494300000000000000e+04
1.743700000000000000e+04
1.615200000000000000e+04
1.375900000000000000e+04
1.492900000000000000e+04
