2.000000000000000000e+01
2.410000000000000000e+02
2.860000000000000000e+02
2.640000000000000000e+02
6.500000000000000000e+02
2.328000000000000000e+03
9.560000000000000000e+02
7.900000000000000000e+02
1.730000000000000000e+02
1.187000000000000000e+03
9.700000000000000000e+02
2.376000000000000000e+03
2.409000000000000000e+03
1.279000000000000000e+03
1.100000000000000000e+03
1.762000000000000000e+03
6.610000000000000000e+02
5.319000000000000000e+03
1.086000000000000000e+03
1.847000000000000000e+03
9.490000000000000000e+02
6.540000000000000000e+02
2.180000000000000000e+02
2.753000000000000000e+03
1.403000000000000000e+03
1.939000000000000000e+03
3.674000000000000000e+03
7.705000000000000000e+03
8.070000000000000000e+02
5.422000000000000000e+03
1.261000000000000000e+03
5.863000000000000000e+03
2.635000000000000000e+03
4.363000000000000000e+03
3.255000000000000000e+03
1.270000000000000000e+02
2.895000000000000000e+03
3.597000000000000000e+03
4.207000000000000000e+03
3.950000000000000000e+02
7.603000000000000000e+03
4.933000000000000000e+03
3.291000000000000000e+03
2.963000000000000000e+03
1.111000000000000000e+03
1.659000000000000000e+03
2.743000000000000000e+03
5.593000000000000000e+03
6.059000000000000000e+03
1.141000000000000000e+03
3.648000000000000000e+03
2.940000000000000000e+02
2.250000000000000000e+02
5.087000000000000000e+03
2.298000000000000000e+03
4.568000000000000000e+03
1.797000000000000000e+03
3.381000000000000000e+03
3.496000000000000000e+03
3.392000000000000000e+03
3.228000000000000000e+03
5.862000000000000000e+03
5.972000000000000000e+03
5.992000000000000000e+03
2.112000000000000000e+03
3.535000000000000000e+03
6.252000000000000000e+03
3.850000000000000000e+02
3.345000000000000000e+03
3.829000000000000000e+03
8.471000000000000000e+03
5.207000000000000000e+03
2.970000000000000000e+03
6.110000000000000000e+02
7.286000000000000000e+03
2.379000000000000000e+03
4.430000000000000000e+03
6.393000000000000000e+03
5.415000000000000000e+03
4.638000000000000000e+03
7.095000000000000000e+03
3.045000000000000000e+03
1.113700000000000000e+04
8.173000000000000000e+03
5.971000000000000000e+03
9.982000000000000000e+03
6.673000000000000000e+03
1.180000000000000000e+02
3.111000000000000000e+03
9.352000000000000000e+03
8.142000000000000000e+03
3.060000000000000000e+03
7.438000000000000000e+03
5.331000000000000000e+03
3.520000000000000000e+03
7.145000000000000000e+03
8.878000000000000000e+03
8.367000000000000000e+03
2.499000000000000000e+03
5.213000000000000000e+03
8.440000000000000000e+03
4.411000000000000000e+03
8.336000000000000000e+03
6.512000000000000000e+03
3.475000000000000000e+03
4.948000000000000000e+03
1.018300000000000000e+04
7.706000000000000000e+03
9.691000000000000000e+03
1.263200000000000000e+04
1.913000000000000000e+03
8.191000000000000000e+03
3.503000000000000000e+03
1.061000000000000000e+04
9.532000000000000000e+03
2.566000000000000000e+03
5.121000000000000000e+03
6.797000000000000000e+03
7.939000000000000000e+03
2.809000000000000000e+03
3.263000000000000000e+03
3.897000000000000000e+03
6.167000000000000000e+03
1.903000000000000000e+03
5.039000000000000000e+03
1.028900000000000000e+04
1.867000000000000000e+03
8.261000000000000000e+03
9.655000000000000000e+03
5.946000000000000000e+03
5.809000000000000000e+03
1.130500000000000000e+04
6.081000000000000000e+03
2.614000000000000000e+03
8.980000000000000000e+02
8.453000000000000000e+03
7.393000000000000000e+03
5.542000000000000000e+03
1.109500000000000000e+04
8.539000000000000000e+03
8.464000000000000000e+03
8.978000000000000000e+03
9.699000000000000000e+03
5.506000000000000000e+03
1.017000000000000000e+04
8.167000000000000000e+03
6.807000000000000000e+03
3.695000000000000000e+03
8.960000000000000000e+02
7.948000000000000000e+03
1.105500000000000000e+04
2.618000000000000000e+03
4.594000000000000000e+03
1.193300000000000000e+04
9.308000000000000000e+03
6.896000000000000000e+03
9.178000000000000000e+03
1.300600000000000000e+04
8.521000000000000000e+03
7.524000000000000000e+03
1.022200000000000000e+04
3.913000000000000000e+03
9.803000000000000000e+03
8.634000000000000000e+03
2.135000000000000000e+03
4.857000000000000000e+03
7.502000000000000000e+03
1.174300000000000000e+04
6.058000000000000000e+03
1.201000000000000000e+03
9.277000000000000000e+03
1.073400000000000000e+04
6.392000000000000000e+03
1.335000000000000000e+04
1.219200000000000000e+04
2.877000000000000000e+03
7.477000000000000000e+03
1.166100000000000000e+04
3.386000000000000000e+03
1.217700000000000000e+04
1.118600000000000000e+04
1.289400000000000000e+04
1.134600000000000000e+04
1.255800000000000000e+04
8.152000000000000000e+03
2.926000000000000000e+03
4.729000000000000000e+03
3.657000000000000000e+03
2.990000000000000000e+03
1.428400000000000000e+04
1.499000000000000000e+03
6.866000000000000000e+03
2.016000000000000000e+03
1.778000000000000000e+03
4.417000000000000000e+03
9.066000000000000000e+03
5.623000000000000000e+03
1.065600000000000000e+04
8.882000000000000000e+03
1.965000000000000000e+03
9.490000000000000000e+03
6.893000000000000000e+03
1.332100000000000000e+04
7.209000000000000000e+03
1.631000000000000000e+03
7.197000000000000000e+03
1.082200000000000000e+04
9.563000000000000000e+03
4.682000000000000000e+03
2.364000000000000000e+03
6.604000000000000000e+03
2.331000000000000000e+03
2.751000000000000000e+03
9.205000000000000000e+03
1.321400000000000000e+04
1.661000000000000000e+03
1.073300000000000000e+04
1.293000000000000000e+04
1.274900000000000000e+04
1.212600000000000000e+04
1.658000000000000000e+03
5.651000000000000000e+03
4.753000000000000000e+03
4.804000000000000000e+03
9.662000000000000000e+03
9.648000000000000000e+03
1.058900000000000000e+04
6.263000000000000000e+03
1.120800000000000000e+04
1.310900000000000000e+04
1.494400000000000000e+04
1.174200000000000000e+04
3.911000000000000000e+03
1.193400000000000000e+04
1.174100000000000000e+04
1.277900000000000000e+04
1.293100000000000000e+04
3.143000000000000000e+03
5.543000000000000000e+03
2.450000000000000000e+03
1.268300000000000000e+04
1.188900000000000000e+04
5.464000000000000000e+03
1.213900000000000000e+04
8.707000000000000000e+03
1.789000000000000000e+03
1.323700000000000000e+04
1.299200000000000000e+04
8.472000000000000000e+03
9.338000000000000000e+03
1.195300000000000000e+04
1.527300000000000000e+04
1.153200000000000000e+04
1.129000000000000000e+04
1.468900000000000000e+04
1.467400000000000000e+04
1.399900000000000000e+04
1.338400000000000000e+04
1.448000000000000000e+04
1.647000000000000000e+03
8.093000000000000000e+03
8.855000000000000000e+03
1.026500000000000000e+04
1.494300000000000000e+04
5.864000000000000000e+03
1.203400000000000000e+04
1.368000000000000000e+04
1.429800000000000000e+04
3.928000000000000000e+03
1.244000000000000000e+04
8.588000000000000000e+03
1.131600000000000000e+04
1.422400000000000000e+04
1.394800000000000000e+04
4.880000000000000000e+03
1.120000000000000000e+03
9.670000000000000000e+02
7.181000000000000000e+03
1.035600000000000000e+04
1.542800000000000000e+04
1.517500000000000000e+04
1.332300000000000000e+04
4.482000000000000000e+03
1.230900000000000000e+04
4.902000000000000000e+03
1.590500000000000000e+04
1.150000000000000000e+04
1.277800000000000000e+04
1.581700000000000000e+04
1.510100000000000000e+04
1.164400000000000000e+04
1.565300000000000000e+04
9.204000000000000000e+03
1.575800000000000000e+04
4.488000000000000000e+03
1.026600000000000000e+04
1.188100000000000000e+04
1.363500000000000000e+04
1.507100000000000000e+04
9.921000000000000000e+03
1.102100000000000000e+04
7.740000000000000000e+02
3.222000000000000000e+03
6.360000000000000000e+02
1.042800000000000000e+04
7.510000000000000000e+03
1.492800000000000000e+04
4.595000000000000000e+03
9.669000000000000000e+03
1.262000000000000000e+04
4.932000000000000000e+03
8.047000000000000000e+03
1.073000000000000000e+04
1.156900000000000000e+04
1.332200000000000000e+04
1.471200000000000000e+04
2.909000000000000000e+03
1.280300000000000000e+04
1.077600000000000000e+04
1.573000000000000000e+03
1.329800000000000000e+04
1.424100000000000000e+04
1.077500000000000000e+04
1.088200000000000000e+04
1.593700000000000000e+04
1.580500000000000000e+04
1.118000000000000000e+04
2.373000000000000000e+03
7.171000000000000000e+03
9.304000000000000000e+03
1.210800000000000000e+04
1.481000000000000000e+03
1.750200000000000000e+04
2.248000000000000000e+03
1.534000000000000000e+03
1.274800000000000000e+04
6.347000000000000000e+03
1.093300000000000000e+04
1.349000000000000000e+04
1.756200000000000000e+04
1.634200000000000000e+04
7.013000000000000000e+03
1.682000000000000000e+04
8.132000000000000000e+03
9.869000000000000000e+03
1.554300000000000000e+04
1.225100000000000000e+04
1.149000000000000000e+04
1.163200000000000000e+04
2.515000000000000000e+03
8.513000000000000000e+03
1.694800000000000000e+04
7.896000000000000000e+03
1.276200000000000000e+04
1.693400000000000000e+04
1.205200000000000000e+04
1.264300000000000000e+04
1.732100000000000000e+04
8.366000000000000000e+03
1.603100000000000000e+04
1.527400000000000000e+04
1.572700000000000000e+04
4.969000000000000000e+03
1.067100000000000000e+04
1.239000000000000000e+03
8.486000000000000000e+03
1.013500000000000000e+04
1.417500000000000000e+04
1.668800000000000000e+04
6.537000000000000000e+03
1.219100000000000000e+04
1.353700000000000000e+04
1.664600000000000000e+04
1.497300000000000000e+04
1.083100000000000000e+04
7.272000000000000000e+03
1.132600000000000000e+04
1.217800000000000000e+04
1.578700000000000000e+04
7.667000000000000000e+03
6.394000000000000000e+03
1.260100000000000000e+04
1.743600000000000000e+04
1.920000000000000000e+02
1.670400000000000000e+04
1.772900000000000000e+04
4.394000000000000000e+03
7.604000000000000000e+03
1.421200000000000000e+04
1.543700000000000000e+04
1.691300000000000000e+04
1.711700000000000000e+04
1.586400000000000000e+04
7.442000000000000000e+03
1.376000000000000000e+04
2.468000000000000000e+03
1.476100000000000000e+04
1.617000000000000000e+04
9.130000000000000000e+02
5.344000000000000000e+03
5.151000000000000000e+03
1.584300000000000000e+04
1.611100000000000000e+04
7.704000000000000000e+03
1.015300000000000000e+04
4.498000000000000000e+03
1.703800000000000000e+04
1.187300000000000000e+04
1.755600000000000000e+04
1.102800000000000000e+04
1.730500000000000000e+04
1.286200000000000000e+04
7.984000000000000000e+03
1.182300000000000000e+04
5.720000000000000000e+02
1.239500000000000000e+04
1.008200000000000000e+04
1.144700000000000000e+04
1.804400000000000000e+04
1.615200000000000000e+04
4.975000000000000000e+03
6.195000000000000000e+03
4.137000000000000000e+03
1.667400000000000000e+04
1.802500000000000000e+04
3.784000000000000000e+03
5.846000000000000000e+03
1.484500000000000000e+04
1.290000000000000000e+03
1.714000000000000000e+04
5.883000000000000000e+03
1.005900000000000000e+04
1.215000000000000000e+04
1.407600000000000000e+04
7.690000000000000000e+02
3.110000000000000000e+02
1.091500000000000000e+04
1.775600000000000000e+04
1.375900000000000000e+04
1.759200000000000000e+04
3.321000000000000000e+03
9.698000000000000000e+03
1.257700000000000000e+04
1.797400000000000000e+04
1.743700000000000000e+04
3.934000000000000000e+03
1.492900000000000000e+04
7.115000000000000000e+03
9.743000000000000000e+03
6.208000000000000000e+03
5.652000000000000000e+03
1.807200000000000000e+04
1.683000000000000000e+04
6.763000000000000000e+03
9.053000000000000000e+03
1.225900000000000000e+04
4.000000000000000000e+03
8.049000000000000000e+03
6.829000000000000000e+03
1.091600000000000000e+04
8.401000000000000000e+03
5.337000000000000000e+03
5.619000000000000000e+03
9.835000000000000000e+03
1.185400000000000000e+04
1.769700000000000000e+04
1.134700000000000000e+04
4.858000000000000000e+03
7.775000000000000000e+03
5.682000000000000000e+03
1.201600000000000000e+04
5.033000000000000000e+03
1.645900000000000000e+04
1.832800000000000000e+04
1.144800000000000000e+04
1.378800000000000000e+04
1.407500000000000000e+04
7.842000000000000000e+03
7.046000000000000000e+03
7.483000000000000000e+03
6.656000000000000000e+03
1.004400000000000000e+04
1.377500000000000000e+04
1.043800000000000000e+04
1.225000000000000000e+04
1.271800000000000000e+04
1.718500000000000000e+04
6.430000000000000000e+03
4.723000000000000000e+03
1.469000000000000000e+04
1.429700000000000000e+04
1.583200000000000000e+04
4.708000000000000000e+03
8.758000000000000000e+03
1.836800000000000000e+04
1.371400000000000000e+04
2.290000000000000000e+03
7.328000000000000000e+03
9.820000000000000000e+02
1.170800000000000000e+04
7.190000000000000000e+03
1.590400000000000000e+04
1.610600000000000000e+04
1.811600000000000000e+04
1.940000000000000000e+02
3.116000000000000000e+03
9.888000000000000000e+03
8.633000000000000000e+03
4.007000000000000000e+03
1.012500000000000000e+04
1.769800000000000000e+04
1.421100000000000000e+04
2.273000000000000000e+03
1.209600000000000000e+04
1.083000000000000000e+04
5.515000000000000000e+03
1.253700000000000000e+04
7.885000000000000000e+03
1.510200000000000000e+04
1.145600000000000000e+04
1.180600000000000000e+04
8.086000000000000000e+03
1.164500000000000000e+04
2.374000000000000000e+03
9.270000000000000000e+03
4.014000000000000000e+03
4.205000000000000000e+03
2.580000000000000000e+03
1.522100000000000000e+04
2.972000000000000000e+03
1.675000000000000000e+03
6.818000000000000000e+03
4.585000000000000000e+03
1.259900000000000000e+04
1.302600000000000000e+04
6.383000000000000000e+03
1.675500000000000000e+04
1.815300000000000000e+04
1.741000000000000000e+04
1.098400000000000000e+04
1.748800000000000000e+04
5.692000000000000000e+03
1.607000000000000000e+04
3.862000000000000000e+03
