5.700000000000000000e+01
8.700000000000000000e+01
4.490000000000000000e+02
2.830000000000000000e+02
8.690000000000000000e+02
2.350000000000000000e+02
1.250000000000000000e+02
8.570000000000000000e+02
2.650000000000000000e+02
7.450000000000000000e+02
1.052000000000000000e+03
7.040000000000000000e+02
1.150000000000000000e+03
1.438000000000000000e+03
5.290000000000000000e+02
1.400000000000000000e+02
6.920000000000000000e+02
6.960000000000000000e+02
3.562000000000000000e+03
3.587000000000000000e+03
4.470000000000000000e+02
2.007000000000000000e+03
2.084000000000000000e+03
1.641000000000000000e+03
1.359000000000000000e+03
9.090000000000000000e+02
2.238000000000000000e+03
2.041000000000000000e+03
3.010000000000000000e+02
2.789000000000000000e+03
9.190000000000000000e+02
1.653000000000000000e+03
5.120000000000000000e+02
2.299000000000000000e+03
1.021000000000000000e+03
4.900000000000000000e+01
4.044000000000000000e+03
1.946000000000000000e+03
1.257000000000000000e+03
1.226000000000000000e+03
8.330000000000000000e+02
2.385000000000000000e+03
3.570000000000000000e+02
1.214000000000000000e+03
1.405000000000000000e+03
2.285000000000000000e+03
7.500000000000000000e+02
7.100000000000000000e+01
5.330000000000000000e+02
2.482000000000000000e+03
2.980000000000000000e+03
1.786000000000000000e+03
1.318000000000000000e+03
1.780000000000000000e+03
1.757000000000000000e+03
7.390000000000000000e+02
2.933000000000000000e+03
2.604000000000000000e+03
1.522000000000000000e+03
3.075000000000000000e+03
5.480000000000000000e+02
2.082000000000000000e+03
8.940000000000000000e+02
2.477000000000000000e+03
3.400000000000000000e+01
1.070000000000000000e+02
4.000000000000000000e+02
1.254000000000000000e+03
2.712000000000000000e+03
2.652000000000000000e+03
1.999000000000000000e+03
4.129000000000000000e+03
1.614000000000000000e+03
2.872000000000000000e+03
6.310000000000000000e+02
4.277000000000000000e+03
2.458000000000000000e+03
3.902000000000000000e+03
7.200000000000000000e+02
2.830000000000000000e+03
5.280000000000000000e+02
3.310000000000000000e+03
2.871000000000000000e+03
3.586000000000000000e+03
3.989000000000000000e+03
1.958000000000000000e+03
4.070000000000000000e+02
4.899000000000000000e+03
1.154000000000000000e+03
2.668000000000000000e+03
3.840000000000000000e+02
4.059000000000000000e+03
6.420000000000000000e+02
2.927000000000000000e+03
3.420000000000000000e+02
4.606000000000000000e+03
5.799000000000000000e+03
2.370000000000000000e+02
7.912000000000000000e+03
8.160000000000000000e+02
3.625000000000000000e+03
9.710000000000000000e+02
3.716000000000000000e+03
1.713000000000000000e+03
3.100000000000000000e+01
5.334000000000000000e+03
3.042000000000000000e+03
6.088000000000000000e+03
6.425000000000000000e+03
3.452000000000000000e+03
1.350000000000000000e+02
3.041000000000000000e+03
1.132000000000000000e+03
4.516000000000000000e+03
6.869000000000000000e+03
1.392000000000000000e+03
1.300000000000000000e+03
2.408000000000000000e+03
2.414000000000000000e+03
7.728000000000000000e+03
9.160000000000000000e+02
3.064000000000000000e+03
1.820000000000000000e+03
7.651000000000000000e+03
5.117000000000000000e+03
3.696000000000000000e+03
1.271000000000000000e+03
4.112000000000000000e+03
5.908000000000000000e+03
1.735000000000000000e+03
5.216000000000000000e+03
6.022000000000000000e+03
6.398000000000000000e+03
4.185000000000000000e+03
4.715000000000000000e+03
2.648000000000000000e+03
8.150000000000000000e+02
1.038000000000000000e+03
1.850000000000000000e+02
1.494000000000000000e+03
4.366000000000000000e+03
5.199000000000000000e+03
6.904000000000000000e+03
3.907000000000000000e+03
2.276000000000000000e+03
2.657000000000000000e+03
7.515000000000000000e+03
5.663000000000000000e+03
5.563000000000000000e+03
5.031000000000000000e+03
2.962000000000000000e+03
4.591000000000000000e+03
1.812000000000000000e+03
4.912000000000000000e+03
3.651000000000000000e+03
1.213000000000000000e+03
6.026000000000000000e+03
2.371000000000000000e+03
4.721000000000000000e+03
2.487000000000000000e+03
5.215000000000000000e+03
9.000000000000000000e+02
4.436000000000000000e+03
2.433000000000000000e+03
6.027000000000000000e+03
2.929000000000000000e+03
3.180000000000000000e+02
2.950000000000000000e+03
1.066200000000000000e+04
8.236000000000000000e+03
1.016000000000000000e+04
3.835000000000000000e+03
3.410000000000000000e+02
8.017000000000000000e+03
2.296000000000000000e+03
4.830000000000000000e+03
8.358000000000000000e+03
2.670000000000000000e+02
1.580000000000000000e+03
4.569000000000000000e+03
8.704000000000000000e+03
9.724000000000000000e+03
3.467000000000000000e+03
9.512000000000000000e+03
3.747000000000000000e+03
2.467000000000000000e+03
6.320000000000000000e+03
3.130000000000000000e+02
2.103000000000000000e+03
4.949000000000000000e+03
2.122000000000000000e+03
7.548000000000000000e+03
5.148000000000000000e+03
6.915000000000000000e+03
3.734000000000000000e+03
4.168000000000000000e+03
5.472000000000000000e+03
9.787000000000000000e+03
1.610000000000000000e+02
4.882000000000000000e+03
1.146300000000000000e+04
6.179000000000000000e+03
1.171000000000000000e+04
8.541000000000000000e+03
4.360000000000000000e+03
8.705000000000000000e+03
8.130000000000000000e+03
5.671000000000000000e+03
2.663000000000000000e+03
1.108000000000000000e+03
8.120000000000000000e+03
8.174000000000000000e+03
7.995000000000000000e+03
9.675000000000000000e+03
3.193000000000000000e+03
6.800000000000000000e+03
2.465000000000000000e+03
7.954000000000000000e+03
2.885000000000000000e+03
5.710000000000000000e+02
7.944000000000000000e+03
4.985000000000000000e+03
3.394000000000000000e+03
6.052000000000000000e+03
6.351000000000000000e+03
2.502000000000000000e+03
1.058000000000000000e+04
2.050000000000000000e+03
6.408000000000000000e+03
9.027000000000000000e+03
5.931000000000000000e+03
1.048100000000000000e+04
9.761000000000000000e+03
1.107500000000000000e+04
1.079000000000000000e+03
6.920000000000000000e+03
8.042000000000000000e+03
6.870000000000000000e+02
2.736000000000000000e+03
1.600000000000000000e+03
7.291000000000000000e+03
2.185000000000000000e+03
9.645000000000000000e+03
3.404000000000000000e+03
9.469000000000000000e+03
7.556000000000000000e+03
7.533000000000000000e+03
4.442000000000000000e+03
1.028100000000000000e+04
9.536000000000000000e+03
1.032000000000000000e+04
9.012000000000000000e+03
1.223000000000000000e+03
7.797000000000000000e+03
9.168000000000000000e+03
1.064000000000000000e+03
1.261000000000000000e+04
4.088000000000000000e+03
1.234900000000000000e+04
3.813000000000000000e+03
1.157500000000000000e+04
7.970000000000000000e+03
1.034200000000000000e+04
1.070000000000000000e+04
6.514000000000000000e+03
3.272000000000000000e+03
6.151000000000000000e+03
8.422000000000000000e+03
6.063000000000000000e+03
1.079500000000000000e+04
2.715000000000000000e+03
2.357000000000000000e+03
8.610000000000000000e+03
9.311000000000000000e+03
8.043000000000000000e+03
1.363000000000000000e+04
4.678000000000000000e+03
4.841000000000000000e+03
1.916000000000000000e+03
4.383000000000000000e+03
3.171000000000000000e+03
8.622000000000000000e+03
9.504000000000000000e+03
1.160900000000000000e+04
1.128500000000000000e+04
1.020500000000000000e+04
8.110000000000000000e+02
3.600000000000000000e+03
9.714000000000000000e+03
7.263000000000000000e+03
1.558000000000000000e+03
2.559000000000000000e+03
8.936000000000000000e+03
1.490800000000000000e+04
1.140200000000000000e+04
7.700000000000000000e+03
8.949000000000000000e+03
1.307900000000000000e+04
1.056200000000000000e+04
1.434300000000000000e+04
7.846000000000000000e+03
5.127000000000000000e+03
3.939000000000000000e+03
3.500000000000000000e+01
3.012000000000000000e+03
1.421000000000000000e+03
6.187000000000000000e+03
1.107600000000000000e+04
8.009000000000000000e+03
1.407100000000000000e+04
7.470000000000000000e+03
4.596000000000000000e+03
1.819000000000000000e+03
1.019400000000000000e+04
1.702900000000000000e+04
3.802000000000000000e+03
9.818000000000000000e+03
1.697000000000000000e+03
4.328000000000000000e+03
2.027000000000000000e+03
1.663000000000000000e+03
6.826000000000000000e+03
2.787000000000000000e+03
4.210000000000000000e+03
5.348000000000000000e+03
1.280000000000000000e+02
7.366000000000000000e+03
7.789000000000000000e+03
5.915000000000000000e+03
1.129500000000000000e+04
1.593300000000000000e+04
1.519200000000000000e+04
1.460500000000000000e+04
1.168000000000000000e+04
1.950000000000000000e+02
6.273000000000000000e+03
3.761000000000000000e+03
8.278000000000000000e+03
2.613000000000000000e+03
1.055000000000000000e+03
2.681000000000000000e+03
1.357100000000000000e+04
8.586000000000000000e+03
7.395000000000000000e+03
3.721000000000000000e+03
5.026000000000000000e+03
1.005200000000000000e+04
1.535800000000000000e+04
1.265900000000000000e+04
1.420300000000000000e+04
1.176100000000000000e+04
5.085000000000000000e+03
4.617000000000000000e+03
2.138000000000000000e+03
3.859000000000000000e+03
1.240600000000000000e+04
1.250300000000000000e+04
1.427600000000000000e+04
3.282000000000000000e+03
5.611000000000000000e+03
1.380600000000000000e+04
3.481000000000000000e+03
8.457000000000000000e+03
4.741000000000000000e+03
1.427000000000000000e+03
3.880000000000000000e+03
1.077200000000000000e+04
1.194700000000000000e+04
1.480100000000000000e+04
2.060000000000000000e+03
1.166500000000000000e+04
6.358000000000000000e+03
6.719000000000000000e+03
8.972000000000000000e+03
1.113100000000000000e+04
1.883000000000000000e+03
7.025000000000000000e+03
1.195900000000000000e+04
1.025500000000000000e+04
7.200000000000000000e+03
1.246800000000000000e+04
1.487500000000000000e+04
1.580800000000000000e+04
1.496500000000000000e+04
2.820000000000000000e+03
6.702000000000000000e+03
6.786000000000000000e+03
1.676400000000000000e+04
1.617600000000000000e+04
1.716300000000000000e+04
1.116000000000000000e+03
9.240000000000000000e+02
3.383000000000000000e+03
5.154000000000000000e+03
1.237800000000000000e+04
4.154000000000000000e+03
1.496400000000000000e+04
1.636600000000000000e+04
1.473300000000000000e+04
1.303200000000000000e+04
1.373800000000000000e+04
6.531000000000000000e+03
1.406800000000000000e+04
4.740000000000000000e+03
2.448000000000000000e+03
1.702800000000000000e+04
1.566100000000000000e+04
1.427700000000000000e+04
1.400000000000000000e+01
3.233000000000000000e+03
1.545200000000000000e+04
1.633700000000000000e+04
4.263000000000000000e+03
4.564000000000000000e+03
7.036000000000000000e+03
1.557900000000000000e+04
1.679400000000000000e+04
1.013100000000000000e+04
7.090000000000000000e+02
1.821000000000000000e+03
1.550100000000000000e+04
9.293000000000000000e+03
5.980000000000000000e+02
4.647000000000000000e+03
8.461000000000000000e+03
8.279000000000000000e+03
4.627000000000000000e+03
1.021500000000000000e+04
1.416000000000000000e+04
1.607100000000000000e+04
1.587200000000000000e+04
1.331700000000000000e+04
1.200000000000000000e+02
1.690000000000000000e+02
1.123700000000000000e+04
1.357000000000000000e+04
1.668200000000000000e+04
3.280000000000000000e+03
7.851000000000000000e+03
8.010000000000000000e+03
4.565000000000000000e+03
1.159500000000000000e+04
1.810000000000000000e+04
1.376900000000000000e+04
8.549000000000000000e+03
1.592000000000000000e+04
5.984000000000000000e+03
1.076200000000000000e+04
2.708000000000000000e+03
1.589500000000000000e+04
5.282000000000000000e+03
1.035000000000000000e+03
1.645000000000000000e+03
1.237700000000000000e+04
9.901000000000000000e+03
1.787800000000000000e+04
1.211500000000000000e+04
7.459000000000000000e+03
9.196000000000000000e+03
1.473200000000000000e+04
8.466000000000000000e+03
1.805000000000000000e+04
1.181100000000000000e+04
6.870000000000000000e+03
5.449000000000000000e+03
2.514000000000000000e+03
9.120000000000000000e+02
9.587000000000000000e+03
3.874000000000000000e+03
7.953000000000000000e+03
1.616200000000000000e+04
1.307800000000000000e+04
1.838000000000000000e+04
1.376800000000000000e+04
1.110600000000000000e+04
4.067000000000000000e+03
1.907000000000000000e+03
6.557000000000000000e+03
1.356900000000000000e+04
1.668100000000000000e+04
1.784100000000000000e+04
1.743000000000000000e+04
8.280000000000000000e+03
1.327800000000000000e+04
7.863000000000000000e+03
1.425500000000000000e+04
2.599000000000000000e+03
1.351800000000000000e+04
3.320000000000000000e+02
1.512300000000000000e+04
1.944000000000000000e+03
1.120200000000000000e+04
4.714000000000000000e+03
8.552000000000000000e+03
1.053100000000000000e+04
1.020000000000000000e+03
5.320000000000000000e+03
1.323200000000000000e+04
1.385200000000000000e+04
1.013000000000000000e+04
1.831200000000000000e+04
1.827600000000000000e+04
1.002700000000000000e+04
8.553000000000000000e+03
8.797000000000000000e+03
8.732000000000000000e+03
2.422000000000000000e+03
1.638000000000000000e+04
1.065400000000000000e+04
3.981000000000000000e+03
8.554000000000000000e+03
4.200000000000000000e+01
9.360000000000000000e+02
1.526700000000000000e+04
1.473100000000000000e+04
1.619800000000000000e+04
1.796000000000000000e+04
1.551600000000000000e+04
7.163000000000000000e+03
1.648000000000000000e+03
1.849400000000000000e+04
4.000000000000000000e+00
6.003000000000000000e+03
1.051400000000000000e+04
1.340700000000000000e+04
1.800200000000000000e+04
9.373000000000000000e+03
1.844300000000000000e+04
1.470300000000000000e+04
8.785000000000000000e+03
1.183900000000000000e+04
1.142200000000000000e+04
1.698200000000000000e+04
5.900000000000000000e+03
1.156000000000000000e+03
1.058000000000000000e+03
2.463000000000000000e+03
4.845000000000000000e+03
4.685000000000000000e+03
2.406000000000000000e+03
1.850000000000000000e+03
9.696000000000000000e+03
1.550200000000000000e+04
1.436900000000000000e+04
1.822900000000000000e+04
9.070000000000000000e+02
5.032000000000000000e+03
