2.000000000000000000e+01
2.410000000000000000e+02
1.847000000000000000e+03
1.659000000000000000e+03
2.640000000000000000e+02
2.860000000000000000e+02
1.279000000000000000e+03
1.111000000000000000e+03
2.409000000000000000e+03
6.500000000000000000e+02
2.180000000000000000e+02
7.900000000000000000e+02
1.187000000000000000e+03
9.560000000000000000e+02
5.087000000000000000e+03
2.809000000000000000e+03
6.540000000000000000e+02
9.130000000000000000e+02
2.970000000000000000e+03
3.255000000000000000e+03
1.940000000000000000e+02
4.857000000000000000e+03
2.328000000000000000e+03
2.376000000000000000e+03
1.120000000000000000e+03
1.913000000000000000e+03
4.969000000000000000e+03
1.867000000000000000e+03
2.635000000000000000e+03
4.363000000000000000e+03
1.261000000000000000e+03
2.618000000000000000e+03
1.797000000000000000e+03
1.965000000000000000e+03
9.490000000000000000e+02
4.411000000000000000e+03
2.895000000000000000e+03
3.913000000000000000e+03
6.893000000000000000e+03
3.657000000000000000e+03
2.016000000000000000e+03
4.207000000000000000e+03
3.263000000000000000e+03
1.270000000000000000e+02
2.298000000000000000e+03
1.762000000000000000e+03
1.201000000000000000e+03
4.430000000000000000e+03
6.512000000000000000e+03
5.207000000000000000e+03
1.100000000000000000e+03
5.319000000000000000e+03
2.743000000000000000e+03
2.364000000000000000e+03
2.877000000000000000e+03
8.980000000000000000e+02
1.035600000000000000e+04
2.926000000000000000e+03
5.862000000000000000e+03
3.535000000000000000e+03
2.753000000000000000e+03
2.273000000000000000e+03
2.379000000000000000e+03
3.674000000000000000e+03
5.464000000000000000e+03
8.960000000000000000e+02
8.261000000000000000e+03
6.252000000000000000e+03
2.940000000000000000e+02
1.647000000000000000e+03
1.141000000000000000e+03
3.060000000000000000e+03
8.634000000000000000e+03
9.655000000000000000e+03
1.769000000000000000e+03
6.610000000000000000e+02
9.700000000000000000e+02
8.366000000000000000e+03
2.566000000000000000e+03
3.345000000000000000e+03
3.291000000000000000e+03
6.059000000000000000e+03
7.095000000000000000e+03
7.706000000000000000e+03
4.880000000000000000e+03
8.882000000000000000e+03
3.897000000000000000e+03
1.939000000000000000e+03
5.992000000000000000e+03
8.472000000000000000e+03
5.972000000000000000e+03
2.963000000000000000e+03
1.086000000000000000e+03
6.896000000000000000e+03
9.178000000000000000e+03
9.982000000000000000e+03
9.743000000000000000e+03
5.415000000000000000e+03
5.331000000000000000e+03
4.948000000000000000e+03
5.864000000000000000e+03
1.661000000000000000e+03
5.422000000000000000e+03
8.336000000000000000e+03
4.014000000000000000e+03
3.392000000000000000e+03
8.152000000000000000e+03
6.604000000000000000e+03
3.503000000000000000e+03
4.682000000000000000e+03
6.830000000000000000e+03
2.499000000000000000e+03
2.250000000000000000e+02
8.471000000000000000e+03
1.091600000000000000e+04
4.902000000000000000e+03
7.115000000000000000e+03
6.673000000000000000e+03
4.638000000000000000e+03
6.797000000000000000e+03
3.520000000000000000e+03
1.144800000000000000e+04
3.597000000000000000e+03
5.809000000000000000e+03
1.262000000000000000e+04
7.248000000000000000e+03
1.164400000000000000e+04
3.911000000000000000e+03
7.145000000000000000e+03
3.045000000000000000e+03
5.946000000000000000e+03
9.669000000000000000e+03
1.193400000000000000e+04
4.975000000000000000e+03
8.070000000000000000e+02
9.820000000000000000e+02
3.475000000000000000e+03
6.763000000000000000e+03
3.228000000000000000e+03
8.978000000000000000e+03
4.482000000000000000e+03
7.209000000000000000e+03
4.753000000000000000e+03
1.017000000000000000e+04
8.464000000000000000e+03
8.521000000000000000e+03
1.188900000000000000e+04
4.568000000000000000e+03
1.778000000000000000e+03
9.205000000000000000e+03
8.440000000000000000e+03
6.081000000000000000e+03
1.212600000000000000e+04
1.299200000000000000e+04
7.667000000000000000e+03
1.407500000000000000e+04
4.394000000000000000e+03
5.542000000000000000e+03
9.563000000000000000e+03
2.909000000000000000e+03
5.344000000000000000e+03
8.855000000000000000e+03
8.539000000000000000e+03
5.863000000000000000e+03
4.858000000000000000e+03
1.077600000000000000e+04
1.268300000000000000e+04
1.118600000000000000e+04
7.510000000000000000e+03
1.255800000000000000e+04
2.374000000000000000e+03
6.167000000000000000e+03
1.118000000000000000e+04
8.878000000000000000e+03
1.363500000000000000e+04
4.417000000000000000e+03
7.286000000000000000e+03
1.109500000000000000e+04
1.215000000000000000e+04
1.022200000000000000e+04
6.393000000000000000e+03
1.163200000000000000e+04
4.723000000000000000e+03
1.082200000000000000e+04
1.193300000000000000e+04
9.691000000000000000e+03
1.471200000000000000e+04
2.135000000000000000e+03
7.939000000000000000e+03
1.534800000000000000e+04
9.308000000000000000e+03
1.576900000000000000e+04
1.219200000000000000e+04
6.537000000000000000e+03
7.842000000000000000e+03
1.105500000000000000e+04
1.290000000000000000e+03
8.049000000000000000e+03
3.873000000000000000e+03
6.807000000000000000e+03
5.151000000000000000e+03
3.323000000000000000e+03
9.532000000000000000e+03
8.367000000000000000e+03
3.111000000000000000e+03
1.120800000000000000e+04
7.984000000000000000e+03
1.067100000000000000e+04
1.008200000000000000e+04
9.803000000000000000e+03
1.150000000000000000e+04
6.326000000000000000e+03
8.167000000000000000e+03
1.061000000000000000e+04
1.631000000000000000e+03
1.153200000000000000e+04
4.000000000000000000e+03
7.483000000000000000e+03
1.903000000000000000e+03
8.453000000000000000e+03
1.188100000000000000e+04
1.180600000000000000e+04
8.086000000000000000e+03
1.501600000000000000e+04
7.442000000000000000e+03
9.270000000000000000e+03
9.699000000000000000e+03
8.513000000000000000e+03
4.804000000000000000e+03
2.112000000000000000e+03
1.274900000000000000e+04
1.098400000000000000e+04
1.332300000000000000e+04
1.310900000000000000e+04
5.651000000000000000e+03
9.277000000000000000e+03
3.648000000000000000e+03
3.729000000000000000e+03
1.378800000000000000e+04
8.093000000000000000e+03
5.121000000000000000e+03
1.130500000000000000e+04
4.933000000000000000e+03
1.476100000000000000e+04
7.503000000000000000e+03
6.430000000000000000e+03
3.143000000000000000e+03
1.277900000000000000e+04
1.205200000000000000e+04
9.662000000000000000e+03
3.784000000000000000e+03
7.603000000000000000e+03
2.373000000000000000e+03
1.375900000000000000e+04
8.401000000000000000e+03
7.328000000000000000e+03
6.410000000000000000e+02
1.083100000000000000e+04
1.730000000000000000e+02
1.217700000000000000e+04
1.263200000000000000e+04
1.280300000000000000e+04
1.507100000000000000e+04
1.299300000000000000e+04
7.604000000000000000e+03
1.182300000000000000e+04
2.990000000000000000e+03
1.174200000000000000e+04
1.492800000000000000e+04
6.679000000000000000e+03
9.338000000000000000e+03
1.145600000000000000e+04
1.492900000000000000e+04
5.593000000000000000e+03
5.213000000000000000e+03
3.829000000000000000e+03
1.260100000000000000e+04
1.321400000000000000e+04
9.053000000000000000e+03
1.585100000000000000e+04
1.225900000000000000e+04
4.415000000000000000e+03
4.594000000000000000e+03
5.039000000000000000e+03
9.648000000000000000e+03
1.332200000000000000e+04
8.191000000000000000e+03
8.048000000000000000e+03
1.230900000000000000e+04
6.392000000000000000e+03
9.352000000000000000e+03
1.527400000000000000e+04
7.835000000000000000e+03
1.629600000000000000e+04
6.637000000000000000e+03
1.611100000000000000e+04
9.490000000000000000e+03
1.581700000000000000e+04
1.289400000000000000e+04
1.113700000000000000e+04
1.134700000000000000e+04
1.065600000000000000e+04
1.073300000000000000e+04
1.404400000000000000e+04
3.934000000000000000e+03
4.498000000000000000e+03
1.332100000000000000e+04
1.164500000000000000e+04
1.714000000000000000e+04
1.274800000000000000e+04
6.058000000000000000e+03
1.480800000000000000e+04
1.699100000000000000e+04
3.116000000000000000e+03
5.337000000000000000e+03
6.394000000000000000e+03
7.181000000000000000e+03
1.510200000000000000e+04
1.166100000000000000e+04
1.624600000000000000e+04
3.003000000000000000e+03
6.866000000000000000e+03
1.088200000000000000e+04
7.013000000000000000e+03
1.683000000000000000e+04
1.595700000000000000e+04
1.518600000000000000e+04
1.153100000000000000e+04
5.506000000000000000e+03
1.811600000000000000e+04
1.572700000000000000e+04
9.670000000000000000e+02
1.073000000000000000e+04
1.042800000000000000e+04
8.075000000000000000e+03
1.733900000000000000e+04
2.549000000000000000e+03
4.754000000000000000e+03
1.028900000000000000e+04
1.617000000000000000e+04
1.565300000000000000e+04
1.143000000000000000e+04
1.376000000000000000e+04
1.670400000000000000e+04
1.037000000000000000e+04
9.324000000000000000e+03
5.846000000000000000e+03
1.700200000000000000e+04
1.194200000000000000e+04
4.013000000000000000e+03
1.356200000000000000e+04
1.323700000000000000e+04
1.073400000000000000e+04
1.421100000000000000e+04
9.420000000000000000e+03
1.421200000000000000e+04
1.656900000000000000e+04
1.063300000000000000e+04
1.209600000000000000e+04
9.921000000000000000e+03
1.257800000000000000e+04
3.958000000000000000e+03
1.058900000000000000e+04
1.668800000000000000e+04
1.695700000000000000e+04
1.723800000000000000e+04
3.695000000000000000e+03
1.510100000000000000e+04
1.448000000000000000e+04
1.429800000000000000e+04
5.636000000000000000e+03
1.759200000000000000e+04
1.046400000000000000e+04
3.292000000000000000e+03
1.213900000000000000e+04
2.290000000000000000e+03
9.339000000000000000e+03
3.386000000000000000e+03
1.293000000000000000e+04
7.438000000000000000e+03
1.494400000000000000e+04
1.743700000000000000e+04
1.462700000000000000e+04
1.349000000000000000e+03
5.406000000000000000e+03
1.664600000000000000e+04
1.615200000000000000e+04
1.774200000000000000e+04
1.185500000000000000e+04
1.597600000000000000e+04
1.725100000000000000e+04
1.244000000000000000e+04
6.264000000000000000e+03
1.431700000000000000e+04
1.313700000000000000e+04
7.272000000000000000e+03
8.707000000000000000e+03
8.142000000000000000e+03
1.174300000000000000e+04
1.197300000000000000e+04
1.748800000000000000e+04
7.531000000000000000e+03
1.012600000000000000e+04
1.755600000000000000e+04
3.862000000000000000e+03
7.393000000000000000e+03
5.623000000000000000e+03
1.131600000000000000e+04
1.134600000000000000e+04
7.046000000000000000e+03
5.971000000000000000e+03
1.018300000000000000e+04
8.100000000000000000e+01
1.707300000000000000e+04
8.488000000000000000e+03
2.503000000000000000e+03
1.814800000000000000e+04
7.704000000000000000e+03
7.190000000000000000e+03
3.381000000000000000e+03
1.043800000000000000e+04
1.667400000000000000e+04
1.289500000000000000e+04
8.047000000000000000e+03
2.751000000000000000e+03
3.950000000000000000e+02
1.277800000000000000e+04
3.496000000000000000e+03
1.693400000000000000e+04
9.415000000000000000e+03
1.682000000000000000e+04
1.764700000000000000e+04
4.205000000000000000e+03
1.745300000000000000e+04
1.079200000000000000e+04
6.110000000000000000e+02
9.304000000000000000e+03
1.769800000000000000e+04
1.513300000000000000e+04
1.236500000000000000e+04
1.715100000000000000e+04
1.371400000000000000e+04
1.812700000000000000e+04
1.136400000000000000e+04
1.394800000000000000e+04
1.517500000000000000e+04
1.498700000000000000e+04
6.324000000000000000e+03
1.607000000000000000e+04
1.377500000000000000e+04
1.789000000000000000e+03
1.527300000000000000e+04
1.780500000000000000e+04
1.014400000000000000e+04
5.854000000000000000e+03
5.883000000000000000e+03
5.321000000000000000e+03
1.203500000000000000e+04
1.238200000000000000e+04
1.543700000000000000e+04
1.499000000000000000e+03
1.403000000000000000e+03
1.093300000000000000e+04
1.467400000000000000e+04
5.637000000000000000e+03
1.021200000000000000e+04
1.603200000000000000e+04
4.943000000000000000e+03
6.347000000000000000e+03
1.195300000000000000e+04
1.338400000000000000e+04
1.424100000000000000e+04
1.995000000000000000e+03
7.311000000000000000e+03
1.248800000000000000e+04
6.114000000000000000e+03
1.174100000000000000e+04
7.197000000000000000e+03
1.428400000000000000e+04
1.417500000000000000e+04
1.832800000000000000e+04
1.273100000000000000e+04
1.523700000000000000e+04
9.815000000000000000e+03
5.906000000000000000e+03
4.214000000000000000e+03
7.376000000000000000e+03
1.172400000000000000e+04
1.192100000000000000e+04
8.486000000000000000e+03
7.948000000000000000e+03
1.149000000000000000e+04
1.799500000000000000e+04
1.170000000000000000e+04
4.105000000000000000e+03
1.774300000000000000e+04
1.273200000000000000e+04
1.170800000000000000e+04
4.932000000000000000e+03
1.368000000000000000e+04
1.775600000000000000e+04
1.510300000000000000e+04
1.818400000000000000e+04
8.590000000000000000e+03
1.785800000000000000e+04
1.820900000000000000e+04
1.407600000000000000e+04
6.568000000000000000e+03
1.392800000000000000e+04
5.893000000000000000e+03
1.541100000000000000e+04
1.026500000000000000e+04
1.634200000000000000e+04
1.807200000000000000e+04
5.692000000000000000e+03
6.837000000000000000e+03
9.557000000000000000e+03
2.248000000000000000e+03
1.732100000000000000e+04
7.705000000000000000e+03
1.472200000000000000e+04
9.193000000000000000e+03
8.253000000000000000e+03
4.999000000000000000e+03
3.222000000000000000e+03
1.575800000000000000e+04
1.494300000000000000e+04
1.580500000000000000e+04
1.730600000000000000e+04
1.605800000000000000e+04
1.635700000000000000e+04
1.846500000000000000e+04
1.150100000000000000e+04
1.842000000000000000e+04
1.038200000000000000e+04
1.111100000000000000e+04
1.766500000000000000e+04
7.896000000000000000e+03
1.658000000000000000e+03
7.171000000000000000e+03
1.005900000000000000e+04
9.066000000000000000e+03
1.711700000000000000e+04
1.578700000000000000e+04
1.772900000000000000e+04
1.142900000000000000e+04
8.087000000000000000e+03
1.815400000000000000e+04
1.805500000000000000e+04
6.620000000000000000e+02
1.000000000000000000e+04
3.954000000000000000e+03
6.044000000000000000e+03
1.349100000000000000e+04
1.023500000000000000e+04
2.515000000000000000e+03
1.264300000000000000e+04
1.276200000000000000e+04
1.349000000000000000e+04
1.286200000000000000e+04
1.026600000000000000e+04
1.206000000000000000e+04
1.377600000000000000e+04
1.424200000000000000e+04
1.414200000000000000e+04
3.429000000000000000e+03
1.669100000000000000e+04
8.514000000000000000e+03
1.655500000000000000e+04
