6.410000000000000000e+02
1.270000000000000000e+02
1.940000000000000000e+02
1.266000000000000000e+03
2.180000000000000000e+02
2.290000000000000000e+03
1.201000000000000000e+03
3.954000000000000000e+03
3.003000000000000000e+03
3.540000000000000000e+03
1.349000000000000000e+03
2.549000000000000000e+03
3.116000000000000000e+03
2.273000000000000000e+03
1.120000000000000000e+03
1.647000000000000000e+03
9.820000000000000000e+02
8.960000000000000000e+02
3.330000000000000000e+03
4.000000000000000000e+03
3.723000000000000000e+03
1.290000000000000000e+03
3.729000000000000000e+03
3.292000000000000000e+03
9.130000000000000000e+02
2.618000000000000000e+03
4.013000000000000000e+03
5.906000000000000000e+03
1.661000000000000000e+03
4.053000000000000000e+03
2.909000000000000000e+03
8.980000000000000000e+02
6.620000000000000000e+02
3.244000000000000000e+03
2.926000000000000000e+03
1.867000000000000000e+03
5.518000000000000000e+03
3.425000000000000000e+03
3.323000000000000000e+03
3.784000000000000000e+03
3.873000000000000000e+03
4.105000000000000000e+03
2.877000000000000000e+03
4.975000000000000000e+03
2.364000000000000000e+03
5.151000000000000000e+03
6.540000000000000000e+02
5.893000000000000000e+03
4.415000000000000000e+03
4.754000000000000000e+03
1.631000000000000000e+03
4.394000000000000000e+03
5.692000000000000000e+03
1.111000000000000000e+03
6.142000000000000000e+03
4.858000000000000000e+03
2.374000000000000000e+03
4.723000000000000000e+03
2.760000000000000000e+03
4.294000000000000000e+03
5.337000000000000000e+03
6.114000000000000000e+03
4.014000000000000000e+03
2.566000000000000000e+03
9.016000000000000000e+03
5.321000000000000000e+03
1.779000000000000000e+03
5.637000000000000000e+03
3.819000000000000000e+03
9.193000000000000000e+03
8.162000000000000000e+03
2.970000000000000000e+03
8.100000000000000000e+01
3.429000000000000000e+03
5.696000000000000000e+03
1.903000000000000000e+03
8.928000000000000000e+03
3.958000000000000000e+03
4.121000000000000000e+03
4.498000000000000000e+03
7.046000000000000000e+03
2.640000000000000000e+02
6.264000000000000000e+03
5.846000000000000000e+03
1.187000000000000000e+03
7.311000000000000000e+03
1.034600000000000000e+04
8.590000000000000000e+03
6.568000000000000000e+03
3.934000000000000000e+03
1.995000000000000000e+03
7.376000000000000000e+03
1.913000000000000000e+03
6.897000000000000000e+03
6.325000000000000000e+03
4.482000000000000000e+03
1.769000000000000000e+03
3.263000000000000000e+03
6.637000000000000000e+03
4.718000000000000000e+03
5.636000000000000000e+03
9.491000000000000000e+03
3.060000000000000000e+03
2.373000000000000000e+03
5.106000000000000000e+03
7.442000000000000000e+03
7.023000000000000000e+03
8.048000000000000000e+03
4.753000000000000000e+03
7.642000000000000000e+03
2.503000000000000000e+03
8.253000000000000000e+03
9.591000000000000000e+03
3.797000000000000000e+03
7.531000000000000000e+03
6.326000000000000000e+03
6.679000000000000000e+03
2.443000000000000000e+03
1.068600000000000000e+04
2.809000000000000000e+03
7.525000000000000000e+03
6.837000000000000000e+03
1.086300000000000000e+04
7.897000000000000000e+03
6.113000000000000000e+03
8.607000000000000000e+03
7.843000000000000000e+03
3.547000000000000000e+03
3.862000000000000000e+03
7.900000000000000000e+02
5.406000000000000000e+03
5.131000000000000000e+03
4.943000000000000000e+03
7.013000000000000000e+03
8.488000000000000000e+03
5.344000000000000000e+03
9.339000000000000000e+03
2.016000000000000000e+03
3.657000000000000000e+03
8.401000000000000000e+03
7.328000000000000000e+03
3.503000000000000000e+03
4.880000000000000000e+03
7.604000000000000000e+03
9.416000000000000000e+03
8.082000000000000000e+03
6.105000000000000000e+03
3.002000000000000000e+03
7.394000000000000000e+03
2.410000000000000000e+02
6.830000000000000000e+03
1.056400000000000000e+04
9.567000000000000000e+03
6.537000000000000000e+03
3.913000000000000000e+03
3.897000000000000000e+03
2.298000000000000000e+03
5.864000000000000000e+03
5.623000000000000000e+03
1.162300000000000000e+04
2.635000000000000000e+03
1.012600000000000000e+04
4.682000000000000000e+03
1.142900000000000000e+04
9.507000000000000000e+03
9.490000000000000000e+02
4.205000000000000000e+03
8.513000000000000000e+03
1.023400000000000000e+04
7.753000000000000000e+03
1.111100000000000000e+04
7.984000000000000000e+03
1.014400000000000000e+04
2.379000000000000000e+03
1.092600000000000000e+04
7.667000000000000000e+03
1.244100000000000000e+04
5.874000000000000000e+03
7.483000000000000000e+03
9.815000000000000000e+03
6.324000000000000000e+03
9.934000000000000000e+03
1.023500000000000000e+04
5.464000000000000000e+03
6.963000000000000000e+03
9.324000000000000000e+03
1.038200000000000000e+04
7.722000000000000000e+03
4.736000000000000000e+03
1.360500000000000000e+04
7.503000000000000000e+03
7.510000000000000000e+03
1.659000000000000000e+03
8.112000000000000000e+03
2.043000000000000000e+03
8.920000000000000000e+03
3.911000000000000000e+03
7.115000000000000000e+03
5.423000000000000000e+03
6.763000000000000000e+03
1.046400000000000000e+04
1.012000000000000000e+03
8.087000000000000000e+03
1.000000000000000000e+04
8.049000000000000000e+03
1.170000000000000000e+04
6.044000000000000000e+03
1.021200000000000000e+04
1.006800000000000000e+04
8.227000000000000000e+03
1.046500000000000000e+04
1.218600000000000000e+04
9.270000000000000000e+03
1.238300000000000000e+04
1.172400000000000000e+04
1.318400000000000000e+04
9.340000000000000000e+03
1.079200000000000000e+04
4.417000000000000000e+03
4.411000000000000000e+03
1.467500000000000000e+04
1.449300000000000000e+04
5.019000000000000000e+03
9.417000000000000000e+03
5.809000000000000000e+03
1.847000000000000000e+03
6.430000000000000000e+03
1.259000000000000000e+04
7.816000000000000000e+03
4.346000000000000000e+03
6.167000000000000000e+03
1.150100000000000000e+04
1.273100000000000000e+04
1.239600000000000000e+04
9.753000000000000000e+03
1.179500000000000000e+04
5.644000000000000000e+03
1.382600000000000000e+04
1.338500000000000000e+04
1.203500000000000000e+04
1.252200000000000000e+04
4.568000000000000000e+03
9.420000000000000000e+03
2.675000000000000000e+03
7.842000000000000000e+03
4.969000000000000000e+03
3.306000000000000000e+03
5.145000000000000000e+03
1.965000000000000000e+03
9.560000000000000000e+02
1.063300000000000000e+04
1.167500000000000000e+04
1.088300000000000000e+04
1.353800000000000000e+04
1.368100000000000000e+04
1.328300000000000000e+04
1.469000000000000000e+04
9.458000000000000000e+03
8.591000000000000000e+03
8.075000000000000000e+03
8.725000000000000000e+03
1.349100000000000000e+04
9.557000000000000000e+03
1.313600000000000000e+04
1.257800000000000000e+04
1.443300000000000000e+04
1.194200000000000000e+04
2.940000000000000000e+02
1.279000000000000000e+03
2.000000000000000000e+01
1.192100000000000000e+04
1.206000000000000000e+04
1.197300000000000000e+04
1.461200000000000000e+04
1.550800000000000000e+04
1.216800000000000000e+04
1.139100000000000000e+04
1.417500000000000000e+04
3.360000000000000000e+03
5.489000000000000000e+03
1.519800000000000000e+04
1.136400000000000000e+04
1.414200000000000000e+04
1.434900000000000000e+04
9.663000000000000000e+03
2.860000000000000000e+02
1.145600000000000000e+04
1.236500000000000000e+04
1.426500000000000000e+04
1.153100000000000000e+04
1.541000000000000000e+04
1.652900000000000000e+04
1.530800000000000000e+04
6.604000000000000000e+03
1.457400000000000000e+04
3.372000000000000000e+03
6.394000000000000000e+03
1.037000000000000000e+04
4.857000000000000000e+03
1.225900000000000000e+04
1.330900000000000000e+04
1.568000000000000000e+03
8.618000000000000000e+03
1.391200000000000000e+04
6.697000000000000000e+03
1.289500000000000000e+04
8.300000000000000000e+03
5.363000000000000000e+03
8.153000000000000000e+03
5.233000000000000000e+03
7.209000000000000000e+03
1.098400000000000000e+04
1.617100000000000000e+04
1.182300000000000000e+04
1.503600000000000000e+04
1.722300000000000000e+04
9.752000000000000000e+03
2.785000000000000000e+03
8.639000000000000000e+03
1.510300000000000000e+04
5.050000000000000000e+03
1.378900000000000000e+04
1.605900000000000000e+04
1.260200000000000000e+04
1.441400000000000000e+04
1.570600000000000000e+04
1.209600000000000000e+04
1.570700000000000000e+04
1.652800000000000000e+04
1.392800000000000000e+04
5.999000000000000000e+03
3.475000000000000000e+03
2.376000000000000000e+03
3.504000000000000000e+03
1.592800000000000000e+04
1.444200000000000000e+04
5.946000000000000000e+03
1.424200000000000000e+04
1.248800000000000000e+04
1.778500000000000000e+04
1.668900000000000000e+04
1.563600000000000000e+04
8.086000000000000000e+03
1.377600000000000000e+04
1.748900000000000000e+04
1.647100000000000000e+04
1.687200000000000000e+04
1.066600000000000000e+04
1.350600000000000000e+04
2.897000000000000000e+03
1.412500000000000000e+04
4.214000000000000000e+03
6.280000000000000000e+02
6.798000000000000000e+03
6.752000000000000000e+03
1.797000000000000000e+03
9.415000000000000000e+03
1.583300000000000000e+04
8.577000000000000000e+03
1.669100000000000000e+04
5.972000000000000000e+03
1.238200000000000000e+04
1.067100000000000000e+04
3.521000000000000000e+03
7.835000000000000000e+03
6.807000000000000000e+03
1.033600000000000000e+04
1.513200000000000000e+04
1.711800000000000000e+04
1.709000000000000000e+04
1.738400000000000000e+04
1.313700000000000000e+04
1.230500000000000000e+04
1.567200000000000000e+04
1.252100000000000000e+04
1.607000000000000000e+04
2.990000000000000000e+03
6.252000000000000000e+03
1.705300000000000000e+04
1.033100000000000000e+04
8.514000000000000000e+03
8.473000000000000000e+03
9.669000000000000000e+03
2.409000000000000000e+03
1.513300000000000000e+04
9.743000000000000000e+03
1.376000000000000000e+04
1.147000000000000000e+04
1.507900000000000000e+04
1.086000000000000000e+03
8.792000000000000000e+03
7.191000000000000000e+03
4.804000000000000000e+03
2.895000000000000000e+03
7.348000000000000000e+03
4.318000000000000000e+03
1.214000000000000000e+04
4.683000000000000000e+03
1.073000000000000000e+04
8.464000000000000000e+03
3.637000000000000000e+03
6.500000000000000000e+02
1.180600000000000000e+04
1.472200000000000000e+04
1.484500000000000000e+04
1.559800000000000000e+04
1.083100000000000000e+04
1.538200000000000000e+04
9.592000000000000000e+03
1.685500000000000000e+04
1.100000000000000000e+03
1.701700000000000000e+04
1.529400000000000000e+04
5.572000000000000000e+03
4.450000000000000000e+03
5.854000000000000000e+03
1.411300000000000000e+04
1.753100000000000000e+04
4.999000000000000000e+03
1.077600000000000000e+04
1.356500000000000000e+04
1.334000000000000000e+04
5.331000000000000000e+03
1.371400000000000000e+04
8.295000000000000000e+03
1.455100000000000000e+04
1.278000000000000000e+04
9.490000000000000000e+03
1.174200000000000000e+04
9.053000000000000000e+03
1.538100000000000000e+04
5.040000000000000000e+03
6.797000000000000000e+03
1.134700000000000000e+04
1.407600000000000000e+04
1.641900000000000000e+04
1.488200000000000000e+04
1.163200000000000000e+04
1.761000000000000000e+04
1.822100000000000000e+04
1.459900000000000000e+04
6.526000000000000000e+03
1.139300000000000000e+04
1.647000000000000000e+04
1.299300000000000000e+04
1.513400000000000000e+04
1.738300000000000000e+04
1.701600000000000000e+04
9.775000000000000000e+03
1.286300000000000000e+04
8.350000000000000000e+02
1.043800000000000000e+04
1.188100000000000000e+04
1.205200000000000000e+04
1.747400000000000000e+04
1.764800000000000000e+04
1.812900000000000000e+04
1.768700000000000000e+04
8.063000000000000000e+03
3.815000000000000000e+03
1.230900000000000000e+04
1.721800000000000000e+04
7.939000000000000000e+03
1.670500000000000000e+04
1.672000000000000000e+04
6.771000000000000000e+03
1.811700000000000000e+04
3.197000000000000000e+03
1.750900000000000000e+04
1.523700000000000000e+04
1.791700000000000000e+04
1.780600000000000000e+04
1.289700000000000000e+04
1.451400000000000000e+04
1.134600000000000000e+04
1.750300000000000000e+04
1.790100000000000000e+04
1.768800000000000000e+04
2.388000000000000000e+03
4.445000000000000000e+03
1.711700000000000000e+04
1.510100000000000000e+04
1.144800000000000000e+04
1.518600000000000000e+04
1.533800000000000000e+04
1.784800000000000000e+04
7.854000000000000000e+03
1.424300000000000000e+04
2.905000000000000000e+03
1.304800000000000000e+04
1.755700000000000000e+04
1.404400000000000000e+04
1.785800000000000000e+04
5.174000000000000000e+03
1.832900000000000000e+04
1.098500000000000000e+04
1.019800000000000000e+04
1.683200000000000000e+04
7.439000000000000000e+03
1.556000000000000000e+03
1.795900000000000000e+04
1.377500000000000000e+04
1.261000000000000000e+03
1.799600000000000000e+04
1.431700000000000000e+04
1.848000000000000000e+03
1.101100000000000000e+04
1.249000000000000000e+04
4.642000000000000000e+03
1.626500000000000000e+04
4.135000000000000000e+03
7.764000000000000000e+03
7.095000000000000000e+03
6.896000000000000000e+03
1.799500000000000000e+04
1.835800000000000000e+04
1.838500000000000000e+04
1.297400000000000000e+04
1.312000000000000000e+03
9.662000000000000000e+03
8.882000000000000000e+03
4.363000000000000000e+03
1.462700000000000000e+04
1.498700000000000000e+04
1.605800000000000000e+04
3.255000000000000000e+03
1.774300000000000000e+04
1.795300000000000000e+04
1.683100000000000000e+04
1.056500000000000000e+04
2.743000000000000000e+03
8.472000000000000000e+03
1.820900000000000000e+04
1.721500000000000000e+04
1.795200000000000000e+04
1.273200000000000000e+04
7.184000000000000000e+03
1.147100000000000000e+04
1.181600000000000000e+04
7.181000000000000000e+03
4.430000000000000000e+03
1.215000000000000000e+04
1.738200000000000000e+04
1.597600000000000000e+04
7.551000000000000000e+03
1.248900000000000000e+04
3.623000000000000000e+03
1.669000000000000000e+04
8.441000000000000000e+03
1.719500000000000000e+04
1.241600000000000000e+04
4.933000000000000000e+03
9.338000000000000000e+03
9.304000000000000000e+03
6.512000000000000000e+03
1.510200000000000000e+04
8.152000000000000000e+03
1.164500000000000000e+04
1.421100000000000000e+04
9.921000000000000000e+03
1.812800000000000000e+04
1.557200000000000000e+04
1.364500000000000000e+04
1.713400000000000000e+04
8.183000000000000000e+03
1.584300000000000000e+04
5.213000000000000000e+03
1.356200000000000000e+04
9.700000000000000000e+02
9.308000000000000000e+03
1.130500000000000000e+04
9.178000000000000000e+03
1.595700000000000000e+04
1.501600000000000000e+04
1.421200000000000000e+04
1.656900000000000000e+04
1.745300000000000000e+04
1.824800000000000000e+04
1.143000000000000000e+04
1.304600000000000000e+04
8.419000000000000000e+03
1.835300000000000000e+04
1.790600000000000000e+04
