2.800000000000000000e+01
4.400000000000000000e+01
1.770000000000000000e+02
7.600000000000000000e+01
4.000000000000000000e+00
1.150000000000000000e+02
3.660000000000000000e+02
8.910000000000000000e+02
5.260000000000000000e+02
6.120000000000000000e+02
1.429000000000000000e+03
2.910000000000000000e+02
8.310000000000000000e+02
7.350000000000000000e+02
4.200000000000000000e+01
2.231000000000000000e+03
1.136000000000000000e+03
2.155000000000000000e+03
1.144000000000000000e+03
2.707000000000000000e+03
4.210000000000000000e+02
5.530000000000000000e+02
1.590000000000000000e+02
1.964000000000000000e+03
1.723000000000000000e+03
1.335000000000000000e+03
1.117000000000000000e+03
3.812000000000000000e+03
6.700000000000000000e+01
2.680000000000000000e+03
1.110000000000000000e+02
2.812000000000000000e+03
2.687000000000000000e+03
1.596000000000000000e+03
1.541000000000000000e+03
1.764000000000000000e+03
2.592000000000000000e+03
2.719000000000000000e+03
4.797000000000000000e+03
3.550000000000000000e+03
2.651000000000000000e+03
2.017000000000000000e+03
2.555000000000000000e+03
1.690000000000000000e+02
1.037000000000000000e+03
2.888000000000000000e+03
2.607000000000000000e+03
3.590000000000000000e+03
3.095000000000000000e+03
4.298000000000000000e+03
4.640000000000000000e+02
3.621000000000000000e+03
5.720000000000000000e+03
4.110000000000000000e+02
5.740000000000000000e+02
3.973000000000000000e+03
2.300000000000000000e+01
4.550000000000000000e+02
3.058000000000000000e+03
5.910000000000000000e+02
1.948000000000000000e+03
3.368000000000000000e+03
1.626000000000000000e+03
1.306000000000000000e+03
3.520000000000000000e+02
2.873000000000000000e+03
7.103000000000000000e+03
4.155000000000000000e+03
5.687000000000000000e+03
6.365000000000000000e+03
1.935000000000000000e+03
3.915000000000000000e+03
1.243000000000000000e+03
6.861000000000000000e+03
2.217000000000000000e+03
7.650000000000000000e+02
1.211000000000000000e+03
4.455000000000000000e+03
3.262000000000000000e+03
6.822000000000000000e+03
5.253000000000000000e+03
5.310000000000000000e+03
5.310000000000000000e+02
6.404000000000000000e+03
1.423000000000000000e+03
5.699000000000000000e+03
5.392000000000000000e+03
1.268000000000000000e+03
2.037000000000000000e+03
1.551000000000000000e+03
6.687000000000000000e+03
6.868000000000000000e+03
4.024000000000000000e+03
6.170000000000000000e+03
9.360000000000000000e+02
2.486000000000000000e+03
1.400000000000000000e+03
5.545000000000000000e+03
5.579000000000000000e+03
6.785000000000000000e+03
1.702000000000000000e+03
3.528000000000000000e+03
8.720000000000000000e+03
3.145000000000000000e+03
7.831000000000000000e+03
5.305000000000000000e+03
9.438000000000000000e+03
4.359000000000000000e+03
3.318000000000000000e+03
8.055000000000000000e+03
4.653000000000000000e+03
9.103000000000000000e+03
8.719000000000000000e+03
6.842000000000000000e+03
6.505000000000000000e+03
3.283000000000000000e+03
8.435000000000000000e+03
6.760000000000000000e+03
2.413000000000000000e+03
8.031000000000000000e+03
3.161000000000000000e+03
5.630000000000000000e+03
8.145000000000000000e+03
8.019000000000000000e+03
1.662000000000000000e+03
2.031000000000000000e+03
4.926000000000000000e+03
8.536000000000000000e+03
9.226000000000000000e+03
9.760000000000000000e+03
2.903000000000000000e+03
1.021400000000000000e+04
5.568000000000000000e+03
7.830000000000000000e+03
5.788000000000000000e+03
3.710000000000000000e+02
4.588000000000000000e+03
7.810000000000000000e+03
2.430000000000000000e+03
1.058500000000000000e+04
5.714000000000000000e+03
9.089000000000000000e+03
8.478000000000000000e+03
7.104000000000000000e+03
2.156000000000000000e+03
5.929000000000000000e+03
5.759000000000000000e+03
9.200000000000000000e+03
1.061800000000000000e+04
1.707000000000000000e+03
9.553000000000000000e+03
8.547000000000000000e+03
1.118400000000000000e+04
9.251000000000000000e+03
1.046000000000000000e+04
1.600000000000000000e+03
1.162700000000000000e+04
9.006000000000000000e+03
7.952000000000000000e+03
1.100300000000000000e+04
6.222000000000000000e+03
1.106300000000000000e+04
8.210000000000000000e+03
9.695000000000000000e+03
5.324000000000000000e+03
1.278700000000000000e+04
7.809000000000000000e+03
1.127000000000000000e+04
2.313000000000000000e+03
1.133300000000000000e+04
6.599000000000000000e+03
1.117400000000000000e+04
1.148000000000000000e+04
4.018000000000000000e+03
1.163800000000000000e+04
1.165100000000000000e+04
2.384000000000000000e+03
1.072400000000000000e+04
1.123500000000000000e+04
8.568000000000000000e+03
7.994000000000000000e+03
1.259500000000000000e+04
9.854000000000000000e+03
9.424000000000000000e+03
1.396600000000000000e+04
1.034100000000000000e+04
7.066000000000000000e+03
1.083700000000000000e+04
1.251600000000000000e+04
1.329100000000000000e+04
1.031900000000000000e+04
1.085100000000000000e+04
5.930000000000000000e+03
1.191500000000000000e+04
1.344400000000000000e+04
8.310000000000000000e+03
6.668000000000000000e+03
3.687000000000000000e+03
1.309200000000000000e+04
7.262000000000000000e+03
1.378000000000000000e+04
5.738000000000000000e+03
8.240000000000000000e+03
1.232100000000000000e+04
1.149600000000000000e+04
5.214000000000000000e+03
1.379400000000000000e+04
5.966000000000000000e+03
1.190300000000000000e+04
6.148000000000000000e+03
1.376600000000000000e+04
7.358000000000000000e+03
1.470200000000000000e+04
6.919000000000000000e+03
6.874000000000000000e+03
1.438200000000000000e+04
1.434100000000000000e+04
9.613000000000000000e+03
1.485900000000000000e+04
1.394000000000000000e+04
1.079300000000000000e+04
4.861000000000000000e+03
1.474600000000000000e+04
5.536000000000000000e+03
3.055000000000000000e+03
9.000000000000000000e+03
1.248300000000000000e+04
7.008000000000000000e+03
7.710000000000000000e+03
1.240500000000000000e+04
1.138000000000000000e+04
6.375000000000000000e+03
6.159000000000000000e+03
4.935000000000000000e+03
7.178000000000000000e+03
6.333000000000000000e+03
1.329000000000000000e+04
1.405000000000000000e+04
1.775000000000000000e+03
1.443600000000000000e+04
1.050200000000000000e+04
5.598000000000000000e+03
1.454500000000000000e+04
1.188700000000000000e+04
3.182000000000000000e+03
1.546400000000000000e+04
1.698000000000000000e+03
1.057900000000000000e+04
1.210300000000000000e+04
4.268000000000000000e+03
1.492500000000000000e+04
1.486100000000000000e+04
1.225500000000000000e+04
6.444000000000000000e+03
1.573600000000000000e+04
1.468100000000000000e+04
1.394100000000000000e+04
1.396700000000000000e+04
1.497900000000000000e+04
1.487200000000000000e+04
1.560100000000000000e+04
4.425000000000000000e+03
6.743000000000000000e+03
1.528400000000000000e+04
2.512000000000000000e+03
1.608100000000000000e+04
1.516900000000000000e+04
1.041700000000000000e+04
1.250200000000000000e+04
1.567800000000000000e+04
1.473000000000000000e+04
8.211000000000000000e+03
1.492600000000000000e+04
1.232200000000000000e+04
1.158100000000000000e+04
4.809000000000000000e+03
5.706000000000000000e+03
1.225400000000000000e+04
1.549000000000000000e+03
9.135000000000000000e+03
1.599800000000000000e+04
1.385100000000000000e+04
2.826000000000000000e+03
1.439500000000000000e+04
9.575000000000000000e+03
6.098000000000000000e+03
1.506200000000000000e+04
1.215900000000000000e+04
1.911000000000000000e+03
6.172000000000000000e+03
1.528200000000000000e+04
7.035000000000000000e+03
1.479900000000000000e+04
1.420100000000000000e+04
6.366000000000000000e+03
1.391000000000000000e+03
1.372400000000000000e+04
4.839000000000000000e+03
1.092800000000000000e+04
1.300800000000000000e+04
1.625600000000000000e+04
1.520900000000000000e+04
1.606900000000000000e+04
5.042000000000000000e+03
1.178800000000000000e+04
1.449900000000000000e+04
7.048000000000000000e+03
6.747000000000000000e+03
5.404000000000000000e+03
2.542000000000000000e+03
8.146000000000000000e+03
3.180000000000000000e+02
6.025000000000000000e+03
1.714100000000000000e+04
1.151000000000000000e+04
1.335900000000000000e+04
6.701000000000000000e+03
1.087900000000000000e+04
4.266000000000000000e+03
1.724700000000000000e+04
1.400400000000000000e+04
5.704000000000000000e+03
3.807000000000000000e+03
1.767900000000000000e+04
1.490400000000000000e+04
1.124600000000000000e+04
1.807000000000000000e+03
1.117500000000000000e+04
1.553200000000000000e+04
6.619000000000000000e+03
1.483900000000000000e+04
1.278800000000000000e+04
5.116000000000000000e+03
9.620000000000000000e+03
4.840000000000000000e+02
2.406000000000000000e+03
6.165000000000000000e+03
1.325000000000000000e+03
1.294000000000000000e+04
1.737300000000000000e+04
1.679300000000000000e+04
1.587000000000000000e+04
9.620000000000000000e+02
1.816000000000000000e+04
4.353000000000000000e+03
1.326000000000000000e+03
1.167100000000000000e+04
1.781100000000000000e+04
1.026900000000000000e+04
5.531000000000000000e+03
8.494000000000000000e+03
1.649500000000000000e+04
1.106400000000000000e+04
2.465000000000000000e+03
1.556000000000000000e+04
7.776000000000000000e+03
2.959000000000000000e+03
8.980000000000000000e+03
1.786600000000000000e+04
3.840000000000000000e+02
4.078000000000000000e+03
3.248000000000000000e+03
6.056000000000000000e+03
7.290000000000000000e+03
6.129000000000000000e+03
1.683900000000000000e+04
6.310000000000000000e+02
9.925000000000000000e+03
1.682600000000000000e+04
1.487300000000000000e+04
8.436000000000000000e+03
2.559000000000000000e+03
1.410900000000000000e+04
1.113000000000000000e+04
9.841000000000000000e+03
9.939000000000000000e+03
1.069000000000000000e+04
7.319000000000000000e+03
1.381600000000000000e+04
5.435000000000000000e+03
7.618000000000000000e+03
5.537000000000000000e+03
6.535000000000000000e+03
1.381800000000000000e+04
9.596000000000000000e+03
6.957000000000000000e+03
6.615000000000000000e+03
8.293000000000000000e+03
6.601000000000000000e+03
1.218000000000000000e+03
5.306000000000000000e+03
1.020400000000000000e+04
1.524400000000000000e+04
1.559200000000000000e+04
8.585000000000000000e+03
6.160000000000000000e+03
1.378100000000000000e+04
6.045000000000000000e+03
1.498000000000000000e+04
1.207900000000000000e+04
9.336000000000000000e+03
3.130000000000000000e+02
5.700000000000000000e+03
9.855000000000000000e+03
1.285600000000000000e+04
1.754000000000000000e+04
1.826900000000000000e+04
8.248000000000000000e+03
1.224400000000000000e+04
9.365000000000000000e+03
3.420000000000000000e+02
3.659000000000000000e+03
1.848200000000000000e+04
1.313000000000000000e+04
1.128400000000000000e+04
6.049000000000000000e+03
8.675000000000000000e+03
4.263000000000000000e+03
1.708400000000000000e+04
