1.940000000000000000e+02
2.897000000000000000e+03
6.410000000000000000e+02
3.002000000000000000e+03
3.547000000000000000e+03
2.180000000000000000e+02
4.642000000000000000e+03
1.848000000000000000e+03
1.290000000000000000e+03
8.100000000000000000e+01
1.349000000000000000e+03
2.373000000000000000e+03
2.503000000000000000e+03
3.425000000000000000e+03
4.294000000000000000e+03
3.862000000000000000e+03
2.443000000000000000e+03
4.105000000000000000e+03
3.244000000000000000e+03
1.631000000000000000e+03
3.197000000000000000e+03
8.980000000000000000e+02
6.280000000000000000e+02
1.995000000000000000e+03
4.943000000000000000e+03
9.820000000000000000e+02
4.318000000000000000e+03
2.785000000000000000e+03
4.683000000000000000e+03
5.131000000000000000e+03
2.043000000000000000e+03
5.363000000000000000e+03
1.270000000000000000e+02
9.130000000000000000e+02
1.779000000000000000e+03
3.306000000000000000e+03
3.372000000000000000e+03
3.504000000000000000e+03
3.429000000000000000e+03
3.540000000000000000e+03
4.736000000000000000e+03
7.184000000000000000e+03
6.798000000000000000e+03
6.113000000000000000e+03
5.106000000000000000e+03
2.760000000000000000e+03
2.290000000000000000e+03
3.323000000000000000e+03
6.620000000000000000e+02
3.637000000000000000e+03
8.960000000000000000e+02
3.819000000000000000e+03
6.752000000000000000e+03
3.330000000000000000e+03
3.723000000000000000e+03
2.905000000000000000e+03
6.526000000000000000e+03
3.958000000000000000e+03
3.797000000000000000e+03
4.450000000000000000e+03
8.063000000000000000e+03
5.174000000000000000e+03
6.044000000000000000e+03
4.709000000000000000e+03
2.374000000000000000e+03
1.647000000000000000e+03
4.346000000000000000e+03
2.675000000000000000e+03
6.017000000000000000e+03
3.815000000000000000e+03
5.644000000000000000e+03
3.521000000000000000e+03
3.032000000000000000e+03
5.423000000000000000e+03
6.837000000000000000e+03
3.623000000000000000e+03
6.771000000000000000e+03
8.350000000000000000e+02
1.101100000000000000e+04
1.568000000000000000e+03
8.153000000000000000e+03
7.764000000000000000e+03
9.340000000000000000e+03
5.572000000000000000e+03
5.489000000000000000e+03
6.430000000000000000e+03
5.636000000000000000e+03
9.490000000000000000e+02
7.817000000000000000e+03
8.618000000000000000e+03
1.266000000000000000e+03
2.549000000000000000e+03
6.897000000000000000e+03
4.754000000000000000e+03
1.047500000000000000e+04
4.121000000000000000e+03
7.551000000000000000e+03
5.040000000000000000e+03
1.019800000000000000e+04
6.697000000000000000e+03
5.637000000000000000e+03
6.325000000000000000e+03
4.498000000000000000e+03
7.722000000000000000e+03
4.053000000000000000e+03
6.963000000000000000e+03
5.050000000000000000e+03
9.557000000000000000e+03
8.441000000000000000e+03
5.696000000000000000e+03
1.903000000000000000e+03
9.458000000000000000e+03
1.066600000000000000e+04
9.360000000000000000e+03
7.023000000000000000e+03
3.688000000000000000e+03
6.105000000000000000e+03
4.718000000000000000e+03
1.033600000000000000e+04
9.417000000000000000e+03
8.086000000000000000e+03
9.753000000000000000e+03
1.153300000000000000e+04
8.743000000000000000e+03
3.060000000000000000e+03
7.191000000000000000e+03
3.934000000000000000e+03
7.816000000000000000e+03
8.227000000000000000e+03
9.775000000000000000e+03
5.337000000000000000e+03
4.666000000000000000e+03
9.591000000000000000e+03
5.145000000000000000e+03
8.295000000000000000e+03
7.753000000000000000e+03
7.843000000000000000e+03
8.591000000000000000e+03
8.920000000000000000e+03
1.139300000000000000e+04
1.049000000000000000e+03
8.473000000000000000e+03
3.360000000000000000e+03
1.012000000000000000e+03
9.752000000000000000e+03
7.381000000000000000e+03
8.300000000000000000e+03
1.084500000000000000e+04
2.120000000000000000e+03
4.135000000000000000e+03
7.897000000000000000e+03
8.082000000000000000e+03
6.142000000000000000e+03
7.525000000000000000e+03
8.111000000000000000e+03
6.394000000000000000e+03
9.663000000000000000e+03
8.577000000000000000e+03
8.639000000000000000e+03
6.324000000000000000e+03
8.928000000000000000e+03
5.884000000000000000e+03
8.883000000000000000e+03
4.415000000000000000e+03
2.566000000000000000e+03
1.098500000000000000e+04
5.406000000000000000e+03
5.999000000000000000e+03
7.835000000000000000e+03
8.840000000000000000e+02
9.913000000000000000e+03
1.233800000000000000e+04
1.042900000000000000e+04
1.251300000000000000e+04
9.316000000000000000e+03
6.540000000000000000e+02
1.867000000000000000e+03
1.021300000000000000e+04
9.592000000000000000e+03
6.264000000000000000e+03
6.400000000000000000e+02
8.607000000000000000e+03
4.682000000000000000e+03
8.087000000000000000e+03
2.364000000000000000e+03
6.114000000000000000e+03
4.205000000000000000e+03
2.640000000000000000e+02
1.104000000000000000e+04
1.333300000000000000e+04
8.430000000000000000e+03
8.419000000000000000e+03
7.503000000000000000e+03
2.909000000000000000e+03
8.112000000000000000e+03
9.507000000000000000e+03
1.878000000000000000e+03
7.707000000000000000e+03
3.292000000000000000e+03
1.661000000000000000e+03
3.503000000000000000e+03
5.321000000000000000e+03
3.911000000000000000e+03
7.854000000000000000e+03
1.350700000000000000e+04
1.252100000000000000e+04
1.147000000000000000e+04
1.273200000000000000e+04
1.214000000000000000e+04
2.730000000000000000e+03
5.854000000000000000e+03
1.249000000000000000e+04
1.052200000000000000e+04
1.088300000000000000e+04
4.214000000000000000e+03
5.019000000000000000e+03
1.230500000000000000e+04
9.287000000000000000e+03
8.792000000000000000e+03
5.518000000000000000e+03
5.874000000000000000e+03
4.072000000000000000e+03
1.139100000000000000e+04
1.334000000000000000e+04
5.613000000000000000e+03
1.129100000000000000e+04
1.203600000000000000e+04
1.260200000000000000e+04
4.842000000000000000e+03
7.311000000000000000e+03
1.273300000000000000e+04
1.033100000000000000e+04
2.388000000000000000e+03
8.183000000000000000e+03
8.725000000000000000e+03
4.482000000000000000e+03
2.016000000000000000e+03
1.286300000000000000e+04
8.409000000000000000e+03
1.123100000000000000e+04
9.415000000000000000e+03
1.120000000000000000e+03
1.167500000000000000e+04
7.046000000000000000e+03
1.488200000000000000e+04
6.537000000000000000e+03
4.013000000000000000e+03
4.014000000000000000e+03
3.117000000000000000e+03
8.514000000000000000e+03
7.531000000000000000e+03
1.021200000000000000e+04
7.415000000000000000e+03
1.299400000000000000e+04
3.549000000000000000e+03
1.037000000000000000e+04
6.568000000000000000e+03
1.248900000000000000e+04
1.539500000000000000e+04
9.265000000000000000e+03
1.356500000000000000e+04
9.206000000000000000e+03
7.642000000000000000e+03
1.913000000000000000e+03
8.075000000000000000e+03
1.364500000000000000e+04
1.350600000000000000e+04
6.610000000000000000e+03
4.502000000000000000e+03
5.233000000000000000e+03
7.483000000000000000e+03
4.394000000000000000e+03
1.006800000000000000e+04
7.110000000000000000e+03
1.155900000000000000e+04
1.046500000000000000e+04
1.201000000000000000e+03
1.350800000000000000e+04
1.134700000000000000e+04
6.763000000000000000e+03
1.238200000000000000e+04
7.394000000000000000e+03
9.567000000000000000e+03
5.893000000000000000e+03
1.316700000000000000e+04
6.604000000000000000e+03
8.064000000000000000e+03
1.364600000000000000e+04
1.541100000000000000e+04
3.784000000000000000e+03
1.239600000000000000e+04
1.271000000000000000e+04
1.515200000000000000e+04
1.451400000000000000e+04
3.873000000000000000e+03
7.348000000000000000e+03
1.023500000000000000e+04
1.574300000000000000e+04
1.288500000000000000e+04
9.383000000000000000e+03
7.439000000000000000e+03
2.273000000000000000e+03
3.897000000000000000e+03
1.529400000000000000e+04
1.484600000000000000e+04
1.630400000000000000e+04
2.635000000000000000e+03
4.999000000000000000e+03
1.255300000000000000e+04
3.475000000000000000e+03
7.328000000000000000e+03
3.003000000000000000e+03
1.356300000000000000e+04
8.162000000000000000e+03
1.198000000000000000e+04
1.252200000000000000e+04
5.865000000000000000e+03
1.278000000000000000e+04
1.304800000000000000e+04
1.455100000000000000e+04
1.459900000000000000e+04
2.919000000000000000e+03
6.265000000000000000e+03
3.729000000000000000e+03
1.259000000000000000e+04
9.934000000000000000e+03
6.686000000000000000e+03
1.312000000000000000e+03
1.206100000000000000e+04
1.192100000000000000e+04
1.761100000000000000e+04
1.356400000000000000e+04
1.147100000000000000e+04
1.424300000000000000e+04
4.753000000000000000e+03
8.253000000000000000e+03
4.723000000000000000e+03
9.353000000000000000e+03
8.373000000000000000e+03
1.008800000000000000e+04
7.376000000000000000e+03
1.672000000000000000e+04
1.330900000000000000e+04
4.579000000000000000e+03
1.664700000000000000e+04
1.556000000000000000e+03
1.376700000000000000e+04
1.111000000000000000e+03
1.023400000000000000e+04
1.338500000000000000e+04
1.304600000000000000e+04
1.397900000000000000e+04
9.416000000000000000e+03
1.533800000000000000e+04
1.657000000000000000e+04
1.538100000000000000e+04
1.675600000000000000e+04
1.457400000000000000e+04
1.626500000000000000e+04
1.085600000000000000e+04
1.919000000000000000e+03
1.721900000000000000e+04
3.263000000000000000e+03
1.769000000000000000e+03
1.612300000000000000e+04
1.717200000000000000e+04
1.669000000000000000e+04
1.356600000000000000e+04
4.445000000000000000e+03
1.641900000000000000e+04
1.434900000000000000e+04
1.538200000000000000e+04
4.042000000000000000e+03
6.167000000000000000e+03
1.687300000000000000e+04
1.172600000000000000e+04
1.218600000000000000e+04
1.297400000000000000e+04
1.352500000000000000e+04
1.342000000000000000e+04
1.507900000000000000e+04
1.557200000000000000e+04
1.139200000000000000e+04
1.411300000000000000e+04
1.626400000000000000e+04
1.763000000000000000e+04
7.013000000000000000e+03
6.830000000000000000e+03
1.382600000000000000e+04
1.391200000000000000e+04
1.469100000000000000e+04
1.705400000000000000e+04
1.162300000000000000e+04
1.441400000000000000e+04
1.749000000000000000e+04
7.086000000000000000e+03
1.648900000000000000e+04
1.096400000000000000e+04
5.043000000000000000e+03
6.630000000000000000e+02
1.244100000000000000e+04
1.318400000000000000e+04
1.068600000000000000e+04
1.626600000000000000e+04
1.410500000000000000e+04
1.079200000000000000e+04
7.510000000000000000e+03
1.538300000000000000e+04
1.469300000000000000e+04
1.238500000000000000e+04
1.014900000000000000e+04
2.809000000000000000e+03
9.053000000000000000e+03
1.238300000000000000e+04
9.790000000000000000e+03
1.713400000000000000e+04
1.662000000000000000e+04
1.559800000000000000e+04
1.297500000000000000e+04
1.116500000000000000e+04
2.298000000000000000e+03
7.115000000000000000e+03
1.328300000000000000e+04
1.757500000000000000e+04
1.200900000000000000e+04
1.284900000000000000e+04
1.721800000000000000e+04
1.659000000000000000e+03
8.049000000000000000e+03
1.378900000000000000e+04
1.719500000000000000e+04
1.056500000000000000e+04
7.273000000000000000e+03
1.289700000000000000e+04
5.464000000000000000e+03
1.206000000000000000e+04
4.858000000000000000e+03
1.683100000000000000e+04
1.477300000000000000e+04
1.628400000000000000e+04
1.181600000000000000e+04
1.790600000000000000e+04
1.092600000000000000e+04
8.590000000000000000e+03
1.795300000000000000e+04
1.818500000000000000e+04
8.581000000000000000e+03
5.623000000000000000e+03
2.877000000000000000e+03
1.621900000000000000e+04
1.780600000000000000e+04
1.781700000000000000e+04
1.709100000000000000e+04
1.241600000000000000e+04
7.667000000000000000e+03
9.815000000000000000e+03
9.491000000000000000e+03
3.116000000000000000e+03
1.284800000000000000e+04
1.336300000000000000e+04
1.069500000000000000e+04
1.750400000000000000e+04
7.430000000000000000e+03
6.031000000000000000e+03
1.588300000000000000e+04
1.583300000000000000e+04
1.216800000000000000e+04
1.818600000000000000e+04
9.898000000000000000e+03
1.642000000000000000e+04
2.983000000000000000e+03
1.719600000000000000e+04
8.401000000000000000e+03
1.056400000000000000e+04
1.738300000000000000e+04
1.570700000000000000e+04
1.812800000000000000e+04
8.488000000000000000e+03
1.563700000000000000e+04
1.814100000000000000e+04
1.603300000000000000e+04
1.189000000000000000e+04
1.755700000000000000e+04
4.880000000000000000e+03
1.000000000000000000e+04
1.444200000000000000e+04
1.768800000000000000e+04
1.354900000000000000e+04
2.751000000000000000e+03
7.442000000000000000e+03
1.513300000000000000e+04
5.846000000000000000e+03
1.550800000000000000e+04
1.784800000000000000e+04
1.119900000000000000e+04
1.526000000000000000e+04
1.342800000000000000e+04
8.664000000000000000e+03
1.965000000000000000e+03
2.410000000000000000e+02
1.510300000000000000e+04
9.270000000000000000e+03
1.426500000000000000e+04
5.197000000000000000e+03
1.993000000000000000e+03
9.376000000000000000e+03
9.338000000000000000e+03
2.926000000000000000e+03
1.768700000000000000e+04
1.795200000000000000e+04
1.668900000000000000e+04
1.563600000000000000e+04
6.979000000000000000e+03
1.568800000000000000e+04
1.490000000000000000e+04
5.289000000000000000e+03
1.351000000000000000e+04
1.638700000000000000e+04
5.962000000000000000e+03
4.000000000000000000e+03
2.970000000000000000e+03
1.562100000000000000e+04
8.626000000000000000e+03
1.157000000000000000e+03
1.293200000000000000e+04
1.805600000000000000e+04
1.476100000000000000e+04
1.170000000000000000e+04
5.344000000000000000e+03
1.034600000000000000e+04
1.179500000000000000e+04
1.497400000000000000e+04
8.708000000000000000e+03
3.878000000000000000e+03
4.190000000000000000e+03
1.583400000000000000e+04
6.498000000000000000e+03
7.984000000000000000e+03
1.014400000000000000e+04
1.153100000000000000e+04
5.906000000000000000e+03
2.618000000000000000e+03
1.701700000000000000e+04
1.111100000000000000e+04
7.552000000000000000e+03
1.466300000000000000e+04
1.126900000000000000e+04
