1.940000000000000000e+02
3.032000000000000000e+03
6.400000000000000000e+02
1.878000000000000000e+03
1.848000000000000000e+03
8.840000000000000000e+02
8.100000000000000000e+01
2.730000000000000000e+03
2.897000000000000000e+03
5.363000000000000000e+03
2.905000000000000000e+03
2.785000000000000000e+03
3.504000000000000000e+03
8.350000000000000000e+02
3.197000000000000000e+03
4.709000000000000000e+03
1.312000000000000000e+03
2.503000000000000000e+03
6.280000000000000000e+02
3.306000000000000000e+03
4.842000000000000000e+03
3.623000000000000000e+03
2.043000000000000000e+03
6.265000000000000000e+03
1.568000000000000000e+03
2.180000000000000000e+02
5.040000000000000000e+03
8.980000000000000000e+02
7.110000000000000000e+03
1.290000000000000000e+03
4.072000000000000000e+03
8.530000000000000000e+02
6.526000000000000000e+03
2.919000000000000000e+03
1.349000000000000000e+03
1.995000000000000000e+03
4.042000000000000000e+03
6.410000000000000000e+02
3.372000000000000000e+03
4.642000000000000000e+03
2.120000000000000000e+03
1.049000000000000000e+03
3.002000000000000000e+03
4.318000000000000000e+03
9.820000000000000000e+02
3.637000000000000000e+03
7.191000000000000000e+03
4.683000000000000000e+03
3.815000000000000000e+03
1.631000000000000000e+03
2.373000000000000000e+03
4.450000000000000000e+03
3.797000000000000000e+03
9.316000000000000000e+03
1.779000000000000000e+03
6.620000000000000000e+02
6.017000000000000000e+03
3.521000000000000000e+03
7.764000000000000000e+03
2.388000000000000000e+03
5.423000000000000000e+03
3.429000000000000000e+03
2.443000000000000000e+03
1.157000000000000000e+03
4.214000000000000000e+03
1.266000000000000000e+03
7.430000000000000000e+03
5.962000000000000000e+03
5.865000000000000000e+03
2.760000000000000000e+03
5.572000000000000000e+03
7.707000000000000000e+03
4.502000000000000000e+03
4.135000000000000000e+03
3.549000000000000000e+03
9.130000000000000000e+02
3.819000000000000000e+03
9.265000000000000000e+03
2.983000000000000000e+03
6.630000000000000000e+02
5.999000000000000000e+03
1.052200000000000000e+04
6.394000000000000000e+03
6.686000000000000000e+03
6.031000000000000000e+03
1.012000000000000000e+03
3.117000000000000000e+03
3.862000000000000000e+03
6.610000000000000000e+03
3.688000000000000000e+03
5.174000000000000000e+03
8.441000000000000000e+03
3.360000000000000000e+03
6.752000000000000000e+03
3.958000000000000000e+03
8.295000000000000000e+03
6.771000000000000000e+03
8.883000000000000000e+03
3.547000000000000000e+03
5.644000000000000000e+03
8.960000000000000000e+02
2.374000000000000000e+03
8.063000000000000000e+03
5.884000000000000000e+03
1.021300000000000000e+04
7.552000000000000000e+03
1.255300000000000000e+04
5.854000000000000000e+03
8.183000000000000000e+03
5.489000000000000000e+03
9.287000000000000000e+03
8.514000000000000000e+03
9.383000000000000000e+03
3.540000000000000000e+03
4.736000000000000000e+03
8.790000000000000000e+02
8.743000000000000000e+03
9.490000000000000000e+02
7.184000000000000000e+03
5.613000000000000000e+03
4.346000000000000000e+03
7.817000000000000000e+03
2.420000000000000000e+03
1.155900000000000000e+04
9.790000000000000000e+03
4.666000000000000000e+03
5.197000000000000000e+03
1.014900000000000000e+04
3.425000000000000000e+03
8.409000000000000000e+03
8.430000000000000000e+03
6.697000000000000000e+03
1.241600000000000000e+04
5.050000000000000000e+03
5.106000000000000000e+03
1.008800000000000000e+04
2.664000000000000000e+03
7.551000000000000000e+03
9.360000000000000000e+03
4.121000000000000000e+03
1.120000000000000000e+03
6.044000000000000000e+03
7.816000000000000000e+03
8.111000000000000000e+03
5.696000000000000000e+03
8.664000000000000000e+03
2.675000000000000000e+03
8.227000000000000000e+03
7.753000000000000000e+03
1.123100000000000000e+04
1.558500000000000000e+04
5.131000000000000000e+03
6.798000000000000000e+03
8.300000000000000000e+03
1.172600000000000000e+04
3.934000000000000000e+03
4.053000000000000000e+03
1.033100000000000000e+04
1.342000000000000000e+04
8.725000000000000000e+03
1.104000000000000000e+04
1.364600000000000000e+04
8.419000000000000000e+03
6.963000000000000000e+03
4.718000000000000000e+03
4.976000000000000000e+03
9.913000000000000000e+03
1.206100000000000000e+04
2.251000000000000000e+03
8.577000000000000000e+03
1.356300000000000000e+04
1.350800000000000000e+04
6.324000000000000000e+03
7.381000000000000000e+03
1.410500000000000000e+04
1.084500000000000000e+04
1.098500000000000000e+04
1.139200000000000000e+04
1.288500000000000000e+04
9.592000000000000000e+03
8.592000000000000000e+03
8.112000000000000000e+03
1.316700000000000000e+04
1.153300000000000000e+04
1.356400000000000000e+04
1.919000000000000000e+03
6.325000000000000000e+03
7.415000000000000000e+03
7.086000000000000000e+03
9.271000000000000000e+03
6.837000000000000000e+03
8.591000000000000000e+03
1.273300000000000000e+04
9.206000000000000000e+03
1.352500000000000000e+04
1.351000000000000000e+04
8.792000000000000000e+03
3.244000000000000000e+03
1.333300000000000000e+04
1.251300000000000000e+04
8.639000000000000000e+03
8.626000000000000000e+03
1.129100000000000000e+04
7.835000000000000000e+03
3.723000000000000000e+03
5.019000000000000000e+03
4.877000000000000000e+03
8.153000000000000000e+03
1.056500000000000000e+04
9.415000000000000000e+03
7.394000000000000000e+03
5.406000000000000000e+03
1.069500000000000000e+04
1.200900000000000000e+04
1.477300000000000000e+04
1.993000000000000000e+03
7.439000000000000000e+03
5.145000000000000000e+03
1.203600000000000000e+04
2.290000000000000000e+03
3.330000000000000000e+03
1.297500000000000000e+04
9.752000000000000000e+03
1.042900000000000000e+04
1.249000000000000000e+04
6.113000000000000000e+03
8.064000000000000000e+03
1.376700000000000000e+04
4.682000000000000000e+03
1.466300000000000000e+04
1.299400000000000000e+04
1.350700000000000000e+04
1.271000000000000000e+04
1.293200000000000000e+04
1.451400000000000000e+04
8.618000000000000000e+03
1.096400000000000000e+04
1.913000000000000000e+03
8.087000000000000000e+03
8.082000000000000000e+03
8.979000000000000000e+03
1.562100000000000000e+04
9.353000000000000000e+03
7.273000000000000000e+03
8.473000000000000000e+03
1.147000000000000000e+04
8.373000000000000000e+03
1.515200000000000000e+04
1.145700000000000000e+04
1.526000000000000000e+04
1.397900000000000000e+04
1.189000000000000000e+04
1.364500000000000000e+04
1.263300000000000000e+04
4.445000000000000000e+03
8.086000000000000000e+03
5.636000000000000000e+03
4.205000000000000000e+03
1.647000000000000000e+03
7.348000000000000000e+03
1.066600000000000000e+04
7.855000000000000000e+03
1.025000000000000000e+04
5.289000000000000000e+03
1.112300000000000000e+04
5.233000000000000000e+03
3.475000000000000000e+03
1.568800000000000000e+04
1.500200000000000000e+04
1.116500000000000000e+04
2.698000000000000000e+03
7.722000000000000000e+03
1.217900000000000000e+04
1.356600000000000000e+04
6.430000000000000000e+03
7.643000000000000000e+03
1.278000000000000000e+04
1.085600000000000000e+04
1.126900000000000000e+04
1.198000000000000000e+04
1.484600000000000000e+04
1.557200000000000000e+04
1.424300000000000000e+04
8.708000000000000000e+03
8.075000000000000000e+03
1.603300000000000000e+04
6.105000000000000000e+03
1.286300000000000000e+04
1.642000000000000000e+04
1.073500000000000000e+04
4.999000000000000000e+03
1.693500000000000000e+04
1.628400000000000000e+04
1.259100000000000000e+04
5.327000000000000000e+03
9.934000000000000000e+03
3.911000000000000000e+03
1.497400000000000000e+04
1.538300000000000000e+04
1.419000000000000000e+04
6.979000000000000000e+03
1.354900000000000000e+04
1.769000000000000000e+03
9.376000000000000000e+03
1.109600000000000000e+04
3.701000000000000000e+03
6.498000000000000000e+03
1.147100000000000000e+04
1.270000000000000000e+02
4.294000000000000000e+03
1.297400000000000000e+04
1.709100000000000000e+04
4.190000000000000000e+03
4.014000000000000000e+03
1.088300000000000000e+04
1.626600000000000000e+04
1.490000000000000000e+04
1.019800000000000000e+04
1.728800000000000000e+04
1.284900000000000000e+04
1.411300000000000000e+04
9.567000000000000000e+03
1.233800000000000000e+04
5.874000000000000000e+03
3.323000000000000000e+03
1.047500000000000000e+04
9.898000000000000000e+03
1.574300000000000000e+04
1.119900000000000000e+04
5.025000000000000000e+03
1.184600000000000000e+04
5.286000000000000000e+03
1.289700000000000000e+04
9.053000000000000000e+03
7.311000000000000000e+03
7.525000000000000000e+03
1.248900000000000000e+04
9.557000000000000000e+03
1.037000000000000000e+04
1.612300000000000000e+04
1.791800000000000000e+04
9.272000000000000000e+03
7.147000000000000000e+03
1.134700000000000000e+04
6.637000000000000000e+03
1.533800000000000000e+04
8.920000000000000000e+03
1.236600000000000000e+04
2.640000000000000000e+02
6.540000000000000000e+02
1.276300000000000000e+04
4.690000000000000000e+03
2.364000000000000000e+03
9.753000000000000000e+03
7.854000000000000000e+03
1.798500000000000000e+04
8.276000000000000000e+03
1.021200000000000000e+04
9.458000000000000000e+03
9.775000000000000000e+03
1.405800000000000000e+04
1.713400000000000000e+04
1.719500000000000000e+04
1.450800000000000000e+04
1.334000000000000000e+04
1.181600000000000000e+04
1.023500000000000000e+04
1.750400000000000000e+04
1.252900000000000000e+04
1.648900000000000000e+04
1.304800000000000000e+04
1.357400000000000000e+04
1.391200000000000000e+04
1.539500000000000000e+04
1.214000000000000000e+04
1.541100000000000000e+04
1.185600000000000000e+04
1.212700000000000000e+04
1.556000000000000000e+03
4.579000000000000000e+03
1.563700000000000000e+04
1.469200000000000000e+04
2.635000000000000000e+03
1.006800000000000000e+04
1.705400000000000000e+04
5.043000000000000000e+03
3.360000000000000000e+02
8.581000000000000000e+03
6.167000000000000000e+03
1.174400000000000000e+04
1.741100000000000000e+04
1.719600000000000000e+04
1.617200000000000000e+04
1.476800000000000000e+04
1.470100000000000000e+04
1.230500000000000000e+04
4.415000000000000000e+03
1.687300000000000000e+04
9.417000000000000000e+03
1.368200000000000000e+04
1.669200000000000000e+04
9.370000000000000000e+03
1.215100000000000000e+04
3.576000000000000000e+03
3.503000000000000000e+03
5.321000000000000000e+03
1.273200000000000000e+04
1.441400000000000000e+04
3.878000000000000000e+03
1.003200000000000000e+04
3.333000000000000000e+03
1.721900000000000000e+04
8.008000000000000000e+03
1.672000000000000000e+04
9.663000000000000000e+03
1.621900000000000000e+04
1.284800000000000000e+04
1.814100000000000000e+04
2.941000000000000000e+03
8.228000000000000000e+03
1.037100000000000000e+04
1.084600000000000000e+04
4.412000000000000000e+03
6.897000000000000000e+03
7.046000000000000000e+03
1.781700000000000000e+04
1.139300000000000000e+04
1.131700000000000000e+04
1.376100000000000000e+04
1.016100000000000000e+04
9.765000000000000000e+03
1.206000000000000000e+04
9.416000000000000000e+03
4.482000000000000000e+03
1.657000000000000000e+04
1.101100000000000000e+04
1.626400000000000000e+04
1.469100000000000000e+04
1.626500000000000000e+04
1.805600000000000000e+04
1.741200000000000000e+04
1.583400000000000000e+04
1.238200000000000000e+04
1.669000000000000000e+04
1.757500000000000000e+04
3.922000000000000000e+03
1.218600000000000000e+04
1.641100000000000000e+04
7.023000000000000000e+03
4.943000000000000000e+03
1.661000000000000000e+03
1.763000000000000000e+04
1.814200000000000000e+04
1.559900000000000000e+04
1.004500000000000000e+04
1.813100000000000000e+04
1.814000000000000000e+03
1.638700000000000000e+04
2.617000000000000000e+03
1.588300000000000000e+04
1.903000000000000000e+03
2.298000000000000000e+03
5.518000000000000000e+03
1.304600000000000000e+04
1.749000000000000000e+04
1.301100000000000000e+04
1.867000000000000000e+03
1.434900000000000000e+04
6.568000000000000000e+03
1.538200000000000000e+04
1.488200000000000000e+04
1.222000000000000000e+04
4.105000000000000000e+03
8.162000000000000000e+03
1.057300000000000000e+04
1.362200000000000000e+04
1.519900000000000000e+04
5.322000000000000000e+03
1.637000000000000000e+03
1.630400000000000000e+04
1.573400000000000000e+04
1.082200000000000000e+04
7.897000000000000000e+03
6.264000000000000000e+03
1.259000000000000000e+04
9.340000000000000000e+03
5.893000000000000000e+03
1.717200000000000000e+04
6.873000000000000000e+03
1.399000000000000000e+04
1.699200000000000000e+04
7.185000000000000000e+03
1.730700000000000000e+04
8.607000000000000000e+03
1.167500000000000000e+04
1.642100000000000000e+04
1.178300000000000000e+04
6.047000000000000000e+03
1.357300000000000000e+04
1.649000000000000000e+04
1.683200000000000000e+04
1.607000000000000000e+04
4.498000000000000000e+03
7.510000000000000000e+03
1.318400000000000000e+04
1.338500000000000000e+04
3.897000000000000000e+03
1.201000000000000000e+03
1.350600000000000000e+04
1.664700000000000000e+04
1.529400000000000000e+04
1.635800000000000000e+04
1.469300000000000000e+04
1.453900000000000000e+04
3.060000000000000000e+03
5.637000000000000000e+03
1.583300000000000000e+04
8.488000000000000000e+03
3.292000000000000000e+03
3.003000000000000000e+03
1.641900000000000000e+04
6.114000000000000000e+03
1.192100000000000000e+04
1.330900000000000000e+04
1.368100000000000000e+04
1.761100000000000000e+04
5.360000000000000000e+03
1.530900000000000000e+04
1.304700000000000000e+04
9.428000000000000000e+03
1.238500000000000000e+04
1.662000000000000000e+04
1.436800000000000000e+04
