5.700000000000000000e+01
1.250000000000000000e+02
8.700000000000000000e+01
2.830000000000000000e+02
7.100000000000000000e+01
4.490000000000000000e+02
7.040000000000000000e+02
8.690000000000000000e+02
8.570000000000000000e+02
2.350000000000000000e+02
1.021000000000000000e+03
9.190000000000000000e+02
2.007000000000000000e+03
1.653000000000000000e+03
2.650000000000000000e+02
1.641000000000000000e+03
1.150000000000000000e+03
1.438000000000000000e+03
3.562000000000000000e+03
2.385000000000000000e+03
2.789000000000000000e+03
1.132000000000000000e+03
2.084000000000000000e+03
4.470000000000000000e+02
5.280000000000000000e+02
5.290000000000000000e+02
1.359000000000000000e+03
1.052000000000000000e+03
2.082000000000000000e+03
8.150000000000000000e+02
6.920000000000000000e+02
5.120000000000000000e+02
3.010000000000000000e+02
2.871000000000000000e+03
2.041000000000000000e+03
1.214000000000000000e+03
2.238000000000000000e+03
6.960000000000000000e+02
3.400000000000000000e+01
1.405000000000000000e+03
1.946000000000000000e+03
1.154000000000000000e+03
2.872000000000000000e+03
5.330000000000000000e+02
1.257000000000000000e+03
2.604000000000000000e+03
5.480000000000000000e+02
3.716000000000000000e+03
3.587000000000000000e+03
2.652000000000000000e+03
6.088000000000000000e+03
9.090000000000000000e+02
3.042000000000000000e+03
3.570000000000000000e+02
1.400000000000000000e+02
2.285000000000000000e+03
1.318000000000000000e+03
8.160000000000000000e+02
2.299000000000000000e+03
1.226000000000000000e+03
4.059000000000000000e+03
1.300000000000000000e+03
3.310000000000000000e+03
2.668000000000000000e+03
1.580000000000000000e+03
4.900000000000000000e+01
1.271000000000000000e+03
7.500000000000000000e+02
2.980000000000000000e+03
2.370000000000000000e+02
8.940000000000000000e+02
2.830000000000000000e+03
4.606000000000000000e+03
2.487000000000000000e+03
3.902000000000000000e+03
6.310000000000000000e+02
3.907000000000000000e+03
2.933000000000000000e+03
2.477000000000000000e+03
2.712000000000000000e+03
1.757000000000000000e+03
3.586000000000000000e+03
5.320000000000000000e+03
5.334000000000000000e+03
3.989000000000000000e+03
1.254000000000000000e+03
3.734000000000000000e+03
7.200000000000000000e+02
1.713000000000000000e+03
1.786000000000000000e+03
6.022000000000000000e+03
1.494000000000000000e+03
4.516000000000000000e+03
1.070000000000000000e+02
2.371000000000000000e+03
5.216000000000000000e+03
1.392000000000000000e+03
1.958000000000000000e+03
3.410000000000000000e+02
9.710000000000000000e+02
5.908000000000000000e+03
2.962000000000000000e+03
1.064000000000000000e+03
5.199000000000000000e+03
2.929000000000000000e+03
1.850000000000000000e+02
3.420000000000000000e+02
6.398000000000000000e+03
1.400000000000000000e+01
1.999000000000000000e+03
4.129000000000000000e+03
1.350000000000000000e+02
2.414000000000000000e+03
3.696000000000000000e+03
9.469000000000000000e+03
8.017000000000000000e+03
2.027000000000000000e+03
4.647000000000000000e+03
3.500000000000000000e+01
3.075000000000000000e+03
1.614000000000000000e+03
1.610000000000000000e+02
5.671000000000000000e+03
4.678000000000000000e+03
2.433000000000000000e+03
2.736000000000000000e+03
5.799000000000000000e+03
2.482000000000000000e+03
2.276000000000000000e+03
1.780000000000000000e+03
4.044000000000000000e+03
5.117000000000000000e+03
2.663000000000000000e+03
1.821000000000000000e+03
4.000000000000000000e+02
9.787000000000000000e+03
4.591000000000000000e+03
7.450000000000000000e+02
9.761000000000000000e+03
1.058000000000000000e+04
1.055000000000000000e+03
3.100000000000000000e+01
2.050000000000000000e+03
5.148000000000000000e+03
4.277000000000000000e+03
6.869000000000000000e+03
4.185000000000000000e+03
7.025000000000000000e+03
3.041000000000000000e+03
3.625000000000000000e+03
7.863000000000000000e+03
4.383000000000000000e+03
4.436000000000000000e+03
9.168000000000000000e+03
9.160000000000000000e+02
4.715000000000000000e+03
6.320000000000000000e+03
1.421000000000000000e+03
4.112000000000000000e+03
8.010000000000000000e+03
2.927000000000000000e+03
6.052000000000000000e+03
5.348000000000000000e+03
2.502000000000000000e+03
8.330000000000000000e+02
8.009000000000000000e+03
2.657000000000000000e+03
2.408000000000000000e+03
1.213000000000000000e+03
4.360000000000000000e+03
2.613000000000000000e+03
1.013100000000000000e+04
4.070000000000000000e+02
5.215000000000000000e+03
8.236000000000000000e+03
6.425000000000000000e+03
6.915000000000000000e+03
4.088000000000000000e+03
4.366000000000000000e+03
8.457000000000000000e+03
3.012000000000000000e+03
4.067000000000000000e+03
1.116000000000000000e+03
7.090000000000000000e+02
6.904000000000000000e+03
6.870000000000000000e+02
3.840000000000000000e+02
3.404000000000000000e+03
1.050500000000000000e+04
3.064000000000000000e+03
7.515000000000000000e+03
1.048100000000000000e+04
6.273000000000000000e+03
1.820000000000000000e+03
4.830000000000000000e+03
6.179000000000000000e+03
2.458000000000000000e+03
4.841000000000000000e+03
4.882000000000000000e+03
1.107500000000000000e+04
3.394000000000000000e+03
5.031000000000000000e+03
1.038000000000000000e+03
1.944000000000000000e+03
3.835000000000000000e+03
6.408000000000000000e+03
9.512000000000000000e+03
7.470000000000000000e+03
8.130000000000000000e+03
7.700000000000000000e+03
9.675000000000000000e+03
2.648000000000000000e+03
6.920000000000000000e+03
5.085000000000000000e+03
8.549000000000000000e+03
6.351000000000000000e+03
7.556000000000000000e+03
4.741000000000000000e+03
1.522000000000000000e+03
4.899000000000000000e+03
4.912000000000000000e+03
8.705000000000000000e+03
4.442000000000000000e+03
1.558000000000000000e+03
1.171000000000000000e+04
3.280000000000000000e+03
9.012000000000000000e+03
1.025500000000000000e+04
1.058000000000000000e+03
1.032000000000000000e+04
1.234900000000000000e+04
7.846000000000000000e+03
4.627000000000000000e+03
1.812000000000000000e+03
3.452000000000000000e+03
9.027000000000000000e+03
6.800000000000000000e+03
8.358000000000000000e+03
1.735000000000000000e+03
9.724000000000000000e+03
1.079500000000000000e+04
1.303200000000000000e+04
9.240000000000000000e+02
4.565000000000000000e+03
5.663000000000000000e+03
6.151000000000000000e+03
4.168000000000000000e+03
7.728000000000000000e+03
2.185000000000000000e+03
9.645000000000000000e+03
1.107600000000000000e+04
1.159500000000000000e+04
3.481000000000000000e+03
2.514000000000000000e+03
1.066200000000000000e+04
7.390000000000000000e+02
8.043000000000000000e+03
5.900000000000000000e+03
7.548000000000000000e+03
1.002700000000000000e+04
2.885000000000000000e+03
7.291000000000000000e+03
1.357100000000000000e+04
1.407100000000000000e+04
6.870000000000000000e+03
3.761000000000000000e+03
7.651000000000000000e+03
5.980000000000000000e+02
6.531000000000000000e+03
3.320000000000000000e+02
1.200000000000000000e+02
1.600000000000000000e+03
1.034200000000000000e+04
7.995000000000000000e+03
8.622000000000000000e+03
6.514000000000000000e+03
1.056200000000000000e+04
8.949000000000000000e+03
7.163000000000000000e+03
5.611000000000000000e+03
3.651000000000000000e+03
7.459000000000000000e+03
8.120000000000000000e+03
2.670000000000000000e+02
8.110000000000000000e+02
8.174000000000000000e+03
3.939000000000000000e+03
8.422000000000000000e+03
9.311000000000000000e+03
1.195900000000000000e+04
1.168000000000000000e+04
1.261000000000000000e+04
1.140200000000000000e+04
5.127000000000000000e+03
5.931000000000000000e+03
1.108000000000000000e+03
9.536000000000000000e+03
2.599000000000000000e+03
4.721000000000000000e+03
1.363000000000000000e+04
5.710000000000000000e+02
1.535800000000000000e+04
1.376800000000000000e+04
6.358000000000000000e+03
4.569000000000000000e+03
7.970000000000000000e+03
5.472000000000000000e+03
2.559000000000000000e+03
1.020500000000000000e+04
3.600000000000000000e+03
7.797000000000000000e+03
2.060000000000000000e+03
3.193000000000000000e+03
2.296000000000000000e+03
8.610000000000000000e+03
2.820000000000000000e+03
1.676400000000000000e+04
1.496500000000000000e+04
1.519200000000000000e+04
5.282000000000000000e+03
1.157500000000000000e+04
9.293000000000000000e+03
8.541000000000000000e+03
1.648000000000000000e+03
1.550100000000000000e+04
2.950000000000000000e+03
1.176100000000000000e+04
9.818000000000000000e+03
3.859000000000000000e+03
1.490800000000000000e+04
7.944000000000000000e+03
1.406800000000000000e+04
2.357000000000000000e+03
3.747000000000000000e+03
1.146300000000000000e+04
1.357000000000000000e+04
1.436900000000000000e+04
1.246800000000000000e+04
7.954000000000000000e+03
7.789000000000000000e+03
1.580800000000000000e+04
1.110600000000000000e+04
8.704000000000000000e+03
7.366000000000000000e+03
1.265900000000000000e+04
1.079000000000000000e+03
5.563000000000000000e+03
1.473300000000000000e+04
4.949000000000000000e+03
1.240600000000000000e+04
1.429300000000000000e+04
5.449000000000000000e+03
8.785000000000000000e+03
2.465000000000000000e+03
1.416000000000000000e+04
9.714000000000000000e+03
1.557900000000000000e+04
1.035000000000000000e+03
4.845000000000000000e+03
4.263000000000000000e+03
6.063000000000000000e+03
9.000000000000000000e+02
1.019400000000000000e+04
8.042000000000000000e+03
1.070000000000000000e+04
6.026000000000000000e+03
6.027000000000000000e+03
2.467000000000000000e+03
3.282000000000000000e+03
1.181100000000000000e+04
1.099200000000000000e+04
1.080500000000000000e+04
1.607100000000000000e+04
8.886000000000000000e+03
1.589500000000000000e+04
1.211500000000000000e+04
5.400000000000000000e+02
6.826000000000000000e+03
2.715000000000000000e+03
2.103000000000000000e+03
3.467000000000000000e+03
1.679400000000000000e+04
1.427600000000000000e+04
4.685000000000000000e+03
1.166500000000000000e+04
8.586000000000000000e+03
1.907000000000000000e+03
2.138000000000000000e+03
7.263000000000000000e+03
1.636600000000000000e+04
1.005200000000000000e+04
1.633700000000000000e+04
2.660000000000000000e+02
7.851000000000000000e+03
5.032000000000000000e+03
1.223000000000000000e+03
1.128500000000000000e+04
1.434300000000000000e+04
1.331700000000000000e+04
5.984000000000000000e+03
1.617600000000000000e+04
1.376900000000000000e+04
3.981000000000000000e+03
2.448000000000000000e+03
7.533000000000000000e+03
1.587200000000000000e+04
9.120000000000000000e+02
8.280000000000000000e+03
5.154000000000000000e+03
1.566100000000000000e+04
6.936000000000000000e+03
1.645000000000000000e+03
9.070000000000000000e+02
5.450000000000000000e+03
6.420000000000000000e+02
1.743000000000000000e+04
1.183900000000000000e+04
1.120200000000000000e+04
2.787000000000000000e+03
4.210000000000000000e+03
1.129500000000000000e+04
1.545200000000000000e+04
1.668200000000000000e+04
1.460500000000000000e+04
5.546000000000000000e+03
5.026000000000000000e+03
1.373800000000000000e+04
1.563200000000000000e+04
2.122000000000000000e+03
2.210000000000000000e+03
1.665600000000000000e+04
8.937000000000000000e+03
8.554000000000000000e+03
1.552000000000000000e+03
1.593300000000000000e+04
1.427700000000000000e+04
1.020000000000000000e+03
7.912000000000000000e+03
1.470300000000000000e+04
1.425500000000000000e+04
1.808100000000000000e+04
9.300000000000000000e+03
8.732000000000000000e+03
1.173200000000000000e+04
4.617000000000000000e+03
1.916000000000000000e+03
1.380600000000000000e+04
3.272000000000000000e+03
1.366400000000000000e+04
1.160900000000000000e+04
1.156000000000000000e+03
1.299700000000000000e+04
8.797000000000000000e+03
3.813000000000000000e+03
1.250300000000000000e+04
1.402400000000000000e+04
8.553000000000000000e+03
2.422000000000000000e+03
1.076200000000000000e+04
8.972000000000000000e+03
1.487500000000000000e+04
1.702800000000000000e+04
5.014000000000000000e+03
2.463000000000000000e+03
4.194000000000000000e+03
1.592000000000000000e+04
6.586000000000000000e+03
1.783000000000000000e+03
1.077200000000000000e+04
1.028100000000000000e+04
6.187000000000000000e+03
1.831200000000000000e+04
1.835400000000000000e+04
1.716000000000000000e+03
1.663000000000000000e+03
5.680000000000000000e+02
1.551600000000000000e+04
1.362000000000000000e+03
6.702000000000000000e+03
1.950000000000000000e+02
1.346700000000000000e+04
1.050600000000000000e+04
3.233000000000000000e+03
1.194700000000000000e+04
1.307900000000000000e+04
1.113100000000000000e+04
1.787800000000000000e+04
1.408300000000000000e+04
3.171000000000000000e+03
1.496400000000000000e+04
1.480100000000000000e+04
1.810000000000000000e+04
8.893000000000000000e+03
1.822900000000000000e+04
2.653000000000000000e+03
1.726000000000000000e+04
1.502700000000000000e+04
8.000000000000000000e+01
1.668100000000000000e+04
1.784100000000000000e+04
5.655000000000000000e+03
1.608300000000000000e+04
3.185000000000000000e+03
3.995000000000000000e+03
4.564000000000000000e+03
1.819000000000000000e+03
7.395000000000000000e+03
7.953000000000000000e+03
1.237800000000000000e+04
9.504000000000000000e+03
1.838000000000000000e+04
1.431400000000000000e+04
1.720800000000000000e+04
9.019000000000000000e+03
3.383000000000000000e+03
1.805000000000000000e+04
1.827600000000000000e+04
1.443700000000000000e+04
1.762400000000000000e+04
3.180000000000000000e+02
9.587000000000000000e+03
4.328000000000000000e+03
1.796000000000000000e+04
6.693000000000000000e+03
2.894000000000000000e+03
3.130000000000000000e+02
1.237700000000000000e+04
1.327800000000000000e+04
1.883000000000000000e+03
1.840800000000000000e+04
9.495000000000000000e+03
1.801700000000000000e+04
1.370000000000000000e+02
5.599000000000000000e+03
1.697000000000000000e+03
8.552000000000000000e+03
1.420300000000000000e+04
8.279000000000000000e+03
1.333000000000000000e+03
1.448000000000000000e+03
4.154000000000000000e+03
1.399500000000000000e+04
7.037000000000000000e+03
1.192700000000000000e+04
1.051400000000000000e+04
1.385200000000000000e+04
1.473200000000000000e+04
1.123700000000000000e+04
9.901000000000000000e+03
1.351800000000000000e+04
1.716300000000000000e+04
1.868000000000000000e+03
1.203000000000000000e+04
1.026000000000000000e+03
2.703000000000000000e+03
