6.400000000000000000e+02
1.157000000000000000e+03
3.360000000000000000e+02
8.350000000000000000e+02
8.840000000000000000e+02
1.312000000000000000e+03
8.100000000000000000e+01
2.664000000000000000e+03
3.701000000000000000e+03
1.878000000000000000e+03
2.941000000000000000e+03
6.620000000000000000e+02
2.120000000000000000e+03
1.568000000000000000e+03
2.420000000000000000e+03
1.637000000000000000e+03
2.730000000000000000e+03
1.049000000000000000e+03
8.790000000000000000e+02
2.983000000000000000e+03
8.530000000000000000e+02
2.919000000000000000e+03
5.327000000000000000e+03
6.630000000000000000e+02
3.360000000000000000e+03
1.012000000000000000e+03
3.549000000000000000e+03
1.848000000000000000e+03
4.412000000000000000e+03
3.117000000000000000e+03
3.576000000000000000e+03
4.690000000000000000e+03
2.905000000000000000e+03
4.042000000000000000e+03
3.922000000000000000e+03
4.877000000000000000e+03
5.197000000000000000e+03
1.919000000000000000e+03
4.135000000000000000e+03
7.073000000000000000e+03
5.025000000000000000e+03
5.360000000000000000e+03
4.072000000000000000e+03
2.251000000000000000e+03
2.388000000000000000e+03
4.502000000000000000e+03
7.552000000000000000e+03
8.228000000000000000e+03
4.214000000000000000e+03
5.289000000000000000e+03
4.976000000000000000e+03
2.785000000000000000e+03
8.979000000000000000e+03
5.613000000000000000e+03
4.190000000000000000e+03
9.623000000000000000e+03
7.643000000000000000e+03
4.842000000000000000e+03
3.688000000000000000e+03
3.197000000000000000e+03
8.992000000000000000e+03
8.008000000000000000e+03
6.657000000000000000e+03
3.623000000000000000e+03
1.993000000000000000e+03
5.286000000000000000e+03
6.498000000000000000e+03
7.086000000000000000e+03
3.815000000000000000e+03
5.962000000000000000e+03
1.995000000000000000e+03
4.579000000000000000e+03
6.031000000000000000e+03
2.698000000000000000e+03
5.322000000000000000e+03
6.047000000000000000e+03
5.865000000000000000e+03
7.273000000000000000e+03
1.004500000000000000e+04
8.592000000000000000e+03
5.894000000000000000e+03
8.276000000000000000e+03
2.675000000000000000e+03
4.709000000000000000e+03
1.266000000000000000e+03
6.610000000000000000e+03
6.280000000000000000e+02
9.820000000000000000e+02
1.115200000000000000e+04
3.306000000000000000e+03
5.854000000000000000e+03
3.878000000000000000e+03
9.370000000000000000e+03
5.051000000000000000e+03
7.855000000000000000e+03
7.415000000000000000e+03
3.372000000000000000e+03
9.836000000000000000e+03
8.373000000000000000e+03
2.617000000000000000e+03
7.675000000000000000e+03
1.037100000000000000e+04
8.535000000000000000e+03
8.409000000000000000e+03
1.940000000000000000e+02
5.040000000000000000e+03
4.666000000000000000e+03
4.450000000000000000e+03
1.114500000000000000e+04
6.686000000000000000e+03
1.126900000000000000e+04
9.206000000000000000e+03
8.626000000000000000e+03
1.114600000000000000e+04
7.430000000000000000e+03
8.556000000000000000e+03
3.637000000000000000e+03
9.353000000000000000e+03
4.999000000000000000e+03
9.376000000000000000e+03
5.884000000000000000e+03
3.354000000000000000e+03
2.443000000000000000e+03
3.333000000000000000e+03
6.873000000000000000e+03
1.174400000000000000e+04
1.084600000000000000e+04
3.628000000000000000e+03
1.109600000000000000e+04
8.708000000000000000e+03
2.180000000000000000e+02
5.050000000000000000e+03
3.032000000000000000e+03
7.439000000000000000e+03
4.445000000000000000e+03
9.790000000000000000e+03
9.271000000000000000e+03
3.963000000000000000e+03
7.274000000000000000e+03
6.980000000000000000e+03
9.272000000000000000e+03
6.090000000000000000e+03
3.504000000000000000e+03
4.346000000000000000e+03
4.318000000000000000e+03
1.284800000000000000e+04
7.185000000000000000e+03
2.043000000000000000e+03
1.006000000000000000e+04
6.979000000000000000e+03
7.381000000000000000e+03
3.521000000000000000e+03
2.760000000000000000e+03
1.073500000000000000e+04
6.638000000000000000e+03
7.033000000000000000e+03
1.085600000000000000e+04
1.112300000000000000e+04
1.145700000000000000e+04
9.057000000000000000e+03
5.285000000000000000e+03
3.154000000000000000e+03
6.414000000000000000e+03
8.664000000000000000e+03
1.556000000000000000e+03
6.017000000000000000e+03
1.185600000000000000e+04
1.276300000000000000e+04
1.217900000000000000e+04
1.043900000000000000e+04
1.212700000000000000e+04
5.174000000000000000e+03
7.348000000000000000e+03
1.056500000000000000e+04
6.091000000000000000e+03
5.999000000000000000e+03
1.350900000000000000e+04
1.096400000000000000e+04
1.430800000000000000e+04
6.907000000000000000e+03
6.410000000000000000e+02
1.769000000000000000e+03
3.797000000000000000e+03
5.572000000000000000e+03
9.428000000000000000e+03
1.263300000000000000e+04
9.765000000000000000e+03
1.374300000000000000e+04
1.122300000000000000e+04
1.436800000000000000e+04
1.178300000000000000e+04
1.008800000000000000e+04
9.635000000000000000e+03
5.874000000000000000e+03
1.116500000000000000e+04
1.172500000000000000e+04
1.252900000000000000e+04
1.635800000000000000e+04
7.526000000000000000e+03
9.611000000000000000e+03
1.181600000000000000e+04
5.233000000000000000e+03
1.368200000000000000e+04
1.304700000000000000e+04
9.067000000000000000e+03
1.357400000000000000e+04
7.707000000000000000e+03
7.110000000000000000e+03
1.354900000000000000e+04
6.569000000000000000e+03
4.508000000000000000e+03
1.069500000000000000e+04
4.683000000000000000e+03
1.222000000000000000e+04
8.183000000000000000e+03
6.265000000000000000e+03
1.184600000000000000e+04
1.003200000000000000e+04
1.301100000000000000e+04
1.779000000000000000e+03
8.792000000000000000e+03
9.287000000000000000e+03
1.399000000000000000e+04
1.376100000000000000e+04
8.608000000000000000e+03
1.476800000000000000e+04
1.116600000000000000e+04
1.401400000000000000e+04
5.489000000000000000e+03
4.121000000000000000e+03
1.119900000000000000e+04
8.980000000000000000e+02
1.814000000000000000e+03
1.016100000000000000e+04
5.043000000000000000e+03
4.718000000000000000e+03
8.064000000000000000e+03
1.411400000000000000e+04
1.484800000000000000e+04
1.573400000000000000e+04
1.631000000000000000e+03
1.304600000000000000e+04
1.025000000000000000e+04
8.419000000000000000e+03
9.360000000000000000e+03
1.436300000000000000e+04
1.530900000000000000e+04
1.452100000000000000e+04
1.657100000000000000e+04
1.355000000000000000e+04
1.170100000000000000e+04
6.771000000000000000e+03
1.131700000000000000e+04
1.289600000000000000e+04
1.363600000000000000e+04
1.456400000000000000e+04
1.484700000000000000e+04
1.362200000000000000e+04
9.111000000000000000e+03
9.383000000000000000e+03
1.189000000000000000e+04
4.818000000000000000e+03
1.600900000000000000e+04
1.357300000000000000e+04
1.519900000000000000e+04
1.469300000000000000e+04
1.392900000000000000e+04
1.329900000000000000e+04
9.053000000000000000e+03
1.405800000000000000e+04
5.019000000000000000e+03
8.111000000000000000e+03
1.271000000000000000e+04
6.697000000000000000e+03
1.186800000000000000e+04
1.470100000000000000e+04
8.577000000000000000e+03
8.295000000000000000e+03
1.147100000000000000e+04
1.200900000000000000e+04
1.362900000000000000e+04
1.583400000000000000e+04
1.284900000000000000e+04
1.555600000000000000e+04
1.469200000000000000e+04
5.190000000000000000e+02
7.551000000000000000e+03
2.991000000000000000e+03
1.014900000000000000e+04
1.290000000000000000e+03
1.517600000000000000e+04
1.691400000000000000e+04
1.304800000000000000e+04
7.555000000000000000e+03
3.934000000000000000e+03
6.637000000000000000e+03
1.042900000000000000e+04
5.644000000000000000e+03
1.215100000000000000e+04
4.205000000000000000e+03
5.145000000000000000e+03
7.854000000000000000e+03
1.718600000000000000e+04
7.172000000000000000e+03
1.469100000000000000e+04
1.397900000000000000e+04
6.216000000000000000e+03
1.120000000000000000e+03
1.139200000000000000e+04
4.736000000000000000e+03
7.817000000000000000e+03
1.181500000000000000e+04
1.624700000000000000e+04
7.417000000000000000e+03
6.254000000000000000e+03
1.559900000000000000e+04
1.419000000000000000e+04
1.649000000000000000e+04
1.828900000000000000e+04
1.588300000000000000e+04
1.453900000000000000e+04
2.825000000000000000e+03
6.401000000000000000e+03
2.897000000000000000e+03
9.898000000000000000e+03
1.198000000000000000e+04
8.514000000000000000e+03
1.293200000000000000e+04
1.642100000000000000e+04
1.356600000000000000e+04
7.416000000000000000e+03
1.297400000000000000e+04
1.024200000000000000e+04
9.213000000000000000e+03
1.730700000000000000e+04
6.646000000000000000e+03
9.265000000000000000e+03
1.450800000000000000e+04
1.672100000000000000e+04
1.206100000000000000e+04
1.759400000000000000e+04
1.381200000000000000e+04
1.166200000000000000e+04
1.297500000000000000e+04
1.236600000000000000e+04
1.238500000000000000e+04
1.466000000000000000e+03
7.680000000000000000e+02
6.044000000000000000e+03
5.423000000000000000e+03
1.621900000000000000e+04
1.057300000000000000e+04
1.172600000000000000e+04
1.078400000000000000e+04
9.775000000000000000e+03
1.699200000000000000e+04
1.817500000000000000e+04
1.754900000000000000e+04
1.617200000000000000e+04
4.015000000000000000e+03
6.324000000000000000e+03
9.913000000000000000e+03
1.490000000000000000e+04
1.638700000000000000e+04
9.031000000000000000e+03
1.289700000000000000e+04
1.302000000000000000e+03
1.426600000000000000e+04
1.683200000000000000e+04
2.906000000000000000e+03
2.503000000000000000e+03
6.526000000000000000e+03
1.563700000000000000e+04
1.259100000000000000e+04
1.497400000000000000e+04
8.473000000000000000e+03
1.585200000000000000e+04
1.483400000000000000e+04
1.153300000000000000e+04
1.759300000000000000e+04
9.700000000000000000e+03
1.358800000000000000e+04
5.379000000000000000e+03
2.373000000000000000e+03
8.430000000000000000e+03
8.883000000000000000e+03
5.696000000000000000e+03
5.378000000000000000e+03
8.112000000000000000e+03
1.356400000000000000e+04
7.146000000000000000e+03
1.577000000000000000e+04
1.462800000000000000e+04
1.416600000000000000e+04
1.800900000000000000e+04
2.576000000000000000e+03
7.191000000000000000e+03
5.131000000000000000e+03
1.047500000000000000e+04
1.669200000000000000e+04
3.176000000000000000e+03
9.130000000000000000e+02
1.719600000000000000e+04
1.734000000000000000e+04
1.565500000000000000e+04
4.870000000000000000e+03
1.158000000000000000e+03
1.638800000000000000e+04
3.819000000000000000e+03
1.523800000000000000e+04
1.520000000000000000e+04
2.973000000000000000e+03
5.978000000000000000e+03
8.743000000000000000e+03
1.500200000000000000e+04
1.351000000000000000e+04
1.795400000000000000e+04
1.049400000000000000e+04
1.376700000000000000e+04
1.843500000000000000e+04
1.783800000000000000e+04
6.325000000000000000e+03
6.752000000000000000e+03
1.252100000000000000e+04
8.355000000000000000e+03
1.331500000000000000e+04
1.589400000000000000e+04
1.248900000000000000e+04
1.278000000000000000e+04
1.342800000000000000e+04
2.445000000000000000e+03
5.586000000000000000e+03
8.075000000000000000e+03
8.441000000000000000e+03
1.241600000000000000e+04
1.741200000000000000e+04
8.288000000000000000e+03
1.776500000000000000e+04
1.546200000000000000e+04
1.227200000000000000e+04
3.862000000000000000e+03
1.813000000000000000e+04
1.531000000000000000e+04
1.546900000000000000e+04
1.809000000000000000e+04
9.068000000000000000e+03
1.683700000000000000e+04
3.002000000000000000e+03
1.352500000000000000e+04
1.477300000000000000e+04
1.288500000000000000e+04
1.526000000000000000e+04
1.409100000000000000e+04
4.125000000000000000e+03
6.413000000000000000e+03
1.542900000000000000e+04
1.399100000000000000e+04
9.254000000000000000e+03
1.846800000000000000e+04
1.653000000000000000e+04
7.357000000000000000e+03
4.511000000000000000e+03
8.581000000000000000e+03
1.055800000000000000e+04
7.835000000000000000e+03
7.394000000000000000e+03
8.063000000000000000e+03
1.562100000000000000e+04
1.033100000000000000e+04
1.466300000000000000e+04
3.870000000000000000e+03
1.263400000000000000e+04
1.464600000000000000e+04
1.448200000000000000e+04
4.027000000000000000e+03
1.635000000000000000e+03
1.252000000000000000e+03
1.052200000000000000e+04
2.640000000000000000e+02
4.642000000000000000e+03
1.342000000000000000e+04
1.203600000000000000e+04
1.480900000000000000e+04
3.430000000000000000e+02
1.722400000000000000e+04
1.396000000000000000e+04
1.763100000000000000e+04
4.361000000000000000e+03
5.135000000000000000e+03
1.484900000000000000e+04
1.539100000000000000e+04
