3.360000000000000000e+02
8.100000000000000000e+01
1.302000000000000000e+03
1.637000000000000000e+03
8.790000000000000000e+02
2.825000000000000000e+03
6.630000000000000000e+02
3.154000000000000000e+03
3.970000000000000000e+02
3.354000000000000000e+03
1.157000000000000000e+03
1.012000000000000000e+03
8.530000000000000000e+02
8.840000000000000000e+02
8.350000000000000000e+02
3.430000000000000000e+02
4.508000000000000000e+03
3.628000000000000000e+03
5.378000000000000000e+03
3.922000000000000000e+03
2.251000000000000000e+03
3.176000000000000000e+03
5.894000000000000000e+03
2.886000000000000000e+03
3.333000000000000000e+03
1.049000000000000000e+03
4.579000000000000000e+03
3.576000000000000000e+03
1.158000000000000000e+03
2.420000000000000000e+03
3.878000000000000000e+03
6.400000000000000000e+02
4.870000000000000000e+03
5.322000000000000000e+03
2.445000000000000000e+03
2.941000000000000000e+03
1.312000000000000000e+03
1.919000000000000000e+03
5.051000000000000000e+03
4.412000000000000000e+03
2.973000000000000000e+03
2.698000000000000000e+03
2.120000000000000000e+03
7.416000000000000000e+03
4.511000000000000000e+03
6.620000000000000000e+02
5.978000000000000000e+03
6.254000000000000000e+03
4.818000000000000000e+03
5.289000000000000000e+03
6.980000000000000000e+03
8.966000000000000000e+03
5.496000000000000000e+03
6.047000000000000000e+03
7.172000000000000000e+03
4.125000000000000000e+03
2.991000000000000000e+03
6.638000000000000000e+03
7.185000000000000000e+03
9.341000000000000000e+03
4.190000000000000000e+03
5.360000000000000000e+03
7.146000000000000000e+03
1.466000000000000000e+03
1.252000000000000000e+03
3.688000000000000000e+03
8.608000000000000000e+03
2.576000000000000000e+03
5.025000000000000000e+03
1.635000000000000000e+03
4.445000000000000000e+03
2.664000000000000000e+03
5.379000000000000000e+03
4.015000000000000000e+03
3.963000000000000000e+03
9.031000000000000000e+03
6.646000000000000000e+03
3.218000000000000000e+03
8.288000000000000000e+03
6.657000000000000000e+03
8.355000000000000000e+03
9.199000000000000000e+03
3.844000000000000000e+03
4.999000000000000000e+03
4.976000000000000000e+03
2.388000000000000000e+03
2.983000000000000000e+03
9.254000000000000000e+03
6.091000000000000000e+03
4.690000000000000000e+03
7.675000000000000000e+03
4.248000000000000000e+03
6.979000000000000000e+03
3.701000000000000000e+03
5.091000000000000000e+03
2.906000000000000000e+03
5.233000000000000000e+03
7.274000000000000000e+03
2.919000000000000000e+03
9.057000000000000000e+03
2.617000000000000000e+03
2.960000000000000000e+03
7.000000000000000000e+03
6.498000000000000000e+03
5.190000000000000000e+02
6.622000000000000000e+03
1.769000000000000000e+03
1.568000000000000000e+03
5.285000000000000000e+03
2.675000000000000000e+03
6.873000000000000000e+03
6.216000000000000000e+03
8.204000000000000000e+03
6.395000000000000000e+03
1.320000000000000000e+02
3.870000000000000000e+03
5.286000000000000000e+03
3.117000000000000000e+03
7.033000000000000000e+03
4.027000000000000000e+03
7.993000000000000000e+03
4.361000000000000000e+03
3.946000000000000000e+03
7.680000000000000000e+02
1.263400000000000000e+04
9.611000000000000000e+03
9.635000000000000000e+03
4.877000000000000000e+03
1.428500000000000000e+04
7.526000000000000000e+03
3.549000000000000000e+03
9.428000000000000000e+03
6.569000000000000000e+03
7.555000000000000000e+03
8.556000000000000000e+03
5.043000000000000000e+03
1.219300000000000000e+04
5.756000000000000000e+03
1.779000000000000000e+03
1.993000000000000000e+03
1.016100000000000000e+04
9.067000000000000000e+03
1.166200000000000000e+04
7.417000000000000000e+03
1.049400000000000000e+04
6.413000000000000000e+03
1.058300000000000000e+04
7.249000000000000000e+03
1.122300000000000000e+04
1.237300000000000000e+04
9.700000000000000000e+03
1.556000000000000000e+03
6.115000000000000000e+03
7.073000000000000000e+03
1.003200000000000000e+04
5.586000000000000000e+03
6.658000000000000000e+03
9.898000000000000000e+03
1.125400000000000000e+04
1.080100000000000000e+04
7.695000000000000000e+03
8.581000000000000000e+03
5.145000000000000000e+03
5.874000000000000000e+03
1.396000000000000000e+04
5.107000000000000000e+03
3.637000000000000000e+03
9.111000000000000000e+03
1.006000000000000000e+04
1.078400000000000000e+04
1.011800000000000000e+04
6.414000000000000000e+03
7.855000000000000000e+03
1.181500000000000000e+04
7.357000000000000000e+03
3.387000000000000000e+03
1.226000000000000000e+04
1.043900000000000000e+04
1.559100000000000000e+04
1.067600000000000000e+04
4.205000000000000000e+03
1.878000000000000000e+03
1.186800000000000000e+04
1.399100000000000000e+04
9.042000000000000000e+03
9.272000000000000000e+03
3.521000000000000000e+03
1.170100000000000000e+04
5.050000000000000000e+03
1.172500000000000000e+04
9.670000000000000000e+03
7.439000000000000000e+03
6.066000000000000000e+03
4.048000000000000000e+03
6.650000000000000000e+03
1.227200000000000000e+04
9.765000000000000000e+03
8.599000000000000000e+03
1.493000000000000000e+04
4.666000000000000000e+03
6.090000000000000000e+03
1.527500000000000000e+04
5.135000000000000000e+03
6.907000000000000000e+03
5.884000000000000000e+03
1.251400000000000000e+04
8.992000000000000000e+03
1.057300000000000000e+04
1.336300000000000000e+04
2.443000000000000000e+03
1.480900000000000000e+04
1.591400000000000000e+04
1.236600000000000000e+04
4.888000000000000000e+03
1.025000000000000000e+04
6.856000000000000000e+03
6.280000000000000000e+02
1.236700000000000000e+04
7.348000000000000000e+03
5.327000000000000000e+03
8.276000000000000000e+03
1.697500000000000000e+04
1.238400000000000000e+04
5.693000000000000000e+03
1.238500000000000000e+04
4.651000000000000000e+03
8.535000000000000000e+03
2.730000000000000000e+03
1.426600000000000000e+04
1.416600000000000000e+04
6.855000000000000000e+03
4.502000000000000000e+03
1.462800000000000000e+04
1.424400000000000000e+04
1.235200000000000000e+04
4.718000000000000000e+03
1.119900000000000000e+04
1.259100000000000000e+04
3.360000000000000000e+03
3.372000000000000000e+03
1.444300000000000000e+04
1.409100000000000000e+04
1.342800000000000000e+04
8.670000000000000000e+03
1.483400000000000000e+04
5.918000000000000000e+03
5.613000000000000000e+03
1.381200000000000000e+04
1.565400000000000000e+04
1.588400000000000000e+04
2.356000000000000000e+03
1.452200000000000000e+04
9.836000000000000000e+03
6.854000000000000000e+03
9.068000000000000000e+03
9.776000000000000000e+03
8.008000000000000000e+03
1.658100000000000000e+04
1.363600000000000000e+04
1.316800000000000000e+04
1.457500000000000000e+04
1.109700000000000000e+04
1.531000000000000000e+04
1.546900000000000000e+04
1.448200000000000000e+04
1.253000000000000000e+04
2.043000000000000000e+03
8.626000000000000000e+03
6.031000000000000000e+03
1.178300000000000000e+04
2.760000000000000000e+03
9.880000000000000000e+03
9.024000000000000000e+03
7.273000000000000000e+03
1.131700000000000000e+04
1.647200000000000000e+04
1.653000000000000000e+04
1.608000000000000000e+04
1.215100000000000000e+04
1.464600000000000000e+04
1.046600000000000000e+04
9.040000000000000000e+02
1.568900000000000000e+04
1.523800000000000000e+04
1.134800000000000000e+04
1.329900000000000000e+04
1.736000000000000000e+03
5.197000000000000000e+03
9.370000000000000000e+03
9.213000000000000000e+03
1.542900000000000000e+04
3.815000000000000000e+03
1.699300000000000000e+04
1.484900000000000000e+04
4.042000000000000000e+03
1.116600000000000000e+04
1.565500000000000000e+04
7.886000000000000000e+03
1.479200000000000000e+04
1.723000000000000000e+04
1.222000000000000000e+04
1.037100000000000000e+04
1.701800000000000000e+04
1.358800000000000000e+04
8.430000000000000000e+03
1.304700000000000000e+04
9.623000000000000000e+03
1.355000000000000000e+04
1.393000000000000000e+04
1.683700000000000000e+04
7.086000000000000000e+03
1.004500000000000000e+04
1.453900000000000000e+04
1.498800000000000000e+04
1.577000000000000000e+04
1.488300000000000000e+04
1.650500000000000000e+04
4.370000000000000000e+03
4.346000000000000000e+03
8.664000000000000000e+03
8.557000000000000000e+03
1.289700000000000000e+04
7.854000000000000000e+03
3.623000000000000000e+03
8.373000000000000000e+03
1.184600000000000000e+04
1.120900000000000000e+04
1.562200000000000000e+04
2.431000000000000000e+03
1.098600000000000000e+04
5.489000000000000000e+03
7.381000000000000000e+03
3.934000000000000000e+03
1.589400000000000000e+04
8.708000000000000000e+03
1.814000000000000000e+03
1.456400000000000000e+04
7.898000000000000000e+03
1.707400000000000000e+04
1.527600000000000000e+04
1.289800000000000000e+04
1.014900000000000000e+04
1.115200000000000000e+04
1.546200000000000000e+04
1.181600000000000000e+04
1.520000000000000000e+04
1.593800000000000000e+04
1.469400000000000000e+04
6.116000000000000000e+03
7.551000000000000000e+03
1.024200000000000000e+04
1.401400000000000000e+04
1.741300000000000000e+04
1.722400000000000000e+04
1.048700000000000000e+04
1.995000000000000000e+03
1.289600000000000000e+04
6.686000000000000000e+03
1.638800000000000000e+04
4.790000000000000000e+03
7.415000000000000000e+03
1.185600000000000000e+04
1.411400000000000000e+04
6.401000000000000000e+03
6.851000000000000000e+03
1.539100000000000000e+04
1.848000000000000000e+03
4.072000000000000000e+03
4.135000000000000000e+03
9.271000000000000000e+03
8.228000000000000000e+03
1.814300000000000000e+04
1.583600000000000000e+04
7.940000000000000000e+03
1.147100000000000000e+04
9.353000000000000000e+03
1.618500000000000000e+04
1.567300000000000000e+04
1.450000000000000000e+03
1.870000000000000000e+03
1.331500000000000000e+04
1.448100000000000000e+04
1.558600000000000000e+04
3.608000000000000000e+03
9.043000000000000000e+03
1.543000000000000000e+04
1.641100000000000000e+04
1.284900000000000000e+04
1.827100000000000000e+04
1.831800000000000000e+04
3.804000000000000000e+03
7.147000000000000000e+03
9.508000000000000000e+03
1.399000000000000000e+04
1.357300000000000000e+04
5.962000000000000000e+03
1.114600000000000000e+04
1.626400000000000000e+04
2.785000000000000000e+03
1.374300000000000000e+04
1.084600000000000000e+04
1.469300000000000000e+04
1.585200000000000000e+04
7.736000000000000000e+03
1.029000000000000000e+04
5.423000000000000000e+03
1.809100000000000000e+04
5.184000000000000000e+03
5.866000000000000000e+03
6.449000000000000000e+03
1.259200000000000000e+04
9.543000000000000000e+03
1.263500000000000000e+04
1.525000000000000000e+03
8.768000000000000000e+03
1.783800000000000000e+04
1.266000000000000000e+03
7.817000000000000000e+03
8.064000000000000000e+03
1.368200000000000000e+04
5.572000000000000000e+03
1.452100000000000000e+04
1.795400000000000000e+04
1.824900000000000000e+04
1.809000000000000000e+04
1.773000000000000000e+04
1.482000000000000000e+04
1.412600000000000000e+04
1.500300000000000000e+04
1.500400000000000000e+04
1.276400000000000000e+04
5.019000000000000000e+03
7.643000000000000000e+03
1.683200000000000000e+04
1.770000000000000000e+04
1.763100000000000000e+04
1.628500000000000000e+04
6.906000000000000000e+03
8.111000000000000000e+03
1.042900000000000000e+04
9.376000000000000000e+03
1.469200000000000000e+04
1.547800000000000000e+04
6.780000000000000000e+03
1.743800000000000000e+04
1.525200000000000000e+04
1.325800000000000000e+04
1.517600000000000000e+04
1.848400000000000000e+04
1.722500000000000000e+04
6.716000000000000000e+03
1.843300000000000000e+04
1.047500000000000000e+04
1.430800000000000000e+04
1.776500000000000000e+04
1.112300000000000000e+04
1.082300000000000000e+04
1.835900000000000000e+04
1.476200000000000000e+04
1.781800000000000000e+04
1.713500000000000000e+04
7.110000000000000000e+03
1.419000000000000000e+04
1.085600000000000000e+04
1.073500000000000000e+04
1.840500000000000000e+04
1.210900000000000000e+04
9.499000000000000000e+03
1.441500000000000000e+04
4.149000000000000000e+03
1.659100000000000000e+04
1.029100000000000000e+04
1.156000000000000000e+04
4.446000000000000000e+03
3.862000000000000000e+03
4.318000000000000000e+03
1.350900000000000000e+04
1.376100000000000000e+04
1.657100000000000000e+04
1.109600000000000000e+04
1.844000000000000000e+04
8.743000000000000000e+03
9.053000000000000000e+03
4.121000000000000000e+03
1.249000000000000000e+04
1.405800000000000000e+04
7.552000000000000000e+03
1.600900000000000000e+04
5.266000000000000000e+03
1.218100000000000000e+04
1.675700000000000000e+04
8.985000000000000000e+03
4.691000000000000000e+03
9.719000000000000000e+03
1.362900000000000000e+04
8.792000000000000000e+03
1.304600000000000000e+04
8.979000000000000000e+03
1.555600000000000000e+04
1.212700000000000000e+04
1.846800000000000000e+04
1.392900000000000000e+04
2.519000000000000000e+03
1.830800000000000000e+04
1.563800000000000000e+04
5.626000000000000000e+03
1.218000000000000000e+04
1.804500000000000000e+04
1.203700000000000000e+04
7.402000000000000000e+03
1.400100000000000000e+04
1.321500000000000000e+04
5.880000000000000000e+02
1.368300000000000000e+04
1.176500000000000000e+04
3.504000000000000000e+03
9.287000000000000000e+03
1.139200000000000000e+04
1.672100000000000000e+04
1.754900000000000000e+04
1.519900000000000000e+04
8.592000000000000000e+03
1.301100000000000000e+04
1.139400000000000000e+04
1.688000000000000000e+03
1.400000000000000000e+04
1.507200000000000000e+04
5.516000000000000000e+03
9.922000000000000000e+03
1.532400000000000000e+04
6.741000000000000000e+03
1.179600000000000000e+04
