1.250000000000000000e+02
5.700000000000000000e+01
7.100000000000000000e+01
2.830000000000000000e+02
8.700000000000000000e+01
7.040000000000000000e+02
4.490000000000000000e+02
8.150000000000000000e+02
9.190000000000000000e+02
2.350000000000000000e+02
1.653000000000000000e+03
1.021000000000000000e+03
8.570000000000000000e+02
1.132000000000000000e+03
8.690000000000000000e+02
5.280000000000000000e+02
2.084000000000000000e+03
2.385000000000000000e+03
2.650000000000000000e+02
1.641000000000000000e+03
1.150000000000000000e+03
2.007000000000000000e+03
2.082000000000000000e+03
4.470000000000000000e+02
5.290000000000000000e+02
1.359000000000000000e+03
2.871000000000000000e+03
1.438000000000000000e+03
3.010000000000000000e+02
5.120000000000000000e+02
3.400000000000000000e+01
1.154000000000000000e+03
1.580000000000000000e+03
6.920000000000000000e+02
3.716000000000000000e+03
1.405000000000000000e+03
1.214000000000000000e+03
5.330000000000000000e+02
2.041000000000000000e+03
8.160000000000000000e+02
2.872000000000000000e+03
5.480000000000000000e+02
1.946000000000000000e+03
3.562000000000000000e+03
6.088000000000000000e+03
1.271000000000000000e+03
3.042000000000000000e+03
1.052000000000000000e+03
6.960000000000000000e+02
1.257000000000000000e+03
2.604000000000000000e+03
1.318000000000000000e+03
2.789000000000000000e+03
2.668000000000000000e+03
1.400000000000000000e+01
1.300000000000000000e+03
4.059000000000000000e+03
2.487000000000000000e+03
3.570000000000000000e+02
2.285000000000000000e+03
2.652000000000000000e+03
2.238000000000000000e+03
5.334000000000000000e+03
3.310000000000000000e+03
3.907000000000000000e+03
5.320000000000000000e+03
1.821000000000000000e+03
9.090000000000000000e+02
3.410000000000000000e+02
7.500000000000000000e+02
3.500000000000000000e+01
4.436000000000000000e+03
2.371000000000000000e+03
4.647000000000000000e+03
2.370000000000000000e+02
6.310000000000000000e+02
1.226000000000000000e+03
2.830000000000000000e+03
3.734000000000000000e+03
1.713000000000000000e+03
1.494000000000000000e+03
2.299000000000000000e+03
4.900000000000000000e+01
4.516000000000000000e+03
6.022000000000000000e+03
2.712000000000000000e+03
1.610000000000000000e+02
1.064000000000000000e+03
8.940000000000000000e+02
5.216000000000000000e+03
4.606000000000000000e+03
1.850000000000000000e+02
3.100000000000000000e+01
2.962000000000000000e+03
1.058000000000000000e+03
1.400000000000000000e+02
3.902000000000000000e+03
4.678000000000000000e+03
1.392000000000000000e+03
3.989000000000000000e+03
5.671000000000000000e+03
3.587000000000000000e+03
1.055000000000000000e+03
3.586000000000000000e+03
7.090000000000000000e+02
2.050000000000000000e+03
2.929000000000000000e+03
1.254000000000000000e+03
2.933000000000000000e+03
4.067000000000000000e+03
5.908000000000000000e+03
1.116000000000000000e+03
8.009000000000000000e+03
2.613000000000000000e+03
5.199000000000000000e+03
9.710000000000000000e+02
3.696000000000000000e+03
1.350000000000000000e+02
2.433000000000000000e+03
2.663000000000000000e+03
2.980000000000000000e+03
6.398000000000000000e+03
1.070000000000000000e+02
1.944000000000000000e+03
2.414000000000000000e+03
1.013100000000000000e+04
2.736000000000000000e+03
7.863000000000000000e+03
8.017000000000000000e+03
1.757000000000000000e+03
7.025000000000000000e+03
9.761000000000000000e+03
7.200000000000000000e+02
2.477000000000000000e+03
4.383000000000000000e+03
3.012000000000000000e+03
3.420000000000000000e+02
5.348000000000000000e+03
9.787000000000000000e+03
9.240000000000000000e+02
5.148000000000000000e+03
1.050500000000000000e+04
2.027000000000000000e+03
2.502000000000000000e+03
2.276000000000000000e+03
9.469000000000000000e+03
9.168000000000000000e+03
5.117000000000000000e+03
8.000000000000000000e+01
4.185000000000000000e+03
1.421000000000000000e+03
1.958000000000000000e+03
1.786000000000000000e+03
4.591000000000000000e+03
6.273000000000000000e+03
3.280000000000000000e+03
4.088000000000000000e+03
2.514000000000000000e+03
2.482000000000000000e+03
1.999000000000000000e+03
4.360000000000000000e+03
8.010000000000000000e+03
4.044000000000000000e+03
3.041000000000000000e+03
6.870000000000000000e+02
5.799000000000000000e+03
3.404000000000000000e+03
9.160000000000000000e+02
3.481000000000000000e+03
4.627000000000000000e+03
6.320000000000000000e+03
6.052000000000000000e+03
1.614000000000000000e+03
2.599000000000000000e+03
1.058000000000000000e+04
4.841000000000000000e+03
5.215000000000000000e+03
6.915000000000000000e+03
2.657000000000000000e+03
4.715000000000000000e+03
6.869000000000000000e+03
1.002700000000000000e+04
4.129000000000000000e+03
3.075000000000000000e+03
3.625000000000000000e+03
7.470000000000000000e+03
4.000000000000000000e+02
6.904000000000000000e+03
5.085000000000000000e+03
1.107500000000000000e+04
7.700000000000000000e+03
5.900000000000000000e+03
7.459000000000000000e+03
6.351000000000000000e+03
6.179000000000000000e+03
6.870000000000000000e+03
5.980000000000000000e+02
1.648000000000000000e+03
8.236000000000000000e+03
3.394000000000000000e+03
4.741000000000000000e+03
2.408000000000000000e+03
8.457000000000000000e+03
7.163000000000000000e+03
3.320000000000000000e+02
4.830000000000000000e+03
8.549000000000000000e+03
6.408000000000000000e+03
1.780000000000000000e+03
4.565000000000000000e+03
5.400000000000000000e+02
7.846000000000000000e+03
1.213000000000000000e+03
4.112000000000000000e+03
6.920000000000000000e+03
7.556000000000000000e+03
4.277000000000000000e+03
9.012000000000000000e+03
8.130000000000000000e+03
1.558000000000000000e+03
1.200000000000000000e+02
4.442000000000000000e+03
6.800000000000000000e+03
1.038000000000000000e+03
9.027000000000000000e+03
8.705000000000000000e+03
1.025500000000000000e+04
9.473000000000000000e+03
6.531000000000000000e+03
7.515000000000000000e+03
3.835000000000000000e+03
1.048100000000000000e+04
1.820000000000000000e+03
2.885000000000000000e+03
1.159500000000000000e+04
8.110000000000000000e+02
1.303200000000000000e+04
3.761000000000000000e+03
2.648000000000000000e+03
1.079500000000000000e+04
9.675000000000000000e+03
5.611000000000000000e+03
1.234900000000000000e+04
1.099200000000000000e+04
5.031000000000000000e+03
8.043000000000000000e+03
1.171000000000000000e+04
1.552000000000000000e+03
1.107600000000000000e+04
5.282000000000000000e+03
6.358000000000000000e+03
2.185000000000000000e+03
1.032000000000000000e+04
9.512000000000000000e+03
8.886000000000000000e+03
9.645000000000000000e+03
6.151000000000000000e+03
2.927000000000000000e+03
1.357100000000000000e+04
1.436900000000000000e+04
3.840000000000000000e+02
8.358000000000000000e+03
8.949000000000000000e+03
6.514000000000000000e+03
3.939000000000000000e+03
4.168000000000000000e+03
1.168000000000000000e+04
1.195900000000000000e+04
1.110600000000000000e+04
1.211500000000000000e+04
3.452000000000000000e+03
4.882000000000000000e+03
4.912000000000000000e+03
8.622000000000000000e+03
1.140200000000000000e+04
1.429300000000000000e+04
8.785000000000000000e+03
4.685000000000000000e+03
1.034200000000000000e+04
2.458000000000000000e+03
5.449000000000000000e+03
8.174000000000000000e+03
5.450000000000000000e+03
7.291000000000000000e+03
3.064000000000000000e+03
1.056200000000000000e+04
2.060000000000000000e+03
1.261000000000000000e+04
5.032000000000000000e+03
1.600000000000000000e+03
4.899000000000000000e+03
9.311000000000000000e+03
2.210000000000000000e+03
1.035000000000000000e+03
7.797000000000000000e+03
9.293000000000000000e+03
7.548000000000000000e+03
1.376800000000000000e+04
5.546000000000000000e+03
1.812000000000000000e+03
5.127000000000000000e+03
4.070000000000000000e+02
1.181100000000000000e+04
4.845000000000000000e+03
1.783000000000000000e+03
8.610000000000000000e+03
6.425000000000000000e+03
1.735000000000000000e+03
5.663000000000000000e+03
1.563200000000000000e+04
5.710000000000000000e+02
1.020500000000000000e+04
1.362000000000000000e+03
9.536000000000000000e+03
4.263000000000000000e+03
1.550100000000000000e+04
8.422000000000000000e+03
5.931000000000000000e+03
7.995000000000000000e+03
1.265900000000000000e+04
1.716000000000000000e+03
1.080500000000000000e+04
3.600000000000000000e+03
1.176100000000000000e+04
1.408300000000000000e+04
5.680000000000000000e+02
7.789000000000000000e+03
1.589500000000000000e+04
1.557900000000000000e+04
1.363000000000000000e+04
1.496500000000000000e+04
2.820000000000000000e+03
1.406800000000000000e+04
2.357000000000000000e+03
7.970000000000000000e+03
7.651000000000000000e+03
1.443700000000000000e+04
7.728000000000000000e+03
2.660000000000000000e+02
8.330000000000000000e+02
1.522000000000000000e+03
1.246800000000000000e+04
8.120000000000000000e+03
1.407100000000000000e+04
2.653000000000000000e+03
6.586000000000000000e+03
1.907000000000000000e+03
2.670000000000000000e+02
2.559000000000000000e+03
1.519200000000000000e+04
1.240600000000000000e+04
9.300000000000000000e+03
9.070000000000000000e+02
9.724000000000000000e+03
1.357000000000000000e+04
3.282000000000000000e+03
1.425500000000000000e+04
1.376900000000000000e+04
1.366400000000000000e+04
5.984000000000000000e+03
2.448000000000000000e+03
5.472000000000000000e+03
1.580800000000000000e+04
3.651000000000000000e+03
5.655000000000000000e+03
6.826000000000000000e+03
3.981000000000000000e+03
7.390000000000000000e+02
3.859000000000000000e+03
3.995000000000000000e+03
1.633700000000000000e+04
1.331700000000000000e+04
7.851000000000000000e+03
5.014000000000000000e+03
1.050600000000000000e+04
2.296000000000000000e+03
1.066200000000000000e+04
1.473300000000000000e+04
1.102200000000000000e+04
8.937000000000000000e+03
4.194000000000000000e+03
1.183900000000000000e+04
4.366000000000000000e+03
1.019400000000000000e+04
1.535800000000000000e+04
9.818000000000000000e+03
1.665600000000000000e+04
8.554000000000000000e+03
1.173200000000000000e+04
1.470300000000000000e+04
1.156000000000000000e+03
9.120000000000000000e+02
2.138000000000000000e+03
1.679400000000000000e+04
7.944000000000000000e+03
6.936000000000000000e+03
8.732000000000000000e+03
1.645000000000000000e+03
1.587200000000000000e+04
1.299700000000000000e+04
2.715000000000000000e+03
1.108000000000000000e+03
1.416000000000000000e+04
7.450000000000000000e+02
1.636600000000000000e+04
1.402400000000000000e+04
1.157500000000000000e+04
3.193000000000000000e+03
9.000000000000000000e+02
1.020000000000000000e+03
8.541000000000000000e+03
1.220200000000000000e+04
7.366000000000000000e+03
7.263000000000000000e+03
8.280000000000000000e+03
4.569000000000000000e+03
6.063000000000000000e+03
1.128500000000000000e+04
4.721000000000000000e+03
1.566100000000000000e+04
1.166500000000000000e+04
1.743000000000000000e+04
1.808100000000000000e+04
4.174000000000000000e+03
9.019000000000000000e+03
2.422000000000000000e+03
1.005200000000000000e+04
8.586000000000000000e+03
1.070000000000000000e+04
8.553000000000000000e+03
3.185000000000000000e+03
1.120200000000000000e+04
2.103000000000000000e+03
2.467000000000000000e+03
8.893000000000000000e+03
8.797000000000000000e+03
1.720800000000000000e+04
2.465000000000000000e+03
1.079000000000000000e+03
5.154000000000000000e+03
1.617600000000000000e+04
1.434300000000000000e+04
1.668200000000000000e+04
1.726000000000000000e+04
2.669000000000000000e+03
3.233000000000000000e+03
7.954000000000000000e+03
8.042000000000000000e+03
1.608300000000000000e+04
6.693000000000000000e+03
1.427600000000000000e+04
1.868000000000000000e+03
1.551600000000000000e+04
1.038500000000000000e+04
2.950000000000000000e+03
1.607100000000000000e+04
1.370000000000000000e+02
5.563000000000000000e+03
1.427700000000000000e+04
1.835400000000000000e+04
1.373800000000000000e+04
2.463000000000000000e+03
1.160900000000000000e+04
2.787000000000000000e+03
4.949000000000000000e+03
1.700000000000000000e+03
2.894000000000000000e+03
1.431400000000000000e+04
1.762400000000000000e+04
1.223000000000000000e+03
1.822900000000000000e+04
1.502700000000000000e+04
1.676400000000000000e+04
1.490800000000000000e+04
1.460500000000000000e+04
1.801700000000000000e+04
1.592000000000000000e+04
1.203000000000000000e+04
1.333000000000000000e+03
4.617000000000000000e+03
3.467000000000000000e+03
4.781000000000000000e+03
1.048200000000000000e+04
1.026000000000000000e+03
6.860000000000000000e+02
1.448000000000000000e+03
4.210000000000000000e+03
5.026000000000000000e+03
1.176200000000000000e+04
6.069000000000000000e+03
3.813000000000000000e+03
1.346700000000000000e+04
6.027000000000000000e+03
1.545200000000000000e+04
7.533000000000000000e+03
1.399500000000000000e+04
4.354000000000000000e+03
2.703000000000000000e+03
6.420000000000000000e+02
1.146300000000000000e+04
1.787800000000000000e+04
9.495000000000000000e+03
7.037000000000000000e+03
1.020600000000000000e+04
1.192700000000000000e+04
5.584000000000000000e+03
5.674000000000000000e+03
1.076200000000000000e+04
1.668100000000000000e+04
9.714000000000000000e+03
1.831200000000000000e+04
1.740300000000000000e+04
7.979000000000000000e+03
1.098000000000000000e+04
2.015000000000000000e+03
6.026000000000000000e+03
8.972000000000000000e+03
3.272000000000000000e+03
1.487500000000000000e+04
1.784100000000000000e+04
1.827600000000000000e+04
7.912000000000000000e+03
1.840800000000000000e+04
6.932000000000000000e+03
1.481400000000000000e+04
4.798000000000000000e+03
1.916000000000000000e+03
1.077200000000000000e+04
1.380600000000000000e+04
1.028100000000000000e+04
1.644900000000000000e+04
8.704000000000000000e+03
1.663000000000000000e+03
1.250300000000000000e+04
1.810000000000000000e+04
1.820500000000000000e+04
1.468300000000000000e+04
3.482000000000000000e+03
1.643100000000000000e+04
6.702000000000000000e+03
7.953000000000000000e+03
1.702800000000000000e+04
6.187000000000000000e+03
1.805000000000000000e+04
5.381000000000000000e+03
7.077000000000000000e+03
9.902000000000000000e+03
4.459000000000000000e+03
1.653800000000000000e+04
3.180000000000000000e+02
1.051400000000000000e+04
1.796000000000000000e+04
1.237800000000000000e+04
1.237000000000000000e+04
9.474000000000000000e+03
1.814900000000000000e+04
