1.320000000000000000e+02
1.450000000000000000e+03
1.525000000000000000e+03
3.970000000000000000e+02
1.466000000000000000e+03
5.190000000000000000e+02
1.158000000000000000e+03
3.430000000000000000e+02
1.814000000000000000e+03
5.820000000000000000e+02
1.635000000000000000e+03
1.904000000000000000e+03
1.252000000000000000e+03
3.360000000000000000e+02
1.736000000000000000e+03
4.446000000000000000e+03
2.356000000000000000e+03
4.370000000000000000e+03
3.241000000000000000e+03
1.556000000000000000e+03
4.639000000000000000e+03
9.040000000000000000e+02
3.608000000000000000e+03
3.704000000000000000e+03
1.870000000000000000e+03
2.576000000000000000e+03
2.457000000000000000e+03
5.521000000000000000e+03
1.137000000000000000e+03
2.474000000000000000e+03
2.090000000000000000e+03
6.136000000000000000e+03
6.906000000000000000e+03
4.691000000000000000e+03
3.879000000000000000e+03
5.516000000000000000e+03
6.449000000000000000e+03
3.278000000000000000e+03
3.387000000000000000e+03
4.048000000000000000e+03
9.520000000000000000e+02
5.880000000000000000e+02
8.340000000000000000e+02
5.396000000000000000e+03
2.431000000000000000e+03
5.266000000000000000e+03
4.790000000000000000e+03
4.149000000000000000e+03
2.960000000000000000e+03
5.267000000000000000e+03
6.401000000000000000e+03
3.870000000000000000e+03
5.257000000000000000e+03
3.036000000000000000e+03
4.580000000000000000e+03
7.909000000000000000e+03
6.280000000000000000e+02
6.100000000000000000e+03
7.680000000000000000e+02
5.866000000000000000e+03
4.651000000000000000e+03
8.158000000000000000e+03
2.617000000000000000e+03
6.116000000000000000e+03
3.218000000000000000e+03
5.135000000000000000e+03
9.421000000000000000e+03
8.530000000000000000e+02
7.448000000000000000e+03
5.107000000000000000e+03
6.780000000000000000e+03
7.779000000000000000e+03
8.006000000000000000e+03
6.741000000000000000e+03
2.886000000000000000e+03
2.067000000000000000e+03
1.072000000000000000e+03
5.693000000000000000e+03
4.027000000000000000e+03
2.519000000000000000e+03
6.060000000000000000e+03
4.888000000000000000e+03
8.100000000000000000e+01
2.991000000000000000e+03
8.600000000000000000e+03
1.993000000000000000e+03
6.712000000000000000e+03
7.898000000000000000e+03
5.122000000000000000e+03
4.361000000000000000e+03
7.335000000000000000e+03
6.851000000000000000e+03
2.079000000000000000e+03
7.976000000000000000e+03
8.308000000000000000e+03
7.402000000000000000e+03
6.973000000000000000e+03
9.429000000000000000e+03
6.650000000000000000e+03
7.723000000000000000e+03
1.003700000000000000e+04
1.302000000000000000e+03
1.176400000000000000e+04
4.511000000000000000e+03
5.561000000000000000e+03
6.856000000000000000e+03
3.804000000000000000e+03
3.900000000000000000e+02
1.184700000000000000e+04
9.153000000000000000e+03
9.459000000000000000e+03
2.369000000000000000e+03
2.445000000000000000e+03
7.736000000000000000e+03
7.940000000000000000e+03
6.137000000000000000e+03
3.844000000000000000e+03
6.855000000000000000e+03
3.946000000000000000e+03
1.197400000000000000e+04
7.712000000000000000e+03
6.090000000000000000e+03
8.985000000000000000e+03
9.043000000000000000e+03
8.933000000000000000e+03
6.630000000000000000e+02
8.410000000000000000e+03
9.719000000000000000e+03
4.874000000000000000e+03
1.919000000000000000e+03
1.345200000000000000e+04
6.854000000000000000e+03
5.044000000000000000e+03
7.409000000000000000e+03
5.184000000000000000e+03
1.008900000000000000e+04
9.230000000000000000e+03
4.015000000000000000e+03
9.922000000000000000e+03
8.967000000000000000e+03
8.768000000000000000e+03
1.076900000000000000e+04
5.918000000000000000e+03
5.756000000000000000e+03
1.243000000000000000e+04
1.236800000000000000e+04
9.522000000000000000e+03
6.355000000000000000e+03
1.194300000000000000e+04
8.313000000000000000e+03
8.968000000000000000e+03
5.285000000000000000e+03
9.543000000000000000e+03
8.551000000000000000e+03
1.150200000000000000e+04
5.586000000000000000e+03
6.395000000000000000e+03
1.211000000000000000e+04
5.453000000000000000e+03
6.716000000000000000e+03
8.557000000000000000e+03
6.658000000000000000e+03
1.448300000000000000e+04
4.434000000000000000e+03
1.020000000000000000e+04
6.555000000000000000e+03
2.973000000000000000e+03
1.069600000000000000e+04
4.644000000000000000e+03
2.389000000000000000e+03
1.049000000000000000e+03
7.357000000000000000e+03
1.482100000000000000e+04
1.347700000000000000e+04
3.176000000000000000e+03
5.353000000000000000e+03
1.244200000000000000e+04
1.019900000000000000e+04
8.823000000000000000e+03
2.698000000000000000e+03
9.766000000000000000e+03
5.496000000000000000e+03
1.048600000000000000e+04
9.266000000000000000e+03
7.147000000000000000e+03
1.325800000000000000e+04
9.465000000000000000e+03
1.232600000000000000e+04
1.166300000000000000e+04
1.000100000000000000e+04
1.343000000000000000e+04
9.213000000000000000e+03
2.906000000000000000e+03
1.113800000000000000e+04
1.342900000000000000e+04
1.029000000000000000e+04
2.312000000000000000e+03
1.387700000000000000e+04
6.171000000000000000e+03
1.437500000000000000e+04
1.258300000000000000e+04
1.082300000000000000e+04
1.583700000000000000e+04
1.412700000000000000e+04
6.224000000000000000e+03
1.320100000000000000e+04
1.098600000000000000e+04
1.233900000000000000e+04
1.093400000000000000e+04
1.155000000000000000e+04
1.070500000000000000e+04
1.199600000000000000e+04
2.043000000000000000e+03
1.404500000000000000e+04
9.024000000000000000e+03
1.170200000000000000e+04
1.193500000000000000e+04
4.390000000000000000e+03
1.208600000000000000e+04
1.289900000000000000e+04
8.670000000000000000e+03
1.253800000000000000e+04
4.917000000000000000e+03
1.063400000000000000e+04
3.719000000000000000e+03
9.880000000000000000e+03
9.042000000000000000e+03
1.176500000000000000e+04
1.078500000000000000e+04
6.907000000000000000e+03
1.403600000000000000e+04
6.413000000000000000e+03
7.899000000000000000e+03
5.019000000000000000e+03
6.216000000000000000e+03
1.684600000000000000e+04
4.818000000000000000e+03
5.626000000000000000e+03
1.401500000000000000e+04
1.533900000000000000e+04
1.513500000000000000e+04
9.571000000000000000e+03
7.886000000000000000e+03
1.495700000000000000e+04
1.493100000000000000e+04
1.422600000000000000e+04
1.120900000000000000e+04
1.481000000000000000e+04
1.253100000000000000e+04
1.212800000000000000e+04
5.043000000000000000e+03
1.024200000000000000e+04
4.125000000000000000e+03
6.115000000000000000e+03
6.066000000000000000e+03
1.128100000000000000e+04
1.022300000000000000e+04
1.553300000000000000e+04
1.027600000000000000e+04
1.313800000000000000e+04
9.757000000000000000e+03
1.222100000000000000e+04
1.134900000000000000e+04
1.421300000000000000e+04
1.699400000000000000e+04
7.960000000000000000e+02
9.068000000000000000e+03
9.499000000000000000e+03
1.247600000000000000e+04
1.325700000000000000e+04
1.139400000000000000e+04
1.688000000000000000e+03
1.328400000000000000e+04
1.368300000000000000e+04
1.029100000000000000e+04
1.342100000000000000e+04
1.562300000000000000e+04
1.203700000000000000e+04
1.048700000000000000e+04
1.472300000000000000e+04
1.054800000000000000e+04
7.854000000000000000e+03
9.031000000000000000e+03
1.198100000000000000e+04
9.758000000000000000e+03
1.055800000000000000e+04
1.503700000000000000e+04
1.417600000000000000e+04
1.724000000000000000e+04
1.391300000000000000e+04
3.533000000000000000e+03
1.087800000000000000e+04
7.249000000000000000e+03
4.543000000000000000e+03
4.489000000000000000e+03
6.569000000000000000e+03
1.011800000000000000e+04
5.379000000000000000e+03
1.673500000000000000e+04
1.697600000000000000e+04
8.064000000000000000e+03
3.963000000000000000e+03
1.112400000000000000e+04
1.276400000000000000e+04
1.547900000000000000e+04
9.988000000000000000e+03
5.978000000000000000e+03
1.522300000000000000e+04
8.296000000000000000e+03
1.966000000000000000e+03
1.074600000000000000e+04
1.620600000000000000e+04
6.458000000000000000e+03
9.617000000000000000e+03
9.179000000000000000e+03
9.670000000000000000e+03
1.218100000000000000e+04
1.647300000000000000e+04
7.866000000000000000e+03
9.464000000000000000e+03
7.198000000000000000e+03
1.109700000000000000e+04
1.649100000000000000e+04
1.081100000000000000e+04
1.282000000000000000e+04
3.848000000000000000e+03
8.581000000000000000e+03
6.304000000000000000e+03
3.354000000000000000e+03
1.515300000000000000e+04
8.820000000000000000e+02
1.601900000000000000e+04
4.205000000000000000e+03
4.666000000000000000e+03
8.204000000000000000e+03
1.400000000000000000e+04
1.156000000000000000e+04
1.661300000000000000e+04
1.569000000000000000e+04
1.321500000000000000e+04
7.417000000000000000e+03
1.358900000000000000e+04
1.603400000000000000e+04
1.446300000000000000e+04
8.954000000000000000e+03
1.077000000000000000e+03
1.758200000000000000e+04
1.684700000000000000e+04
1.437600000000000000e+04
1.362900000000000000e+04
1.210900000000000000e+04
1.398000000000000000e+04
1.795500000000000000e+04
7.051000000000000000e+03
1.647400000000000000e+04
3.422000000000000000e+03
1.374500000000000000e+04
8.708000000000000000e+03
6.622000000000000000e+03
9.776000000000000000e+03
1.402800000000000000e+04
1.761200000000000000e+04
5.383000000000000000e+03
9.058000000000000000e+03
1.675700000000000000e+04
1.588500000000000000e+04
1.144300000000000000e+04
1.539100000000000000e+04
8.790000000000000000e+02
4.445000000000000000e+03
1.124200000000000000e+04
7.997000000000000000e+03
1.238400000000000000e+04
1.259200000000000000e+04
1.577100000000000000e+04
6.091000000000000000e+03
1.280400000000000000e+04
2.126000000000000000e+03
7.659000000000000000e+03
5.345000000000000000e+03
1.433100000000000000e+04
2.388000000000000000e+03
1.722500000000000000e+04
7.074000000000000000e+03
1.263500000000000000e+04
1.709300000000000000e+04
1.466400000000000000e+04
8.896000000000000000e+03
1.532500000000000000e+04
8.769000000000000000e+03
1.218000000000000000e+04
1.723900000000000000e+04
1.684800000000000000e+04
6.646000000000000000e+03
4.248000000000000000e+03
6.295000000000000000e+03
1.746400000000000000e+04
1.194000000000000000e+03
7.887000000000000000e+03
5.208000000000000000e+03
2.825000000000000000e+03
1.500400000000000000e+04
7.695000000000000000e+03
1.704000000000000000e+04
1.391400000000000000e+04
5.234000000000000000e+03
1.811200000000000000e+04
7.993000000000000000e+03
1.078400000000000000e+04
1.422500000000000000e+04
1.774400000000000000e+04
1.682100000000000000e+04
1.134800000000000000e+04
1.235200000000000000e+04
1.538400000000000000e+04
1.532400000000000000e+04
1.525200000000000000e+04
4.870000000000000000e+03
1.058300000000000000e+04
1.412600000000000000e+04
1.727300000000000000e+04
1.778600000000000000e+04
1.691500000000000000e+04
1.105600000000000000e+04
3.006000000000000000e+03
8.599000000000000000e+03
1.563800000000000000e+04
6.414000000000000000e+03
1.033700000000000000e+04
1.784900000000000000e+04
1.211100000000000000e+04
6.590000000000000000e+03
1.491400000000000000e+04
1.342300000000000000e+04
6.254000000000000000e+03
1.783000000000000000e+04
1.550900000000000000e+04
1.675800000000000000e+04
1.594000000000000000e+04
3.628000000000000000e+03
1.583500000000000000e+04
7.000000000000000000e+03
1.809200000000000000e+04
1.802600000000000000e+04
1.569100000000000000e+04
1.673600000000000000e+04
1.707500000000000000e+04
1.601000000000000000e+04
1.244300000000000000e+04
1.559900000000000000e+04
1.507200000000000000e+04
1.628500000000000000e+04
1.609300000000000000e+04
1.479300000000000000e+04
1.730800000000000000e+04
1.536700000000000000e+04
1.833000000000000000e+04
1.229200000000000000e+04
2.251000000000000000e+03
1.303800000000000000e+04
5.454000000000000000e+03
1.351100000000000000e+04
1.507300000000000000e+04
1.685600000000000000e+04
1.543000000000000000e+04
1.624800000000000000e+04
1.781900000000000000e+04
1.439000000000000000e+04
9.678000000000000000e+03
7.056000000000000000e+03
1.548000000000000000e+04
9.355000000000000000e+03
1.039700000000000000e+04
4.346000000000000000e+03
7.146000000000000000e+03
6.541000000000000000e+03
1.280500000000000000e+04
1.719700000000000000e+04
1.387800000000000000e+04
1.820000000000000000e+04
1.371500000000000000e+04
7.411000000000000000e+03
7.033000000000000000e+03
1.500300000000000000e+04
9.700000000000000000e+03
6.638000000000000000e+03
1.479200000000000000e+04
7.526000000000000000e+03
1.166900000000000000e+04
1.116700000000000000e+04
1.424600000000000000e+04
8.759000000000000000e+03
1.045000000000000000e+04
9.486000000000000000e+03
7.713000000000000000e+03
1.105700000000000000e+04
4.545000000000000000e+03
1.732900000000000000e+04
3.117000000000000000e+03
1.562200000000000000e+04
1.577200000000000000e+04
7.933000000000000000e+03
7.600000000000000000e+03
1.534000000000000000e+04
1.801000000000000000e+04
1.113900000000000000e+04
1.236900000000000000e+04
1.189100000000000000e+04
2.530000000000000000e+03
1.547800000000000000e+04
8.355000000000000000e+03
1.400100000000000000e+04
5.091000000000000000e+03
1.791900000000000000e+04
1.527600000000000000e+04
1.711900000000000000e+04
1.399200000000000000e+04
1.670600000000000000e+04
3.994000000000000000e+03
1.161400000000000000e+04
1.841500000000000000e+04
1.461300000000000000e+04
1.437700000000000000e+04
