8.340000000000000000e+02
1.320000000000000000e+02
1.137000000000000000e+03
1.904000000000000000e+03
5.820000000000000000e+02
5.190000000000000000e+02
3.430000000000000000e+02
2.090000000000000000e+03
5.044000000000000000e+03
1.870000000000000000e+03
9.040000000000000000e+02
3.970000000000000000e+02
1.418000000000000000e+03
2.519000000000000000e+03
2.079000000000000000e+03
4.543000000000000000e+03
1.072000000000000000e+03
2.369000000000000000e+03
1.736000000000000000e+03
3.006000000000000000e+03
2.431000000000000000e+03
2.312000000000000000e+03
6.280000000000000000e+02
3.719000000000000000e+03
8.820000000000000000e+02
3.241000000000000000e+03
1.688000000000000000e+03
3.036000000000000000e+03
2.067000000000000000e+03
5.383000000000000000e+03
4.149000000000000000e+03
1.525000000000000000e+03
2.457000000000000000e+03
9.520000000000000000e+02
7.960000000000000000e+02
1.077000000000000000e+03
7.600000000000000000e+03
3.704000000000000000e+03
5.880000000000000000e+02
1.194000000000000000e+03
5.208000000000000000e+03
5.353000000000000000e+03
6.137000000000000000e+03
6.555000000000000000e+03
6.712000000000000000e+03
1.450000000000000000e+03
5.396000000000000000e+03
3.278000000000000000e+03
2.474000000000000000e+03
4.580000000000000000e+03
3.994000000000000000e+03
7.680000000000000000e+02
1.252000000000000000e+03
5.266000000000000000e+03
4.874000000000000000e+03
4.644000000000000000e+03
3.900000000000000000e+02
7.198000000000000000e+03
5.561000000000000000e+03
9.464000000000000000e+03
7.976000000000000000e+03
3.844000000000000000e+03
7.051000000000000000e+03
1.669000000000000000e+03
4.281000000000000000e+03
3.608000000000000000e+03
7.335000000000000000e+03
4.115000000000000000e+03
6.355000000000000000e+03
5.582000000000000000e+03
1.993000000000000000e+03
5.257000000000000000e+03
7.448000000000000000e+03
5.267000000000000000e+03
3.879000000000000000e+03
7.866000000000000000e+03
6.851000000000000000e+03
5.424000000000000000e+03
4.446000000000000000e+03
6.541000000000000000e+03
6.304000000000000000e+03
1.814000000000000000e+03
4.114000000000000000e+03
9.486000000000000000e+03
4.434000000000000000e+03
5.122000000000000000e+03
7.411000000000000000e+03
1.635000000000000000e+03
9.058000000000000000e+03
8.769000000000000000e+03
8.296000000000000000e+03
3.422000000000000000e+03
6.458000000000000000e+03
1.166900000000000000e+04
3.218000000000000000e+03
8.313000000000000000e+03
3.848000000000000000e+03
5.453000000000000000e+03
5.345000000000000000e+03
5.516000000000000000e+03
6.741000000000000000e+03
7.074000000000000000e+03
8.308000000000000000e+03
1.074600000000000000e+04
2.389000000000000000e+03
1.236900000000000000e+04
4.639000000000000000e+03
9.649000000000000000e+03
4.489000000000000000e+03
4.545000000000000000e+03
9.499000000000000000e+03
4.691000000000000000e+03
9.465000000000000000e+03
9.757000000000000000e+03
2.356000000000000000e+03
5.626000000000000000e+03
8.896000000000000000e+03
3.533000000000000000e+03
6.136000000000000000e+03
1.124200000000000000e+04
6.171000000000000000e+03
8.322000000000000000e+03
1.161400000000000000e+04
5.497000000000000000e+03
4.625000000000000000e+03
9.617000000000000000e+03
5.234000000000000000e+03
5.521000000000000000e+03
8.410000000000000000e+03
7.933000000000000000e+03
6.854000000000000000e+03
6.060000000000000000e+03
4.661000000000000000e+03
7.712000000000000000e+03
9.179000000000000000e+03
7.779000000000000000e+03
9.153000000000000000e+03
4.390000000000000000e+03
4.305000000000000000e+03
9.988000000000000000e+03
1.440300000000000000e+04
8.823000000000000000e+03
8.551000000000000000e+03
6.224000000000000000e+03
1.556000000000000000e+03
1.113900000000000000e+04
9.429000000000000000e+03
1.063400000000000000e+04
7.997000000000000000e+03
7.958000000000000000e+03
8.954000000000000000e+03
3.887000000000000000e+03
1.022300000000000000e+04
1.000100000000000000e+04
6.295000000000000000e+03
9.571000000000000000e+03
1.078500000000000000e+04
1.292000000000000000e+04
1.134900000000000000e+04
1.731000000000000000e+03
2.445000000000000000e+03
6.716000000000000000e+03
4.790000000000000000e+03
1.539600000000000000e+04
2.991000000000000000e+03
3.804000000000000000e+03
5.184000000000000000e+03
1.280400000000000000e+04
8.600000000000000000e+03
7.899000000000000000e+03
1.087800000000000000e+04
1.966000000000000000e+03
1.105600000000000000e+04
7.659000000000000000e+03
1.193500000000000000e+04
8.967000000000000000e+03
1.282000000000000000e+04
8.158000000000000000e+03
9.766000000000000000e+03
1.379000000000000000e+04
9.522000000000000000e+03
6.857000000000000000e+03
5.918000000000000000e+03
1.244300000000000000e+04
4.027000000000000000e+03
1.076900000000000000e+04
1.214100000000000000e+04
6.973000000000000000e+03
1.093500000000000000e+04
1.039700000000000000e+04
5.866000000000000000e+03
1.439000000000000000e+04
1.189100000000000000e+04
3.963000000000000000e+03
1.081100000000000000e+04
5.560000000000000000e+03
9.678000000000000000e+03
9.758000000000000000e+03
5.693000000000000000e+03
1.255900000000000000e+04
1.155000000000000000e+04
1.144300000000000000e+04
5.052000000000000000e+03
1.387800000000000000e+04
7.713000000000000000e+03
4.651000000000000000e+03
1.212800000000000000e+04
1.120900000000000000e+04
1.139400000000000000e+04
2.126000000000000000e+03
1.170200000000000000e+04
1.536700000000000000e+04
8.599000000000000000e+03
1.113800000000000000e+04
1.588600000000000000e+04
1.285000000000000000e+04
5.043000000000000000e+03
6.401000000000000000e+03
6.590000000000000000e+03
1.055800000000000000e+04
7.887000000000000000e+03
1.093400000000000000e+04
1.507300000000000000e+04
1.320100000000000000e+04
1.070500000000000000e+04
1.289900000000000000e+04
1.433100000000000000e+04
5.443000000000000000e+03
1.303800000000000000e+04
6.436000000000000000e+03
6.855000000000000000e+03
1.208600000000000000e+04
1.446300000000000000e+04
1.280500000000000000e+04
1.040300000000000000e+04
4.917000000000000000e+03
1.817000000000000000e+03
5.586000000000000000e+03
1.437700000000000000e+04
8.238000000000000000e+03
9.230000000000000000e+03
1.550900000000000000e+04
1.313900000000000000e+04
1.167600000000000000e+04
3.387000000000000000e+03
1.170300000000000000e+04
9.421000000000000000e+03
1.342300000000000000e+04
6.254000000000000000e+03
7.409000000000000000e+03
1.569100000000000000e+04
1.198100000000000000e+04
1.479300000000000000e+04
6.100000000000000000e+03
1.257900000000000000e+04
1.491400000000000000e+04
1.236800000000000000e+04
1.253100000000000000e+04
2.306000000000000000e+03
1.320200000000000000e+04
1.024200000000000000e+04
7.736000000000000000e+03
1.358900000000000000e+04
1.534000000000000000e+04
4.888000000000000000e+03
1.417600000000000000e+04
7.723000000000000000e+03
1.429900000000000000e+04
1.370400000000000000e+04
1.379800000000000000e+04
1.607000000000000000e+03
8.201000000000000000e+03
2.617000000000000000e+03
1.128100000000000000e+04
1.458800000000000000e+04
9.354000000000000000e+03
1.045000000000000000e+04
1.730800000000000000e+04
1.770100000000000000e+04
2.727000000000000000e+03
2.960000000000000000e+03
1.232600000000000000e+04
1.325700000000000000e+04
1.342100000000000000e+04
1.498900000000000000e+04
1.697700000000000000e+04
9.508000000000000000e+03
1.235300000000000000e+04
9.922000000000000000e+03
1.532500000000000000e+04
1.391300000000000000e+04
1.155100000000000000e+04
1.150200000000000000e+04
8.581000000000000000e+03
8.774000000000000000e+03
1.048600000000000000e+04
9.266000000000000000e+03
1.253800000000000000e+04
1.343000000000000000e+04
7.836000000000000000e+03
3.870000000000000000e+03
1.158000000000000000e+03
1.027600000000000000e+04
5.107000000000000000e+03
1.211000000000000000e+04
1.122400000000000000e+04
1.687400000000000000e+04
1.082300000000000000e+04
1.112400000000000000e+04
1.446400000000000000e+04
1.461300000000000000e+04
4.021000000000000000e+03
1.246600000000000000e+04
7.249000000000000000e+03
4.048000000000000000e+03
8.006000000000000000e+03
1.661400000000000000e+04
1.792000000000000000e+04
1.280700000000000000e+04
1.081200000000000000e+04
8.933000000000000000e+03
6.906000000000000000e+03
1.249100000000000000e+04
7.605000000000000000e+03
9.684000000000000000e+03
1.422600000000000000e+04
1.495700000000000000e+04
1.483500000000000000e+04
1.399200000000000000e+04
1.670600000000000000e+04
1.029200000000000000e+04
2.906000000000000000e+03
1.222100000000000000e+04
1.466400000000000000e+04
1.387700000000000000e+04
1.574400000000000000e+04
8.824000000000000000e+03
7.886000000000000000e+03
1.069600000000000000e+04
7.940000000000000000e+03
8.522000000000000000e+03
1.693600000000000000e+04
1.555700000000000000e+04
1.362300000000000000e+04
1.515300000000000000e+04
1.675800000000000000e+04
8.968000000000000000e+03
1.424600000000000000e+04
1.437600000000000000e+04
1.337000000000000000e+04
1.049000000000000000e+03
1.481000000000000000e+04
1.374500000000000000e+04
1.229200000000000000e+04
5.454000000000000000e+03
5.273000000000000000e+03
9.953000000000000000e+03
1.674600000000000000e+04
2.043000000000000000e+03
9.612000000000000000e+03
1.054800000000000000e+04
1.194300000000000000e+04
1.421300000000000000e+04
1.291100000000000000e+04
1.548000000000000000e+04
7.854000000000000000e+03
2.388000000000000000e+03
1.020000000000000000e+04
6.449000000000000000e+03
7.909000000000000000e+03
1.585300000000000000e+04
1.106000000000000000e+03
1.104100000000000000e+04
1.527700000000000000e+04
1.836000000000000000e+03
1.503800000000000000e+04
1.342200000000000000e+04
1.006900000000000000e+04
1.003800000000000000e+04
1.719700000000000000e+04
1.742700000000000000e+04
9.670000000000000000e+03
1.116700000000000000e+04
1.258300000000000000e+04
1.601000000000000000e+04
1.569200000000000000e+04
1.054700000000000000e+04
1.593900000000000000e+04
1.594000000000000000e+04
1.351100000000000000e+04
1.403600000000000000e+04
1.601900000000000000e+04
9.880000000000000000e+03
2.576000000000000000e+03
1.522300000000000000e+04
1.391400000000000000e+04
8.068000000000000000e+03
7.056000000000000000e+03
8.759000000000000000e+03
1.121000000000000000e+04
6.856000000000000000e+03
1.197400000000000000e+04
1.325800000000000000e+04
1.662600000000000000e+04
1.495800000000000000e+04
8.111000000000000000e+03
1.691500000000000000e+04
1.211100000000000000e+04
1.647400000000000000e+04
1.682100000000000000e+04
1.710400000000000000e+04
1.609400000000000000e+04
1.291000000000000000e+04
1.089400000000000000e+04
5.538000000000000000e+03
1.732900000000000000e+04
6.630000000000000000e+02
1.412700000000000000e+04
1.684800000000000000e+04
1.707500000000000000e+04
1.265200000000000000e+04
1.371500000000000000e+04
1.335100000000000000e+04
8.768000000000000000e+03
1.424500000000000000e+04
1.357300000000000000e+04
9.042000000000000000e+03
1.620600000000000000e+04
1.805700000000000000e+04
1.734200000000000000e+04
1.095500000000000000e+04
1.280600000000000000e+04
1.276500000000000000e+04
9.213000000000000000e+03
1.477400000000000000e+04
4.611000000000000000e+03
6.658000000000000000e+03
1.709300000000000000e+04
1.693700000000000000e+04
1.677200000000000000e+04
1.056600000000000000e+04
7.490000000000000000e+03
2.530000000000000000e+03
1.684700000000000000e+04
1.801000000000000000e+04
7.644000000000000000e+03
4.666000000000000000e+03
4.818000000000000000e+03
1.919000000000000000e+03
1.588500000000000000e+04
1.003700000000000000e+04
1.713600000000000000e+04
3.652000000000000000e+03
3.389000000000000000e+03
1.733000000000000000e+04
3.360000000000000000e+02
5.135000000000000000e+03
7.402000000000000000e+03
1.837000000000000000e+03
1.665500000000000000e+04
1.818700000000000000e+04
1.353900000000000000e+04
1.507400000000000000e+04
9.636000000000000000e+03
5.496000000000000000e+03
1.098600000000000000e+04
6.413000000000000000e+03
5.091000000000000000e+03
1.029000000000000000e+04
8.133000000000000000e+03
8.687000000000000000e+03
1.663500000000000000e+04
1.125400000000000000e+04
8.985000000000000000e+03
1.778600000000000000e+04
1.820000000000000000e+04
1.606000000000000000e+04
7.390000000000000000e+03
8.708000000000000000e+03
6.650000000000000000e+03
3.946000000000000000e+03
1.008900000000000000e+04
2.907000000000000000e+03
1.130600000000000000e+04
1.374600000000000000e+04
6.612000000000000000e+03
1.401600000000000000e+04
1.025000000000000000e+04
6.569000000000000000e+03
6.116000000000000000e+03
1.841500000000000000e+04
1.151600000000000000e+04
1.027700000000000000e+04
1.778700000000000000e+04
1.374400000000000000e+04
1.833000000000000000e+04
1.583800000000000000e+04
1.037200000000000000e+04
3.117000000000000000e+03
8.530000000000000000e+02
1.011800000000000000e+04
1.543000000000000000e+04
1.774400000000000000e+04
1.562300000000000000e+04
1.437500000000000000e+04
1.669300000000000000e+04
1.585400000000000000e+04
8.100000000000000000e+01
5.285000000000000000e+03
2.973000000000000000e+03
1.466000000000000000e+03
1.628500000000000000e+04
1.029100000000000000e+04
1.243000000000000000e+04
4.122000000000000000e+03
1.065300000000000000e+04
1.247700000000000000e+04
1.650600000000000000e+04
8.559000000000000000e+03
1.130800000000000000e+04
1.412600000000000000e+04
6.066000000000000000e+03
1.276400000000000000e+04
9.459000000000000000e+03
5.082000000000000000e+03
8.396000000000000000e+03
1.098700000000000000e+04
2.529000000000000000e+03
1.612400000000000000e+04
1.693800000000000000e+04
1.212900000000000000e+04
1.170400000000000000e+04
7.731000000000000000e+03
9.650000000000000000e+03
1.811200000000000000e+04
1.430800000000000000e+04
5.978000000000000000e+03
1.809200000000000000e+04
1.166300000000000000e+04
1.704000000000000000e+04
4.511000000000000000e+03
1.680200000000000000e+04
1.642200000000000000e+04
1.194400000000000000e+04
8.523000000000000000e+03
1.067200000000000000e+04
1.331000000000000000e+04
4.178000000000000000e+03
1.292100000000000000e+04
1.718700000000000000e+04
4.616000000000000000e+03
1.196600000000000000e+04
1.362900000000000000e+04
