8.340000000000000000e+02
5.820000000000000000e+02
1.418000000000000000e+03
1.738000000000000000e+03
7.960000000000000000e+02
1.077000000000000000e+03
1.137000000000000000e+03
2.312000000000000000e+03
8.820000000000000000e+02
1.817000000000000000e+03
2.389000000000000000e+03
3.006000000000000000e+03
2.079000000000000000e+03
1.194000000000000000e+03
2.519000000000000000e+03
3.900000000000000000e+02
2.369000000000000000e+03
1.669000000000000000e+03
4.281000000000000000e+03
1.688000000000000000e+03
9.040000000000000000e+02
2.067000000000000000e+03
4.661000000000000000e+03
1.731000000000000000e+03
3.719000000000000000e+03
1.072000000000000000e+03
4.021000000000000000e+03
7.680000000000000000e+02
6.857000000000000000e+03
4.115000000000000000e+03
2.569000000000000000e+03
3.887000000000000000e+03
7.958000000000000000e+03
1.870000000000000000e+03
9.520000000000000000e+02
3.036000000000000000e+03
3.430000000000000000e+02
5.082000000000000000e+03
2.090000000000000000e+03
5.345000000000000000e+03
3.112000000000000000e+03
1.320000000000000000e+02
3.994000000000000000e+03
1.836000000000000000e+03
4.434000000000000000e+03
6.991000000000000000e+03
6.590000000000000000e+03
4.114000000000000000e+03
7.933000000000000000e+03
2.907000000000000000e+03
5.190000000000000000e+02
5.880000000000000000e+02
4.305000000000000000e+03
6.280000000000000000e+02
1.607000000000000000e+03
4.489000000000000000e+03
7.198000000000000000e+03
2.529000000000000000e+03
5.582000000000000000e+03
3.970000000000000000e+02
5.234000000000000000e+03
5.443000000000000000e+03
5.208000000000000000e+03
2.306000000000000000e+03
5.424000000000000000e+03
1.966000000000000000e+03
6.541000000000000000e+03
6.458000000000000000e+03
7.186000000000000000e+03
7.713000000000000000e+03
5.383000000000000000e+03
8.068000000000000000e+03
8.759000000000000000e+03
8.201000000000000000e+03
6.224000000000000000e+03
7.605000000000000000e+03
9.508000000000000000e+03
7.624000000000000000e+03
7.051000000000000000e+03
5.453000000000000000e+03
5.273000000000000000e+03
4.644000000000000000e+03
2.356000000000000000e+03
5.626000000000000000e+03
5.122000000000000000e+03
2.457000000000000000e+03
4.611000000000000000e+03
3.278000000000000000e+03
4.178000000000000000e+03
1.095500000000000000e+04
3.422000000000000000e+03
7.887000000000000000e+03
4.625000000000000000e+03
5.052000000000000000e+03
6.304000000000000000e+03
3.533000000000000000e+03
5.560000000000000000e+03
8.824000000000000000e+03
4.543000000000000000e+03
5.353000000000000000e+03
1.904000000000000000e+03
4.874000000000000000e+03
7.074000000000000000e+03
4.917000000000000000e+03
8.896000000000000000e+03
7.659000000000000000e+03
1.000200000000000000e+04
5.497000000000000000e+03
1.130600000000000000e+04
7.411000000000000000e+03
2.474000000000000000e+03
5.561000000000000000e+03
8.522000000000000000e+03
5.498000000000000000e+03
8.954000000000000000e+03
7.600000000000000000e+03
1.291000000000000000e+04
7.997000000000000000e+03
1.736000000000000000e+03
1.116700000000000000e+04
1.170300000000000000e+04
8.322000000000000000e+03
6.355000000000000000e+03
3.848000000000000000e+03
1.074700000000000000e+04
1.151600000000000000e+04
7.712000000000000000e+03
3.652000000000000000e+03
8.769000000000000000e+03
9.612000000000000000e+03
9.684000000000000000e+03
9.354000000000000000e+03
1.006900000000000000e+04
2.445000000000000000e+03
7.836000000000000000e+03
1.280600000000000000e+04
4.616000000000000000e+03
7.866000000000000000e+03
1.099600000000000000e+04
7.899000000000000000e+03
8.356000000000000000e+03
9.649000000000000000e+03
1.003800000000000000e+04
5.454000000000000000e+03
1.252000000000000000e+03
3.861000000000000000e+03
1.111200000000000000e+04
1.056600000000000000e+04
7.056000000000000000e+03
8.687000000000000000e+03
3.804000000000000000e+03
4.390000000000000000e+03
9.678000000000000000e+03
6.555000000000000000e+03
1.292100000000000000e+04
8.559000000000000000e+03
3.241000000000000000e+03
3.879000000000000000e+03
9.058000000000000000e+03
1.054700000000000000e+04
1.045000000000000000e+04
9.179000000000000000e+03
2.727000000000000000e+03
9.650000000000000000e+03
9.709000000000000000e+03
6.171000000000000000e+03
1.374600000000000000e+04
8.774000000000000000e+03
1.214100000000000000e+04
9.266000000000000000e+03
1.027700000000000000e+04
5.538000000000000000e+03
7.644000000000000000e+03
4.545000000000000000e+03
2.906000000000000000e+03
1.122400000000000000e+04
1.093500000000000000e+04
5.257000000000000000e+03
2.126000000000000000e+03
1.106000000000000000e+03
8.396000000000000000e+03
9.758000000000000000e+03
1.342200000000000000e+04
1.287600000000000000e+04
1.081200000000000000e+04
1.362300000000000000e+04
5.803000000000000000e+03
8.238000000000000000e+03
1.280500000000000000e+04
1.040300000000000000e+04
9.988000000000000000e+03
1.257900000000000000e+04
4.054000000000000000e+03
7.837000000000000000e+03
1.069700000000000000e+04
3.389000000000000000e+03
8.582000000000000000e+03
2.431000000000000000e+03
6.137000000000000000e+03
6.097000000000000000e+03
9.617000000000000000e+03
1.246600000000000000e+04
4.122000000000000000e+03
2.530000000000000000e+03
1.458900000000000000e+04
7.723000000000000000e+03
1.433900000000000000e+04
1.268400000000000000e+04
1.280700000000000000e+04
1.039200000000000000e+04
5.925000000000000000e+03
1.273400000000000000e+04
1.081100000000000000e+04
1.155100000000000000e+04
1.075600000000000000e+04
1.029200000000000000e+04
1.037200000000000000e+04
5.267000000000000000e+03
1.478000000000000000e+03
1.525000000000000000e+03
1.128100000000000000e+04
1.211100000000000000e+04
1.360600000000000000e+04
9.486000000000000000e+03
1.104100000000000000e+04
1.503800000000000000e+04
6.690000000000000000e+03
3.963000000000000000e+03
1.105600000000000000e+04
1.265200000000000000e+04
2.484000000000000000e+03
1.285000000000000000e+04
3.903000000000000000e+03
9.636000000000000000e+03
6.344000000000000000e+03
8.967000000000000000e+03
9.571000000000000000e+03
4.446000000000000000e+03
1.374400000000000000e+04
7.611000000000000000e+03
1.235300000000000000e+04
1.170400000000000000e+04
1.335100000000000000e+04
1.144300000000000000e+04
6.327000000000000000e+03
6.295000000000000000e+03
8.133000000000000000e+03
1.194400000000000000e+04
1.062500000000000000e+04
9.953000000000000000e+03
5.184000000000000000e+03
1.421400000000000000e+04
9.766000000000000000e+03
1.495800000000000000e+04
1.477400000000000000e+04
1.229200000000000000e+04
1.379800000000000000e+04
1.073600000000000000e+04
1.399200000000000000e+04
1.642200000000000000e+04
1.422700000000000000e+04
1.446400000000000000e+04
1.446500000000000000e+04
1.269700000000000000e+04
1.189100000000000000e+04
1.022300000000000000e+04
1.320200000000000000e+04
1.121000000000000000e+04
1.026700000000000000e+04
2.541000000000000000e+03
2.388000000000000000e+03
5.044000000000000000e+03
1.458800000000000000e+04
1.313900000000000000e+04
1.276500000000000000e+04
1.342300000000000000e+04
7.878000000000000000e+03
3.680000000000000000e+03
1.962000000000000000e+03
1.337000000000000000e+04
8.551000000000000000e+03
1.161400000000000000e+04
1.370400000000000000e+04
1.527700000000000000e+04
1.424600000000000000e+04
1.291100000000000000e+04
6.612000000000000000e+03
1.569200000000000000e+04
1.089400000000000000e+04
8.410000000000000000e+03
1.391400000000000000e+04
8.313000000000000000e+03
9.757000000000000000e+03
1.424500000000000000e+04
1.461300000000000000e+04
1.065300000000000000e+04
1.247700000000000000e+04
7.490000000000000000e+03
7.731000000000000000e+03
6.716000000000000000e+03
1.606000000000000000e+04
1.266500000000000000e+04
4.846000000000000000e+03
5.043000000000000000e+03
4.149000000000000000e+03
1.336400000000000000e+04
1.400200000000000000e+04
1.585400000000000000e+04
1.331000000000000000e+04
1.220500000000000000e+04
1.027600000000000000e+04
1.255900000000000000e+04
1.585300000000000000e+04
1.669300000000000000e+04
8.523000000000000000e+03
1.433000000000000000e+04
1.303800000000000000e+04
6.712000000000000000e+03
1.618700000000000000e+04
8.897000000000000000e+03
1.244300000000000000e+04
1.837000000000000000e+03
1.098700000000000000e+04
9.214000000000000000e+03
7.390000000000000000e+03
1.089500000000000000e+04
1.325700000000000000e+04
1.134900000000000000e+04
1.609400000000000000e+04
7.410000000000000000e+03
1.340000000000000000e+04
1.539700000000000000e+04
7.130000000000000000e+03
1.993000000000000000e+03
9.640000000000000000e+03
8.558000000000000000e+03
1.039700000000000000e+04
9.464000000000000000e+03
1.198100000000000000e+04
1.113900000000000000e+04
1.374500000000000000e+04
1.541200000000000000e+04
7.249000000000000000e+03
8.823000000000000000e+03
1.593900000000000000e+04
1.693800000000000000e+04
9.935000000000000000e+03
1.167600000000000000e+04
7.497000000000000000e+03
9.153000000000000000e+03
8.296000000000000000e+03
1.734100000000000000e+04
1.780700000000000000e+04
1.067200000000000000e+04
1.437600000000000000e+04
1.507400000000000000e+04
1.054800000000000000e+04
6.973000000000000000e+03
1.805800000000000000e+04
1.371500000000000000e+04
1.258000000000000000e+04
1.725200000000000000e+04
1.082400000000000000e+04
1.401600000000000000e+04
1.196600000000000000e+04
6.018000000000000000e+03
6.436000000000000000e+03
1.112400000000000000e+04
1.063400000000000000e+04
1.429900000000000000e+04
1.124200000000000000e+04
1.249100000000000000e+04
1.693700000000000000e+04
1.662600000000000000e+04
1.437700000000000000e+04
5.516000000000000000e+03
5.396000000000000000e+03
1.070500000000000000e+04
9.465000000000000000e+03
1.353900000000000000e+04
1.768900000000000000e+04
1.583800000000000000e+04
3.892000000000000000e+03
6.939000000000000000e+03
1.280400000000000000e+04
1.713600000000000000e+04
1.292000000000000000e+04
1.218200000000000000e+04
1.105700000000000000e+04
1.518800000000000000e+04
2.596000000000000000e+03
7.998000000000000000e+03
9.288000000000000000e+03
2.044000000000000000e+03
1.450000000000000000e+03
1.483500000000000000e+04
1.601000000000000000e+04
1.219400000000000000e+04
1.212900000000000000e+04
6.854000000000000000e+03
6.855000000000000000e+03
4.580000000000000000e+03
1.253100000000000000e+04
1.710400000000000000e+04
1.677200000000000000e+04
1.733000000000000000e+04
8.933000000000000000e+03
3.608000000000000000e+03
1.074600000000000000e+04
1.555700000000000000e+04
1.212800000000000000e+04
1.548000000000000000e+04
1.199500000000000000e+04
1.278100000000000000e+04
1.004600000000000000e+04
2.295000000000000000e+03
1.082300000000000000e+04
1.574400000000000000e+04
1.680200000000000000e+04
1.783100000000000000e+04
1.343100000000000000e+04
1.271100000000000000e+04
1.718700000000000000e+04
1.340200000000000000e+04
9.448000000000000000e+03
1.075800000000000000e+04
1.665500000000000000e+04
4.691000000000000000e+03
1.778700000000000000e+04
1.817600000000000000e+04
1.612400000000000000e+04
5.162000000000000000e+03
6.613000000000000000e+03
9.522000000000000000e+03
1.734200000000000000e+04
1.087800000000000000e+04
1.358900000000000000e+04
1.793400000000000000e+04
1.674600000000000000e+04
1.236900000000000000e+04
1.713700000000000000e+04
1.169200000000000000e+04
1.637300000000000000e+04
4.888000000000000000e+03
6.060000000000000000e+03
5.091000000000000000e+03
1.232600000000000000e+04
6.449000000000000000e+03
1.727400000000000000e+04
1.650600000000000000e+04
7.465000000000000000e+03
1.640400000000000000e+04
9.580000000000000000e+03
1.836400000000000000e+04
1.663500000000000000e+04
1.193500000000000000e+04
1.000100000000000000e+04
7.335000000000000000e+03
1.491400000000000000e+04
1.130700000000000000e+04
1.594000000000000000e+04
7.511000000000000000e+03
1.139400000000000000e+04
1.076900000000000000e+04
1.661400000000000000e+04
1.770200000000000000e+04
1.562400000000000000e+04
1.813200000000000000e+04
1.687500000000000000e+04
1.125500000000000000e+04
4.639000000000000000e+03
1.055800000000000000e+04
1.201000000000000000e+04
1.618600000000000000e+04
9.754000000000000000e+03
1.407700000000000000e+04
4.921000000000000000e+03
1.534000000000000000e+04
1.387800000000000000e+04
3.923000000000000000e+03
8.524000000000000000e+03
1.351100000000000000e+04
8.308000000000000000e+03
1.422600000000000000e+04
1.707500000000000000e+04
1.847300000000000000e+04
5.510000000000000000e+03
6.272000000000000000e+03
1.179600000000000000e+04
8.599000000000000000e+03
5.521000000000000000e+03
1.588600000000000000e+04
1.155000000000000000e+04
1.818700000000000000e+04
1.820000000000000000e+04
1.585500000000000000e+04
1.572800000000000000e+04
1.774500000000000000e+04
8.856000000000000000e+03
1.446600000000000000e+04
1.732900000000000000e+04
5.107000000000000000e+03
9.459000000000000000e+03
1.734300000000000000e+04
1.490100000000000000e+04
1.508700000000000000e+04
7.386000000000000000e+03
4.863000000000000000e+03
5.444000000000000000e+03
1.494900000000000000e+04
2.960000000000000000e+03
1.635000000000000000e+03
1.222100000000000000e+04
6.856000000000000000e+03
9.230000000000000000e+03
1.498900000000000000e+04
1.687400000000000000e+04
1.801000000000000000e+04
1.538500000000000000e+04
7.231000000000000000e+03
1.199600000000000000e+04
1.849100000000000000e+04
1.357300000000000000e+04
6.906000000000000000e+03
1.253800000000000000e+04
1.439000000000000000e+04
1.391300000000000000e+04
1.670600000000000000e+04
1.841500000000000000e+04
1.500500000000000000e+04
7.660000000000000000e+03
1.400500000000000000e+04
1.025000000000000000e+04
5.266000000000000000e+03
9.499000000000000000e+03
1.093400000000000000e+04
1.078500000000000000e+04
1.170200000000000000e+04
1.719700000000000000e+04
1.778800000000000000e+04
1.825000000000000000e+04
1.695800000000000000e+04
1.292200000000000000e+04
2.226000000000000000e+03
1.539100000000000000e+04
3.870000000000000000e+03
6.100000000000000000e+03
1.742700000000000000e+04
1.283500000000000000e+04
1.787300000000000000e+04
8.747000000000000000e+03
1.215200000000000000e+04
4.284000000000000000e+03
6.238000000000000000e+03
6.217000000000000000e+03
