1.731000000000000000e+03
8.820000000000000000e+02
1.478000000000000000e+03
1.962000000000000000e+03
3.112000000000000000e+03
1.194000000000000000e+03
2.044000000000000000e+03
2.907000000000000000e+03
1.077000000000000000e+03
2.529000000000000000e+03
1.836000000000000000e+03
4.284000000000000000e+03
3.652000000000000000e+03
1.817000000000000000e+03
3.680000000000000000e+03
7.960000000000000000e+02
1.669000000000000000e+03
2.306000000000000000e+03
2.530000000000000000e+03
5.072000000000000000e+03
2.569000000000000000e+03
1.966000000000000000e+03
1.738000000000000000e+03
4.178000000000000000e+03
3.533000000000000000e+03
1.607000000000000000e+03
4.863000000000000000e+03
1.072000000000000000e+03
5.498000000000000000e+03
1.837000000000000000e+03
2.226000000000000000e+03
5.209000000000000000e+03
5.803000000000000000e+03
4.846000000000000000e+03
3.900000000000000000e+02
3.861000000000000000e+03
7.497000000000000000e+03
3.389000000000000000e+03
1.418000000000000000e+03
3.923000000000000000e+03
5.444000000000000000e+03
7.231000000000000000e+03
8.810000000000000000e+03
3.903000000000000000e+03
6.327000000000000000e+03
5.162000000000000000e+03
5.880000000000000000e+02
6.690000000000000000e+03
4.625000000000000000e+03
9.520000000000000000e+02
4.692000000000000000e+03
4.054000000000000000e+03
6.018000000000000000e+03
7.390000000000000000e+03
7.611000000000000000e+03
2.541000000000000000e+03
7.878000000000000000e+03
5.493000000000000000e+03
3.422000000000000000e+03
5.454000000000000000e+03
2.484000000000000000e+03
1.003900000000000000e+04
3.598000000000000000e+03
5.273000000000000000e+03
7.465000000000000000e+03
4.921000000000000000e+03
1.240000000000000000e+03
8.856000000000000000e+03
3.892000000000000000e+03
7.998000000000000000e+03
6.847000000000000000e+03
2.645000000000000000e+03
7.691000000000000000e+03
1.688000000000000000e+03
4.122000000000000000e+03
7.801000000000000000e+03
8.897000000000000000e+03
6.097000000000000000e+03
4.616000000000000000e+03
6.613000000000000000e+03
4.021000000000000000e+03
2.098000000000000000e+03
9.754000000000000000e+03
6.344000000000000000e+03
7.624000000000000000e+03
3.887000000000000000e+03
6.612000000000000000e+03
4.305000000000000000e+03
9.278000000000000000e+03
2.837000000000000000e+03
7.680000000000000000e+02
7.225000000000000000e+03
4.390000000000000000e+03
9.935000000000000000e+03
7.731000000000000000e+03
6.939000000000000000e+03
5.925000000000000000e+03
4.611000000000000000e+03
2.727000000000000000e+03
5.443000000000000000e+03
1.010600000000000000e+04
1.215300000000000000e+04
1.141300000000000000e+04
3.848000000000000000e+03
9.214000000000000000e+03
7.577000000000000000e+03
8.559000000000000000e+03
2.067000000000000000e+03
6.577000000000000000e+03
9.640000000000000000e+03
1.004600000000000000e+04
9.448000000000000000e+03
1.276000000000000000e+03
7.186000000000000000e+03
4.917000000000000000e+03
4.114000000000000000e+03
8.524000000000000000e+03
9.288000000000000000e+03
2.389000000000000000e+03
1.017100000000000000e+04
2.126000000000000000e+03
5.538000000000000000e+03
5.560000000000000000e+03
1.118100000000000000e+04
3.994000000000000000e+03
9.701000000000000000e+03
8.691000000000000000e+03
1.222200000000000000e+04
5.497000000000000000e+03
7.443000000000000000e+03
2.295000000000000000e+03
1.215200000000000000e+04
7.490000000000000000e+03
8.106000000000000000e+03
9.084000000000000000e+03
9.040000000000000000e+02
2.079000000000000000e+03
9.430000000000000000e+03
1.044000000000000000e+04
1.199500000000000000e+04
8.558000000000000000e+03
9.989000000000000000e+03
1.101200000000000000e+04
1.091700000000000000e+04
2.596000000000000000e+03
9.580000000000000000e+03
1.136500000000000000e+04
1.130800000000000000e+04
5.082000000000000000e+03
8.647000000000000000e+03
6.436000000000000000e+03
5.510000000000000000e+03
7.708000000000000000e+03
5.052000000000000000e+03
7.837000000000000000e+03
7.056000000000000000e+03
1.218200000000000000e+04
7.644000000000000000e+03
1.130700000000000000e+04
1.062500000000000000e+04
1.038300000000000000e+04
6.295000000000000000e+03
8.133000000000000000e+03
1.075700000000000000e+04
4.196000000000000000e+03
1.106000000000000000e+03
6.611000000000000000e+03
8.340000000000000000e+02
1.105700000000000000e+04
1.188200000000000000e+04
6.139000000000000000e+03
7.130000000000000000e+03
9.636000000000000000e+03
1.357500000000000000e+04
1.169200000000000000e+04
1.034700000000000000e+04
4.115000000000000000e+03
1.075600000000000000e+04
1.201000000000000000e+04
1.082400000000000000e+04
1.191200000000000000e+04
9.650000000000000000e+03
2.947000000000000000e+03
2.906000000000000000e+03
2.369000000000000000e+03
8.582000000000000000e+03
7.412000000000000000e+03
7.250000000000000000e+03
1.400500000000000000e+04
1.196600000000000000e+04
7.856000000000000000e+03
9.074000000000000000e+03
4.545000000000000000e+03
3.867000000000000000e+03
1.283500000000000000e+04
8.238000000000000000e+03
1.037200000000000000e+04
1.376200000000000000e+04
8.396000000000000000e+03
5.234000000000000000e+03
1.069700000000000000e+04
6.272000000000000000e+03
9.330000000000000000e+03
1.120000000000000000e+04
6.171000000000000000e+03
6.348000000000000000e+03
1.441600000000000000e+04
1.472400000000000000e+04
1.430000000000000000e+04
7.519000000000000000e+03
1.093600000000000000e+04
7.836000000000000000e+03
8.824000000000000000e+03
1.082500000000000000e+04
1.178500000000000000e+04
8.747000000000000000e+03
4.528000000000000000e+03
8.522000000000000000e+03
3.804000000000000000e+03
8.356000000000000000e+03
1.343100000000000000e+04
1.015400000000000000e+04
8.289000000000000000e+03
3.430000000000000000e+03
7.660000000000000000e+03
1.212900000000000000e+04
1.405900000000000000e+04
1.089500000000000000e+04
1.098700000000000000e+04
1.121000000000000000e+04
1.219400000000000000e+04
1.490100000000000000e+04
7.156000000000000000e+03
9.492000000000000000e+03
8.648000000000000000e+03
1.278100000000000000e+04
1.125500000000000000e+04
1.340200000000000000e+04
1.073600000000000000e+04
1.129800000000000000e+04
1.460000000000000000e+04
1.508700000000000000e+04
1.314000000000000000e+04
5.750000000000000000e+02
9.953000000000000000e+03
1.104100000000000000e+04
1.054700000000000000e+04
1.570800000000000000e+04
1.407700000000000000e+04
1.227300000000000000e+04
1.474700000000000000e+04
1.269700000000000000e+04
1.039200000000000000e+04
7.511000000000000000e+03
5.424000000000000000e+03
1.199600000000000000e+04
5.820000000000000000e+02
1.089400000000000000e+04
1.523900000000000000e+04
5.108000000000000000e+03
7.900000000000000000e+03
4.805000000000000000e+03
1.325900000000000000e+04
2.312000000000000000e+03
7.605000000000000000e+03
1.220500000000000000e+04
1.494900000000000000e+04
7.386000000000000000e+03
1.075800000000000000e+04
1.266500000000000000e+04
1.287700000000000000e+04
7.496000000000000000e+03
1.029200000000000000e+04
1.170400000000000000e+04
1.364700000000000000e+04
1.160000000000000000e+04
1.074700000000000000e+04
8.793000000000000000e+03
1.603600000000000000e+04
7.305000000000000000e+03
1.205300000000000000e+04
1.000200000000000000e+04
2.913000000000000000e+03
1.271200000000000000e+04
8.774000000000000000e+03
3.430000000000000000e+02
1.353900000000000000e+04
8.068000000000000000e+03
9.709000000000000000e+03
1.331000000000000000e+04
1.583900000000000000e+04
6.908000000000000000e+03
1.167600000000000000e+04
1.536800000000000000e+04
6.898000000000000000e+03
1.056700000000000000e+04
6.224000000000000000e+03
1.026700000000000000e+04
1.482200000000000000e+04
1.588700000000000000e+04
1.175700000000000000e+04
6.940000000000000000e+03
5.345000000000000000e+03
1.401600000000000000e+04
1.660200000000000000e+04
2.445000000000000000e+03
9.684000000000000000e+03
4.874000000000000000e+03
2.457000000000000000e+03
5.208000000000000000e+03
1.632800000000000000e+04
1.574500000000000000e+04
1.315300000000000000e+04
1.683800000000000000e+04
6.991000000000000000e+03
8.759000000000000000e+03
1.065300000000000000e+04
1.340100000000000000e+04
7.287000000000000000e+03
1.169300000000000000e+04
1.577300000000000000e+04
1.627600000000000000e+04
5.184000000000000000e+03
1.249100000000000000e+04
8.687000000000000000e+03
1.104200000000000000e+04
1.192200000000000000e+04
1.297600000000000000e+04
2.474000000000000000e+03
9.612000000000000000e+03
1.067200000000000000e+04
1.247700000000000000e+04
1.056600000000000000e+04
1.244400000000000000e+04
1.179700000000000000e+04
1.027700000000000000e+04
1.194400000000000000e+04
9.354000000000000000e+03
1.687600000000000000e+04
1.743900000000000000e+04
1.736300000000000000e+04
1.518700000000000000e+04
1.446600000000000000e+04
9.273000000000000000e+03
1.034800000000000000e+04
2.431000000000000000e+03
1.604900000000000000e+04
1.518800000000000000e+04
1.054800000000000000e+04
9.355000000000000000e+03
1.508800000000000000e+04
8.523000000000000000e+03
1.544600000000000000e+04
1.751600000000000000e+04
1.209700000000000000e+04
1.446700000000000000e+04
1.402900000000000000e+04
8.296000000000000000e+03
1.040300000000000000e+04
1.235500000000000000e+04
1.292200000000000000e+04
1.071500000000000000e+04
1.572800000000000000e+04
1.235400000000000000e+04
1.003800000000000000e+04
1.700300000000000000e+04
1.763200000000000000e+04
7.075000000000000000e+03
8.322000000000000000e+03
1.276500000000000000e+04
1.258000000000000000e+04
7.713000000000000000e+03
3.857000000000000000e+03
1.624900000000000000e+04
3.879000000000000000e+03
7.717000000000000000e+03
1.265200000000000000e+04
9.544000000000000000e+03
1.278200000000000000e+04
1.377700000000000000e+04
6.489000000000000000e+03
1.340000000000000000e+04
1.287600000000000000e+04
1.433900000000000000e+04
1.547300000000000000e+04
1.222100000000000000e+04
4.434000000000000000e+03
4.661000000000000000e+03
1.412800000000000000e+04
8.377000000000000000e+03
1.650700000000000000e+04
1.732300000000000000e+04
1.430900000000000000e+04
1.371500000000000000e+04
1.045000000000000000e+04
1.612400000000000000e+04
1.775700000000000000e+04
1.155100000000000000e+04
7.410000000000000000e+03
1.780800000000000000e+04
8.233000000000000000e+03
1.618800000000000000e+04
1.601100000000000000e+04
1.351100000000000000e+04
8.726000000000000000e+03
1.179600000000000000e+04
4.644000000000000000e+03
7.440000000000000000e+02
8.727000000000000000e+03
1.313900000000000000e+04
1.603500000000000000e+04
3.564000000000000000e+03
4.543000000000000000e+03
6.590000000000000000e+03
7.887000000000000000e+03
1.503900000000000000e+04
9.221000000000000000e+03
1.004700000000000000e+04
1.255400000000000000e+04
1.308600000000000000e+04
1.137000000000000000e+03
1.422700000000000000e+04
1.507400000000000000e+04
5.582000000000000000e+03
6.857000000000000000e+03
1.539700000000000000e+04
1.640300000000000000e+04
1.831900000000000000e+04
1.757600000000000000e+04
1.629700000000000000e+04
3.788000000000000000e+03
1.296200000000000000e+04
1.622000000000000000e+04
1.792400000000000000e+04
5.383000000000000000e+03
1.500500000000000000e+04
1.640400000000000000e+04
1.691600000000000000e+04
1.787400000000000000e+04
5.203000000000000000e+03
1.304900000000000000e+04
9.917000000000000000e+03
1.323000000000000000e+04
2.356000000000000000e+03
1.562400000000000000e+04
1.787300000000000000e+04
1.785900000000000000e+04
1.231500000000000000e+04
6.054000000000000000e+03
8.201000000000000000e+03
1.192500000000000000e+04
4.834000000000000000e+03
2.090000000000000000e+03
1.291100000000000000e+04
1.235300000000000000e+04
1.167700000000000000e+04
1.741400000000000000e+04
8.380000000000000000e+02
3.555000000000000000e+03
8.986000000000000000e+03
7.754000000000000000e+03
1.039700000000000000e+04
1.717500000000000000e+04
6.280000000000000000e+02
1.268400000000000000e+04
1.400200000000000000e+04
1.374400000000000000e+04
1.727400000000000000e+04
1.112500000000000000e+04
1.625000000000000000e+04
1.183100000000000000e+04
5.521000000000000000e+03
1.842600000000000000e+04
2.169000000000000000e+03
1.454000000000000000e+04
7.934000000000000000e+03
2.772000000000000000e+03
1.252000000000000000e+03
1.429900000000000000e+04
6.541000000000000000e+03
1.650600000000000000e+04
1.687500000000000000e+04
5.744000000000000000e+03
1.089600000000000000e+04
1.836400000000000000e+04
5.626000000000000000e+03
3.036000000000000000e+03
1.498900000000000000e+04
7.411000000000000000e+03
1.840600000000000000e+04
4.911000000000000000e+03
1.676300000000000000e+04
5.190000000000000000e+02
1.541200000000000000e+04
3.220000000000000000e+03
1.846700000000000000e+04
3.006000000000000000e+03
1.093500000000000000e+04
1.713700000000000000e+04
1.763300000000000000e+04
1.557300000000000000e+04
6.138000000000000000e+03
1.417700000000000000e+04
1.626700000000000000e+04
5.092000000000000000e+03
3.986000000000000000e+03
1.836500000000000000e+04
1.515900000000000000e+04
7.659000000000000000e+03
9.641000000000000000e+03
8.700000000000000000e+02
1.631300000000000000e+04
1.349200000000000000e+04
6.716000000000000000e+03
1.111200000000000000e+04
1.424500000000000000e+04
1.734300000000000000e+04
1.585500000000000000e+04
5.351000000000000000e+03
1.223600000000000000e+04
1.822300000000000000e+04
1.253900000000000000e+04
1.424700000000000000e+04
1.371600000000000000e+04
8.163000000000000000e+03
1.665500000000000000e+04
5.043000000000000000e+03
9.486000000000000000e+03
1.292100000000000000e+04
1.637300000000000000e+04
1.750500000000000000e+04
1.758200000000000000e+04
1.774500000000000000e+04
1.491500000000000000e+04
1.845100000000000000e+04
7.140000000000000000e+03
1.122400000000000000e+04
6.458000000000000000e+03
1.236800000000000000e+04
1.680200000000000000e+04
4.489000000000000000e+03
4.281000000000000000e+03
1.695800000000000000e+04
1.618600000000000000e+04
1.271100000000000000e+04
6.304000000000000000e+03
1.031300000000000000e+04
1.020100000000000000e+04
8.609000000000000000e+03
8.654000000000000000e+03
1.651400000000000000e+04
