1.478000000000000000e+03
2.044000000000000000e+03
1.276000000000000000e+03
2.226000000000000000e+03
2.837000000000000000e+03
2.530000000000000000e+03
2.098000000000000000e+03
1.837000000000000000e+03
2.541000000000000000e+03
1.607000000000000000e+03
3.923000000000000000e+03
1.240000000000000000e+03
3.857000000000000000e+03
6.139000000000000000e+03
3.555000000000000000e+03
7.440000000000000000e+02
2.645000000000000000e+03
2.913000000000000000e+03
5.750000000000000000e+02
3.867000000000000000e+03
8.380000000000000000e+02
5.493000000000000000e+03
6.940000000000000000e+03
2.727000000000000000e+03
4.805000000000000000e+03
5.510000000000000000e+03
1.962000000000000000e+03
3.598000000000000000e+03
4.284000000000000000e+03
5.072000000000000000e+03
3.900000000000000000e+02
4.528000000000000000e+03
4.692000000000000000e+03
1.836000000000000000e+03
5.108000000000000000e+03
2.427000000000000000e+03
3.903000000000000000e+03
3.680000000000000000e+03
2.306000000000000000e+03
4.122000000000000000e+03
3.892000000000000000e+03
3.430000000000000000e+03
5.880000000000000000e+02
7.916000000000000000e+03
2.295000000000000000e+03
9.221000000000000000e+03
4.863000000000000000e+03
7.287000000000000000e+03
7.305000000000000000e+03
6.138000000000000000e+03
9.355000000000000000e+03
1.966000000000000000e+03
5.162000000000000000e+03
6.018000000000000000e+03
4.921000000000000000e+03
9.084000000000000000e+03
3.389000000000000000e+03
4.054000000000000000e+03
7.250000000000000000e+03
6.847000000000000000e+03
9.074000000000000000e+03
7.130000000000000000e+03
7.691000000000000000e+03
3.986000000000000000e+03
7.519000000000000000e+03
7.577000000000000000e+03
1.031300000000000000e+04
3.564000000000000000e+03
7.156000000000000000e+03
5.444000000000000000e+03
2.529000000000000000e+03
4.196000000000000000e+03
7.960000000000000000e+02
4.846000000000000000e+03
6.612000000000000000e+03
8.691000000000000000e+03
6.054000000000000000e+03
3.208000000000000000e+03
7.801000000000000000e+03
2.484000000000000000e+03
8.106000000000000000e+03
8.793000000000000000e+03
3.220000000000000000e+03
7.900000000000000000e+03
7.225000000000000000e+03
2.907000000000000000e+03
2.947000000000000000e+03
6.436000000000000000e+03
7.680000000000000000e+02
4.834000000000000000e+03
6.577000000000000000e+03
7.496000000000000000e+03
3.861000000000000000e+03
1.072000000000000000e+03
1.350000000000000000e+04
5.351000000000000000e+03
9.492000000000000000e+03
7.856000000000000000e+03
9.520000000000000000e+02
1.194000000000000000e+03
4.616000000000000000e+03
7.075000000000000000e+03
1.056700000000000000e+04
9.430000000000000000e+03
9.701000000000000000e+03
3.848000000000000000e+03
8.747000000000000000e+03
8.289000000000000000e+03
2.596000000000000000e+03
9.480000000000000000e+03
6.939000000000000000e+03
3.422000000000000000e+03
6.611000000000000000e+03
6.344000000000000000e+03
6.613000000000000000e+03
1.175700000000000000e+04
5.744000000000000000e+03
1.817000000000000000e+03
5.209000000000000000e+03
8.820000000000000000e+02
1.034700000000000000e+04
1.010600000000000000e+04
1.160000000000000000e+04
8.810000000000000000e+03
1.669000000000000000e+03
6.097000000000000000e+03
9.330000000000000000e+03
7.490000000000000000e+03
5.771000000000000000e+03
4.611000000000000000e+03
3.652000000000000000e+03
6.348000000000000000e+03
8.524000000000000000e+03
1.192200000000000000e+04
1.004700000000000000e+04
6.295000000000000000e+03
2.569000000000000000e+03
1.093600000000000000e+04
1.266600000000000000e+04
6.908000000000000000e+03
7.934000000000000000e+03
7.511000000000000000e+03
2.169000000000000000e+03
9.580000000000000000e+03
8.647000000000000000e+03
1.209700000000000000e+04
1.469500000000000000e+04
9.544000000000000000e+03
9.288000000000000000e+03
7.140000000000000000e+03
7.708000000000000000e+03
8.700000000000000000e+02
1.118100000000000000e+04
1.178500000000000000e+04
7.056000000000000000e+03
1.104200000000000000e+04
1.169300000000000000e+04
1.227300000000000000e+04
1.223600000000000000e+04
3.039000000000000000e+03
5.092000000000000000e+03
1.120000000000000000e+04
4.030000000000000000e+03
8.726000000000000000e+03
1.231500000000000000e+04
9.917000000000000000e+03
7.731000000000000000e+03
1.129800000000000000e+04
1.082500000000000000e+04
1.731000000000000000e+03
9.989000000000000000e+03
1.205300000000000000e+04
8.727000000000000000e+03
5.052000000000000000e+03
2.126000000000000000e+03
5.925000000000000000e+03
5.497000000000000000e+03
9.962000000000000000e+03
6.898000000000000000e+03
7.412000000000000000e+03
8.377000000000000000e+03
1.015400000000000000e+04
8.648000000000000000e+03
1.235400000000000000e+04
1.557300000000000000e+04
1.285100000000000000e+04
1.296200000000000000e+04
1.253200000000000000e+04
7.231000000000000000e+03
1.292200000000000000e+04
1.017100000000000000e+04
1.244400000000000000e+04
1.075800000000000000e+04
8.378000000000000000e+03
7.660000000000000000e+03
1.089600000000000000e+04
1.235500000000000000e+04
1.034800000000000000e+04
9.641000000000000000e+03
8.290000000000000000e+03
2.772000000000000000e+03
1.192500000000000000e+04
1.091700000000000000e+04
8.205000000000000000e+03
1.136500000000000000e+04
1.738000000000000000e+03
5.538000000000000000e+03
7.390000000000000000e+03
1.101200000000000000e+04
1.402900000000000000e+04
1.454000000000000000e+04
2.597000000000000000e+03
1.222200000000000000e+04
1.488700000000000000e+04
7.465000000000000000e+03
8.856000000000000000e+03
1.167700000000000000e+04
1.112500000000000000e+04
5.560000000000000000e+03
4.178000000000000000e+03
1.446700000000000000e+04
6.272000000000000000e+03
1.249200000000000000e+04
1.078600000000000000e+04
8.609000000000000000e+03
1.191200000000000000e+04
1.430900000000000000e+04
1.020100000000000000e+04
8.654000000000000000e+03
8.558000000000000000e+03
8.233000000000000000e+03
1.044000000000000000e+04
3.788000000000000000e+03
1.253900000000000000e+04
1.349200000000000000e+04
4.305000000000000000e+03
7.644000000000000000e+03
1.077000000000000000e+03
4.390000000000000000e+03
1.141300000000000000e+04
1.205000000000000000e+03
9.487000000000000000e+03
9.040000000000000000e+02
8.687000000000000000e+03
1.255400000000000000e+04
1.183100000000000000e+04
1.325900000000000000e+04
1.515900000000000000e+04
1.287700000000000000e+04
1.314000000000000000e+04
1.364800000000000000e+04
1.352600000000000000e+04
7.754000000000000000e+03
1.271100000000000000e+04
1.125500000000000000e+04
1.188200000000000000e+04
7.724000000000000000e+03
8.844000000000000000e+03
1.685700000000000000e+04
1.067200000000000000e+04
1.418000000000000000e+03
6.534000000000000000e+03
1.371600000000000000e+04
5.425000000000000000e+03
1.547300000000000000e+04
9.273000000000000000e+03
1.444400000000000000e+04
8.163000000000000000e+03
4.911000000000000000e+03
8.582000000000000000e+03
1.004600000000000000e+04
7.737000000000000000e+03
3.028000000000000000e+03
1.071500000000000000e+04
1.376200000000000000e+04
1.424700000000000000e+04
9.278000000000000000e+03
1.323000000000000000e+04
3.112000000000000000e+03
1.075700000000000000e+04
1.488400000000000000e+04
1.297600000000000000e+04
1.178400000000000000e+04
1.503900000000000000e+04
1.089500000000000000e+04
1.377700000000000000e+04
1.699900000000000000e+04
8.133000000000000000e+03
1.065300000000000000e+04
6.327000000000000000e+03
4.021000000000000000e+03
1.405900000000000000e+04
1.223800000000000000e+04
7.410000000000000000e+03
7.837000000000000000e+03
1.517700000000000000e+04
1.491500000000000000e+04
7.497000000000000000e+03
8.986000000000000000e+03
7.611000000000000000e+03
1.518700000000000000e+04
1.631300000000000000e+04
1.150300000000000000e+04
1.004800000000000000e+04
1.625000000000000000e+04
1.530300000000000000e+04
1.026700000000000000e+04
7.443000000000000000e+03
1.536800000000000000e+04
4.545000000000000000e+03
1.038300000000000000e+04
1.426700000000000000e+04
1.403000000000000000e+04
1.651400000000000000e+04
3.800000000000000000e+03
1.304900000000000000e+04
1.308600000000000000e+04
8.523000000000000000e+03
6.690000000000000000e+03
1.271200000000000000e+04
1.631200000000000000e+04
1.508800000000000000e+04
1.688000000000000000e+03
1.603500000000000000e+04
1.003900000000000000e+04
1.054800000000000000e+04
6.238000000000000000e+03
1.089400000000000000e+04
1.039200000000000000e+04
1.482200000000000000e+04
1.629700000000000000e+04
8.774000000000000000e+03
1.544600000000000000e+04
1.213000000000000000e+04
1.239700000000000000e+04
1.622000000000000000e+04
8.825000000000000000e+03
1.106000000000000000e+03
8.396000000000000000e+03
1.315300000000000000e+04
1.323800000000000000e+04
9.162000000000000000e+03
1.610700000000000000e+04
5.203000000000000000e+03
1.626700000000000000e+04
6.316000000000000000e+03
1.676300000000000000e+04
1.098700000000000000e+04
1.082400000000000000e+04
5.803000000000000000e+03
4.625000000000000000e+03
1.601100000000000000e+04
1.669400000000000000e+04
7.634000000000000000e+03
1.543100000000000000e+04
2.431000000000000000e+03
1.840700000000000000e+04
1.765800000000000000e+04
1.673700000000000000e+04
3.858000000000000000e+03
1.179600000000000000e+04
1.486600000000000000e+04
9.180000000000000000e+03
9.140000000000000000e+03
9.754000000000000000e+03
1.618800000000000000e+04
1.215300000000000000e+04
1.510400000000000000e+04
1.182400000000000000e+04
1.345300000000000000e+04
9.953000000000000000e+03
6.607000000000000000e+03
1.130800000000000000e+04
6.489000000000000000e+03
1.660600000000000000e+04
5.184000000000000000e+03
5.082000000000000000e+03
1.357500000000000000e+04
1.333400000000000000e+04
1.717500000000000000e+04
1.806500000000000000e+04
8.356000000000000000e+03
7.836000000000000000e+03
1.460000000000000000e+04
1.588700000000000000e+04
1.278200000000000000e+04
1.177200000000000000e+04
1.417700000000000000e+04
7.998000000000000000e+03
7.386000000000000000e+03
1.763300000000000000e+04
5.454000000000000000e+03
9.448000000000000000e+03
1.829400000000000000e+04
7.878000000000000000e+03
1.775800000000000000e+04
1.750500000000000000e+04
1.520100000000000000e+04
1.474700000000000000e+04
1.212900000000000000e+04
1.446600000000000000e+04
1.749100000000000000e+04
1.017200000000000000e+04
1.223700000000000000e+04
7.717000000000000000e+03
1.340000000000000000e+04
1.640300000000000000e+04
1.757600000000000000e+04
1.650700000000000000e+04
1.577300000000000000e+04
1.776600000000000000e+04
7.746000000000000000e+03
8.939000000000000000e+03
8.238000000000000000e+03
1.624900000000000000e+04
7.370000000000000000e+03
1.439100000000000000e+04
1.749200000000000000e+04
6.296000000000000000e+03
8.296000000000000000e+03
1.822300000000000000e+04
5.763000000000000000e+03
1.130700000000000000e+04
1.315400000000000000e+04
1.027700000000000000e+04
1.340100000000000000e+04
1.803700000000000000e+04
8.243000000000000000e+03
3.542000000000000000e+03
6.068000000000000000e+03
1.111200000000000000e+04
1.054700000000000000e+04
1.283500000000000000e+04
9.640000000000000000e+03
5.273000000000000000e+03
1.314100000000000000e+04
1.815500000000000000e+04
1.932000000000000000e+03
1.804600000000000000e+04
1.581800000000000000e+04
9.247000000000000000e+03
1.577400000000000000e+04
1.783900000000000000e+04
7.605000000000000000e+03
1.040300000000000000e+04
6.227000000000000000e+03
9.246000000000000000e+03
1.037600000000000000e+04
1.583900000000000000e+04
1.555800000000000000e+04
1.501700000000000000e+04
1.799700000000000000e+04
1.084700000000000000e+04
1.391500000000000000e+04
2.498000000000000000e+03
1.683800000000000000e+04
1.775700000000000000e+04
1.215200000000000000e+04
1.785900000000000000e+04
1.628600000000000000e+04
7.418000000000000000e+03
6.228000000000000000e+03
1.663500000000000000e+04
6.578000000000000000e+03
8.379000000000000000e+03
1.199500000000000000e+04
1.039300000000000000e+04
1.498900000000000000e+04
3.533000000000000000e+03
1.718800000000000000e+04
7.063000000000000000e+03
1.262100000000000000e+04
8.679000000000000000e+03
1.460100000000000000e+04
6.928000000000000000e+03
1.741500000000000000e+04
1.232000000000000000e+04
4.115000000000000000e+03
7.186000000000000000e+03
1.000200000000000000e+04
3.887000000000000000e+03
1.401600000000000000e+04
1.167600000000000000e+04
1.472400000000000000e+04
1.632800000000000000e+04
1.700300000000000000e+04
1.732300000000000000e+04
1.712000000000000000e+04
7.709000000000000000e+03
5.424000000000000000e+03
1.603600000000000000e+04
1.845100000000000000e+04
1.555900000000000000e+04
1.653300000000000000e+04
1.039700000000000000e+04
1.081200000000000000e+04
1.539700000000000000e+04
1.037200000000000000e+04
1.412800000000000000e+04
1.713700000000000000e+04
1.831900000000000000e+04
1.441600000000000000e+04
1.787400000000000000e+04
1.741400000000000000e+04
5.498000000000000000e+03
1.003300000000000000e+04
8.184000000000000000e+03
1.619700000000000000e+04
9.709000000000000000e+03
1.121000000000000000e+04
1.170400000000000000e+04
1.278100000000000000e+04
1.604900000000000000e+04
1.508700000000000000e+04
1.199600000000000000e+04
1.764900000000000000e+04
1.785000000000000000e+04
5.973000000000000000e+03
1.296300000000000000e+04
4.766000000000000000e+03
1.315500000000000000e+04
1.846700000000000000e+04
1.836500000000000000e+04
