5.750000000000000000e+02
1.205000000000000000e+03
7.440000000000000000e+02
1.276000000000000000e+03
3.542000000000000000e+03
8.380000000000000000e+02
2.938000000000000000e+03
3.220000000000000000e+03
5.723000000000000000e+03
5.728000000000000000e+03
2.427000000000000000e+03
3.788000000000000000e+03
1.240000000000000000e+03
1.106000000000000000e+03
1.932000000000000000e+03
3.800000000000000000e+03
3.208000000000000000e+03
4.766000000000000000e+03
5.092000000000000000e+03
2.645000000000000000e+03
6.068000000000000000e+03
6.534000000000000000e+03
8.995000000000000000e+03
6.238000000000000000e+03
8.775000000000000000e+03
5.351000000000000000e+03
2.597000000000000000e+03
3.564000000000000000e+03
2.913000000000000000e+03
7.063000000000000000e+03
7.466000000000000000e+03
5.880000000000000000e+02
4.937000000000000000e+03
2.295000000000000000e+03
6.928000000000000000e+03
4.911000000000000000e+03
2.930000000000000000e+03
8.323000000000000000e+03
3.858000000000000000e+03
8.709000000000000000e+03
5.744000000000000000e+03
6.227000000000000000e+03
8.770000000000000000e+03
3.900000000000000000e+02
6.228000000000000000e+03
5.203000000000000000e+03
8.301000000000000000e+03
4.030000000000000000e+03
6.595000000000000000e+03
3.986000000000000000e+03
4.196000000000000000e+03
8.345000000000000000e+03
7.879000000000000000e+03
5.973000000000000000e+03
7.709000000000000000e+03
9.162000000000000000e+03
6.217000000000000000e+03
2.498000000000000000e+03
7.418000000000000000e+03
8.192000000000000000e+03
3.028000000000000000e+03
9.679000000000000000e+03
5.771000000000000000e+03
3.867000000000000000e+03
7.140000000000000000e+03
2.169000000000000000e+03
7.746000000000000000e+03
3.163000000000000000e+03
7.765000000000000000e+03
1.022400000000000000e+04
3.430000000000000000e+03
1.071100000000000000e+04
6.035000000000000000e+03
1.837000000000000000e+03
6.296000000000000000e+03
2.126000000000000000e+03
7.370000000000000000e+03
7.634000000000000000e+03
3.598000000000000000e+03
8.700000000000000000e+02
9.140000000000000000e+03
8.609000000000000000e+03
7.724000000000000000e+03
8.184000000000000000e+03
9.298000000000000000e+03
1.176600000000000000e+04
8.679000000000000000e+03
3.476000000000000000e+03
5.763000000000000000e+03
7.377000000000000000e+03
4.993000000000000000e+03
5.590000000000000000e+02
5.425000000000000000e+03
2.484000000000000000e+03
3.555000000000000000e+03
8.243000000000000000e+03
4.671000000000000000e+03
6.885000000000000000e+03
6.898000000000000000e+03
6.952000000000000000e+03
2.098000000000000000e+03
6.054000000000000000e+03
1.003300000000000000e+04
5.474000000000000000e+03
1.174600000000000000e+04
2.772000000000000000e+03
3.857000000000000000e+03
6.908000000000000000e+03
1.055900000000000000e+04
1.009700000000000000e+04
6.316000000000000000e+03
8.233000000000000000e+03
6.272000000000000000e+03
1.155200000000000000e+04
7.386000000000000000e+03
8.290000000000000000e+03
1.476300000000000000e+04
1.084700000000000000e+04
1.147900000000000000e+04
2.947000000000000000e+03
1.460000000000000000e+03
8.578000000000000000e+03
2.727000000000000000e+03
9.247000000000000000e+03
1.004000000000000000e+04
5.416000000000000000e+03
1.071000000000000000e+04
7.075000000000000000e+03
1.017200000000000000e+04
1.141400000000000000e+04
1.256800000000000000e+04
7.737000000000000000e+03
7.934000000000000000e+03
9.154000000000000000e+03
8.654000000000000000e+03
8.038000000000000000e+03
1.311000000000000000e+04
1.871000000000000000e+03
1.179700000000000000e+04
1.004800000000000000e+04
1.245800000000000000e+04
4.528000000000000000e+03
1.116800000000000000e+04
8.825000000000000000e+03
9.180000000000000000e+03
1.039300000000000000e+04
8.244000000000000000e+03
1.174500000000000000e+04
8.378000000000000000e+03
2.541000000000000000e+03
9.487000000000000000e+03
7.754000000000000000e+03
9.777000000000000000e+03
1.254000000000000000e+04
2.563000000000000000e+03
8.163000000000000000e+03
1.291200000000000000e+04
8.939000000000000000e+03
3.039000000000000000e+03
8.986000000000000000e+03
1.159100000000000000e+04
1.159200000000000000e+04
1.380500000000000000e+04
9.767000000000000000e+03
9.246000000000000000e+03
1.815000000000000000e+03
4.834000000000000000e+03
8.523000000000000000e+03
6.138000000000000000e+03
7.165000000000000000e+03
8.205000000000000000e+03
6.489000000000000000e+03
1.037600000000000000e+04
1.232000000000000000e+04
2.837000000000000000e+03
1.181900000000000000e+04
1.488500000000000000e+04
1.278300000000000000e+04
1.218300000000000000e+04
1.063500000000000000e+04
2.226000000000000000e+03
2.596000000000000000e+03
7.511000000000000000e+03
6.578000000000000000e+03
6.348000000000000000e+03
1.139500000000000000e+04
1.501800000000000000e+04
1.525300000000000000e+04
8.388000000000000000e+03
9.995000000000000000e+03
1.306200000000000000e+04
7.717000000000000000e+03
1.177200000000000000e+04
1.516600000000000000e+04
1.406000000000000000e+04
1.314100000000000000e+04
1.426800000000000000e+04
1.441700000000000000e+04
8.446000000000000000e+03
5.407000000000000000e+03
4.755000000000000000e+03
1.182400000000000000e+04
7.660000000000000000e+03
1.271300000000000000e+04
1.524000000000000000e+04
1.355100000000000000e+04
1.428600000000000000e+04
1.315500000000000000e+04
8.796000000000000000e+03
1.262100000000000000e+04
1.349300000000000000e+04
8.727000000000000000e+03
1.020100000000000000e+04
1.129200000000000000e+04
8.648000000000000000e+03
5.108000000000000000e+03
7.838000000000000000e+03
1.227400000000000000e+04
4.520000000000000000e+03
9.962000000000000000e+03
1.223800000000000000e+04
7.412000000000000000e+03
1.075900000000000000e+04
1.051900000000000000e+04
9.418000000000000000e+03
1.688600000000000000e+04
1.359000000000000000e+04
9.060000000000000000e+02
7.617000000000000000e+03
3.279000000000000000e+03
7.708000000000000000e+03
1.962000000000000000e+03
2.637000000000000000e+03
1.315400000000000000e+04
1.469600000000000000e+04
1.398100000000000000e+04
1.213000000000000000e+04
9.117000000000000000e+03
8.844000000000000000e+03
9.672000000000000000e+03
7.410000000000000000e+03
7.496000000000000000e+03
1.477500000000000000e+04
1.333400000000000000e+04
3.578000000000000000e+03
1.607000000000000000e+03
1.083300000000000000e+04
1.151700000000000000e+04
4.179000000000000000e+03
1.071500000000000000e+04
1.535500000000000000e+04
1.280800000000000000e+04
7.560000000000000000e+03
1.613400000000000000e+04
1.370600000000000000e+04
6.611000000000000000e+03
4.692000000000000000e+03
1.653200000000000000e+04
1.707600000000000000e+04
1.478000000000000000e+03
1.667500000000000000e+04
7.960000000000000000e+02
9.544000000000000000e+03
1.570900000000000000e+04
5.052000000000000000e+03
7.519000000000000000e+03
1.615300000000000000e+04
7.725000000000000000e+03
4.713000000000000000e+03
5.538000000000000000e+03
1.460100000000000000e+04
1.638900000000000000e+04
1.482300000000000000e+04
1.305000000000000000e+04
1.296300000000000000e+04
9.720000000000000000e+03
9.509000000000000000e+03
1.543200000000000000e+04
1.127400000000000000e+04
1.112500000000000000e+04
1.569300000000000000e+04
2.428000000000000000e+03
6.577000000000000000e+03
8.726000000000000000e+03
1.239700000000000000e+04
1.374700000000000000e+04
7.443000000000000000e+03
1.223700000000000000e+04
1.078600000000000000e+04
1.034900000000000000e+04
1.170500000000000000e+04
6.339000000000000000e+03
9.480000000000000000e+03
1.836000000000000000e+03
5.209000000000000000e+03
9.273000000000000000e+03
1.403000000000000000e+04
1.301200000000000000e+04
8.039000000000000000e+03
6.929000000000000000e+03
1.004700000000000000e+04
1.678600000000000000e+04
7.156000000000000000e+03
1.510400000000000000e+04
4.805000000000000000e+03
1.653100000000000000e+04
1.534100000000000000e+04
1.575900000000000000e+04
5.989000000000000000e+03
9.963000000000000000e+03
1.541300000000000000e+04
2.881000000000000000e+03
1.639400000000000000e+04
1.081700000000000000e+04
1.122500000000000000e+04
9.466000000000000000e+03
1.244500000000000000e+04
6.160000000000000000e+02
4.054000000000000000e+03
1.585500000000000000e+04
1.417700000000000000e+04
1.308600000000000000e+04
1.594100000000000000e+04
1.788700000000000000e+04
1.407800000000000000e+04
1.450900000000000000e+04
2.623000000000000000e+03
1.345300000000000000e+04
1.249200000000000000e+04
1.725300000000000000e+04
1.643600000000000000e+04
1.632900000000000000e+04
1.633000000000000000e+04
1.552400000000000000e+04
1.163300000000000000e+04
1.226100000000000000e+04
1.041500000000000000e+04
5.925000000000000000e+03
1.647500000000000000e+04
1.507500000000000000e+04
1.308700000000000000e+04
1.619700000000000000e+04
9.214000000000000000e+03
1.304900000000000000e+04
3.389000000000000000e+03
1.849000000000000000e+03
1.966000000000000000e+03
2.569000000000000000e+03
3.923000000000000000e+03
9.221000000000000000e+03
7.287000000000000000e+03
1.719800000000000000e+04
4.921000000000000000e+03
1.278200000000000000e+04
8.793000000000000000e+03
9.330000000000000000e+03
1.805900000000000000e+04
1.707800000000000000e+04
1.183100000000000000e+04
1.626800000000000000e+04
1.712100000000000000e+04
1.461400000000000000e+04
6.613000000000000000e+03
1.223600000000000000e+04
1.253900000000000000e+04
1.751800000000000000e+04
2.967000000000000000e+03
1.595800000000000000e+04
1.595900000000000000e+04
5.800000000000000000e+02
5.764000000000000000e+03
4.872000000000000000e+03
1.065300000000000000e+04
7.900000000000000000e+03
1.439100000000000000e+04
1.751700000000000000e+04
6.922000000000000000e+03
1.555800000000000000e+04
1.577400000000000000e+04
3.655000000000000000e+03
1.041400000000000000e+04
1.034800000000000000e+04
1.179600000000000000e+04
1.803800000000000000e+04
1.695900000000000000e+04
1.707700000000000000e+04
1.083200000000000000e+04
2.322000000000000000e+03
1.501700000000000000e+04
1.746500000000000000e+04
5.818000000000000000e+03
1.488400000000000000e+04
1.547000000000000000e+04
1.581800000000000000e+04
1.785000000000000000e+04
1.183200000000000000e+04
1.765900000000000000e+04
1.061100000000000000e+04
1.661500000000000000e+04
3.053000000000000000e+03
1.700800000000000000e+04
1.323800000000000000e+04
1.520100000000000000e+04
7.625000000000000000e+03
1.782000000000000000e+04
1.089700000000000000e+04
2.127000000000000000e+03
1.660600000000000000e+04
7.250000000000000000e+03
4.028000000000000000e+03
1.231600000000000000e+04
9.317000000000000000e+03
4.704000000000000000e+03
6.764000000000000000e+03
1.522400000000000000e+04
1.414300000000000000e+04
1.111300000000000000e+04
7.836000000000000000e+03
8.377000000000000000e+03
4.863000000000000000e+03
1.167700000000000000e+04
1.424700000000000000e+04
1.391500000000000000e+04
1.741500000000000000e+04
1.454100000000000000e+04
1.430100000000000000e+04
7.241000000000000000e+03
4.611000000000000000e+03
9.641000000000000000e+03
1.444400000000000000e+04
7.305000000000000000e+03
1.231500000000000000e+04
8.379000000000000000e+03
2.685000000000000000e+03
1.111200000000000000e+04
3.680000000000000000e+03
8.524000000000000000e+03
1.628600000000000000e+04
1.297600000000000000e+04
1.555900000000000000e+04
1.202500000000000000e+04
1.738500000000000000e+04
1.371600000000000000e+04
1.296200000000000000e+04
1.479400000000000000e+04
5.027000000000000000e+03
1.845900000000000000e+04
1.275000000000000000e+04
1.046800000000000000e+04
9.917000000000000000e+03
1.530300000000000000e+04
1.786400000000000000e+04
1.659600000000000000e+04
1.101200000000000000e+04
8.647000000000000000e+03
1.827200000000000000e+04
1.044100000000000000e+04
1.785000000000000000e+03
8.420000000000000000e+03
1.322500000000000000e+04
9.331000000000000000e+03
1.629800000000000000e+04
8.289000000000000000e+03
1.285100000000000000e+04
6.139000000000000000e+03
1.368400000000000000e+04
1.084900000000000000e+04
5.185000000000000000e+03
1.673900000000000000e+04
1.456500000000000000e+04
9.964000000000000000e+03
1.466400000000000000e+04
3.892000000000000000e+03
1.543100000000000000e+04
1.254100000000000000e+04
9.255000000000000000e+03
1.084800000000000000e+04
8.671000000000000000e+03
7.644000000000000000e+03
7.465000000000000000e+03
8.558000000000000000e+03
1.604900000000000000e+04
7.916000000000000000e+03
1.426700000000000000e+04
1.178400000000000000e+04
1.529500000000000000e+04
1.505700000000000000e+04
1.283600000000000000e+04
1.307100000000000000e+04
1.315600000000000000e+04
6.405000000000000000e+03
1.676300000000000000e+04
