5.800000000000000000e+02
1.785000000000000000e+03
9.700000000000000000e+01
9.060000000000000000e+02
4.050000000000000000e+03
5.529000000000000000e+03
2.322000000000000000e+03
2.498000000000000000e+03
3.476000000000000000e+03
3.655000000000000000e+03
2.930000000000000000e+03
5.818000000000000000e+03
6.160000000000000000e+02
1.106000000000000000e+03
2.563000000000000000e+03
4.671000000000000000e+03
4.179000000000000000e+03
3.279000000000000000e+03
7.440000000000000000e+02
7.625000000000000000e+03
6.305000000000000000e+03
8.380000000000000000e+02
3.039000000000000000e+03
2.597000000000000000e+03
5.027000000000000000e+03
5.590000000000000000e+02
4.755000000000000000e+03
4.520000000000000000e+03
4.872000000000000000e+03
8.700000000000000000e+02
5.185000000000000000e+03
2.938000000000000000e+03
9.215000000000000000e+03
7.838000000000000000e+03
5.104000000000000000e+03
4.993000000000000000e+03
6.929000000000000000e+03
2.947000000000000000e+03
3.028000000000000000e+03
6.000000000000000000e+03
5.311000000000000000e+03
1.460000000000000000e+03
5.474000000000000000e+03
1.871000000000000000e+03
2.966000000000000000e+03
7.560000000000000000e+03
6.922000000000000000e+03
2.127000000000000000e+03
3.800000000000000000e+03
8.314000000000000000e+03
1.240000000000000000e+03
2.637000000000000000e+03
5.777000000000000000e+03
3.900000000000000000e+02
2.623000000000000000e+03
9.331000000000000000e+03
9.488000000000000000e+03
6.339000000000000000e+03
8.929000000000000000e+03
1.844000000000000000e+03
3.759000000000000000e+03
1.849000000000000000e+03
6.952000000000000000e+03
6.035000000000000000e+03
7.888000000000000000e+03
2.428000000000000000e+03
2.964000000000000000e+03
6.595000000000000000e+03
2.884000000000000000e+03
5.614000000000000000e+03
5.416000000000000000e+03
8.388000000000000000e+03
8.245000000000000000e+03
2.881000000000000000e+03
8.446000000000000000e+03
4.704000000000000000e+03
7.617000000000000000e+03
8.076000000000000000e+03
2.169000000000000000e+03
3.858000000000000000e+03
6.764000000000000000e+03
8.039000000000000000e+03
9.255000000000000000e+03
2.447000000000000000e+03
5.750000000000000000e+02
1.044100000000000000e+04
4.937000000000000000e+03
1.815000000000000000e+03
9.781000000000000000e+03
8.379000000000000000e+03
8.578000000000000000e+03
3.600000000000000000e+02
2.967000000000000000e+03
1.109800000000000000e+04
4.030000000000000000e+03
7.165000000000000000e+03
8.038000000000000000e+03
4.764000000000000000e+03
5.203000000000000000e+03
7.504000000000000000e+03
9.117000000000000000e+03
9.671000000000000000e+03
2.772000000000000000e+03
7.377000000000000000e+03
4.713000000000000000e+03
3.163000000000000000e+03
9.466000000000000000e+03
2.126000000000000000e+03
5.425000000000000000e+03
7.725000000000000000e+03
2.596000000000000000e+03
3.053000000000000000e+03
8.184000000000000000e+03
9.361000000000000000e+03
1.061100000000000000e+04
8.244000000000000000e+03
1.089700000000000000e+04
8.018000000000000000e+03
1.041500000000000000e+04
8.474000000000000000e+03
4.834000000000000000e+03
8.796000000000000000e+03
9.720000000000000000e+03
6.885000000000000000e+03
8.420000000000000000e+03
8.397000000000000000e+03
7.466000000000000000e+03
4.911000000000000000e+03
8.871000000000000000e+03
5.002000000000000000e+03
9.509000000000000000e+03
9.963000000000000000e+03
1.426900000000000000e+04
5.764000000000000000e+03
1.360700000000000000e+04
1.296400000000000000e+04
7.241000000000000000e+03
1.171900000000000000e+04
1.034900000000000000e+04
1.260300000000000000e+04
9.624000000000000000e+03
3.208000000000000000e+03
6.808000000000000000e+03
9.141000000000000000e+03
5.407000000000000000e+03
4.028000000000000000e+03
9.777000000000000000e+03
9.317000000000000000e+03
9.964000000000000000e+03
5.763000000000000000e+03
9.767000000000000000e+03
1.254100000000000000e+04
6.867000000000000000e+03
1.029300000000000000e+04
7.737000000000000000e+03
1.338600000000000000e+04
6.666000000000000000e+03
9.672000000000000000e+03
1.095600000000000000e+04
1.083300000000000000e+04
1.359100000000000000e+04
4.955000000000000000e+03
1.041400000000000000e+04
7.569000000000000000e+03
1.084900000000000000e+04
9.995000000000000000e+03
1.932000000000000000e+03
6.405000000000000000e+03
1.221000000000000000e+03
7.386000000000000000e+03
9.133000000000000000e+03
1.276600000000000000e+04
1.485000000000000000e+04
1.127400000000000000e+04
1.307100000000000000e+04
1.115600000000000000e+04
7.686000000000000000e+03
8.192000000000000000e+03
1.275000000000000000e+04
6.296000000000000000e+03
1.163300000000000000e+04
1.283600000000000000e+04
5.455000000000000000e+03
1.183200000000000000e+04
1.673000000000000000e+03
1.196700000000000000e+04
7.717000000000000000e+03
7.443000000000000000e+03
1.334100000000000000e+04
5.054000000000000000e+03
6.309000000000000000e+03
1.565600000000000000e+04
1.063500000000000000e+04
6.217000000000000000e+03
9.154000000000000000e+03
3.788000000000000000e+03
6.227000000000000000e+03
1.244500000000000000e+04
3.935000000000000000e+03
1.075900000000000000e+04
4.662000000000000000e+03
1.031400000000000000e+04
1.581900000000000000e+04
4.371000000000000000e+03
1.437900000000000000e+04
1.351700000000000000e+04
1.009800000000000000e+04
1.137400000000000000e+04
1.001500000000000000e+04
6.316000000000000000e+03
1.463700000000000000e+04
9.641000000000000000e+03
1.004000000000000000e+04
1.055900000000000000e+04
1.322500000000000000e+04
1.084800000000000000e+04
1.315600000000000000e+04
2.685000000000000000e+03
1.226100000000000000e+04
1.456500000000000000e+04
7.232000000000000000e+03
6.489000000000000000e+03
8.205000000000000000e+03
4.766000000000000000e+03
1.454100000000000000e+04
8.866000000000000000e+03
1.081700000000000000e+04
2.913000000000000000e+03
1.122500000000000000e+04
1.229300000000000000e+04
1.370500000000000000e+04
1.407900000000000000e+04
1.309100000000000000e+04
7.410000000000000000e+03
1.245900000000000000e+04
1.414300000000000000e+04
7.925000000000000000e+03
9.085000000000000000e+03
5.723000000000000000e+03
1.268500000000000000e+04
1.170500000000000000e+04
1.141500000000000000e+04
3.430000000000000000e+03
1.129200000000000000e+04
1.083200000000000000e+04
1.631500000000000000e+04
1.660300000000000000e+04
3.666000000000000000e+03
8.323000000000000000e+03
9.273000000000000000e+03
6.578000000000000000e+03
1.547000000000000000e+04
1.474900000000000000e+04
7.765000000000000000e+03
8.163000000000000000e+03
6.228000000000000000e+03
1.677300000000000000e+04
1.500600000000000000e+04
1.094800000000000000e+04
1.654600000000000000e+04
7.275000000000000000e+03
9.298000000000000000e+03
1.301200000000000000e+04
1.305000000000000000e+04
1.430100000000000000e+04
1.715200000000000000e+04
1.522400000000000000e+04
1.009700000000000000e+04
1.672200000000000000e+04
1.164600000000000000e+04
1.450900000000000000e+04
3.411000000000000000e+03
2.484000000000000000e+03
9.418000000000000000e+03
1.202500000000000000e+04
1.231600000000000000e+04
8.671000000000000000e+03
1.093700000000000000e+04
1.039400000000000000e+04
2.427000000000000000e+03
3.188000000000000000e+03
1.181900000000000000e+04
5.925000000000000000e+03
2.295000000000000000e+03
9.247000000000000000e+03
1.308700000000000000e+04
1.653400000000000000e+04
3.564000000000000000e+03
1.368400000000000000e+04
1.544700000000000000e+04
3.944000000000000000e+03
1.552500000000000000e+04
3.649000000000000000e+03
1.370600000000000000e+04
8.934000000000000000e+03
1.688200000000000000e+04
1.182500000000000000e+04
1.407800000000000000e+04
1.511800000000000000e+04
1.579300000000000000e+04
5.108000000000000000e+03
1.437800000000000000e+04
1.461400000000000000e+04
1.629800000000000000e+04
1.046700000000000000e+04
7.418000000000000000e+03
1.141400000000000000e+04
1.529500000000000000e+04
7.879000000000000000e+03
1.756300000000000000e+04
1.379900000000000000e+04
8.939000000000000000e+03
7.412000000000000000e+03
1.673900000000000000e+04
1.678700000000000000e+04
1.059000000000000000e+04
7.541000000000000000e+03
1.003300000000000000e+04
1.139500000000000000e+04
7.634000000000000000e+03
1.151700000000000000e+04
1.680300000000000000e+04
1.623300000000000000e+04
8.125000000000000000e+03
1.586800000000000000e+04
1.374700000000000000e+04
7.910000000000000000e+03
1.252300000000000000e+04
5.973000000000000000e+03
1.227400000000000000e+04
1.683300000000000000e+04
1.527800000000000000e+04
1.234100000000000000e+04
4.801000000000000000e+03
1.271300000000000000e+04
1.323800000000000000e+04
1.051900000000000000e+04
1.606100000000000000e+04
8.844000000000000000e+03
8.222000000000000000e+03
7.941000000000000000e+03
4.805000000000000000e+03
1.218300000000000000e+04
1.505700000000000000e+04
5.728000000000000000e+03
1.310300000000000000e+04
1.280800000000000000e+04
5.989000000000000000e+03
1.595900000000000000e+04
1.793500000000000000e+04
1.326500000000000000e+04
7.287000000000000000e+03
8.290000000000000000e+03
5.092000000000000000e+03
1.541300000000000000e+04
1.205000000000000000e+03
1.595800000000000000e+04
1.659200000000000000e+04
1.364900000000000000e+04
1.099700000000000000e+04
6.611000000000000000e+03
1.178400000000000000e+04
3.986000000000000000e+03
1.491600000000000000e+04
9.112000000000000000e+03
1.674000000000000000e+04
2.098000000000000000e+03
1.234000000000000000e+04
8.254000000000000000e+03
7.668000000000000000e+03
3.578000000000000000e+03
1.837800000000000000e+04
1.192200000000000000e+04
1.071100000000000000e+04
7.709000000000000000e+03
1.815600000000000000e+04
1.807300000000000000e+04
1.679200000000000000e+04
6.272000000000000000e+03
8.770000000000000000e+03
1.479400000000000000e+04
1.159200000000000000e+04
1.111300000000000000e+04
1.254000000000000000e+04
9.299000000000000000e+03
1.044200000000000000e+04
1.562500000000000000e+04
1.232000000000000000e+04
1.535500000000000000e+04
1.167700000000000000e+04
3.220000000000000000e+03
1.291300000000000000e+04
6.485000000000000000e+03
1.139600000000000000e+04
8.879000000000000000e+03
1.380500000000000000e+04
1.169200000000000000e+04
1.278200000000000000e+04
1.159100000000000000e+04
1.695900000000000000e+04
6.238000000000000000e+03
1.844400000000000000e+04
1.759500000000000000e+04
1.046800000000000000e+04
1.583900000000000000e+04
5.209000000000000000e+03
6.348000000000000000e+03
8.679000000000000000e+03
1.176600000000000000e+04
1.507500000000000000e+04
1.822400000000000000e+04
1.661500000000000000e+04
1.634300000000000000e+04
1.619700000000000000e+04
6.579000000000000000e+03
1.693900000000000000e+04
1.071200000000000000e+04
1.247900000000000000e+04
5.771000000000000000e+03
1.593100000000000000e+04
8.233000000000000000e+03
3.542000000000000000e+03
1.025100000000000000e+04
5.312000000000000000e+03
6.791000000000000000e+03
7.918000000000000000e+03
4.657000000000000000e+03
7.754000000000000000e+03
8.995000000000000000e+03
1.765900000000000000e+04
1.552400000000000000e+04
1.798600000000000000e+04
1.335200000000000000e+04
1.510500000000000000e+04
1.096500000000000000e+04
1.017300000000000000e+04
1.738500000000000000e+04
1.356700000000000000e+04
1.114700000000000000e+04
7.378000000000000000e+03
8.996000000000000000e+03
1.410600000000000000e+04
1.419100000000000000e+04
1.037600000000000000e+04
1.659600000000000000e+04
6.068000000000000000e+03
1.039300000000000000e+04
8.709000000000000000e+03
1.333400000000000000e+04
1.753200000000000000e+04
2.020000000000000000e+03
1.438000000000000000e+04
5.163000000000000000e+03
1.796900000000000000e+04
1.766600000000000000e+04
2.837000000000000000e+03
1.004800000000000000e+04
1.262100000000000000e+04
8.378000000000000000e+03
8.727000000000000000e+03
1.116800000000000000e+04
5.765000000000000000e+03
7.590000000000000000e+03
1.318500000000000000e+04
5.658000000000000000e+03
1.399300000000000000e+04
1.763400000000000000e+04
4.549000000000000000e+03
1.213000000000000000e+04
1.017200000000000000e+04
1.155200000000000000e+04
1.570900000000000000e+04
1.715300000000000000e+04
1.734400000000000000e+04
1.333500000000000000e+04
9.207000000000000000e+03
5.511000000000000000e+03
1.305100000000000000e+04
4.633000000000000000e+03
1.323000000000000000e+04
