9.700000000000000000e+01
4.280000000000000000e+02
2.425000000000000000e+03
2.510000000000000000e+02
6.160000000000000000e+02
1.030000000000000000e+03
5.800000000000000000e+02
2.447000000000000000e+03
5.590000000000000000e+02
1.871000000000000000e+03
4.662000000000000000e+03
2.188000000000000000e+03
5.204000000000000000e+03
4.549000000000000000e+03
1.849000000000000000e+03
3.649000000000000000e+03
2.881000000000000000e+03
2.637000000000000000e+03
2.685000000000000000e+03
1.673000000000000000e+03
1.563000000000000000e+03
3.600000000000000000e+02
8.700000000000000000e+02
2.127000000000000000e+03
3.053000000000000000e+03
2.020000000000000000e+03
9.060000000000000000e+02
7.378000000000000000e+03
5.163000000000000000e+03
6.155000000000000000e+03
3.578000000000000000e+03
2.805000000000000000e+03
1.221000000000000000e+03
6.607000000000000000e+03
5.511000000000000000e+03
6.579000000000000000e+03
1.000300000000000000e+04
4.028000000000000000e+03
6.964000000000000000e+03
5.054000000000000000e+03
5.002000000000000000e+03
2.966000000000000000e+03
4.801000000000000000e+03
7.275000000000000000e+03
4.704000000000000000e+03
6.867000000000000000e+03
6.617000000000000000e+03
7.251000000000000000e+03
1.844000000000000000e+03
3.411000000000000000e+03
5.312000000000000000e+03
8.254000000000000000e+03
2.169000000000000000e+03
4.657000000000000000e+03
4.955000000000000000e+03
2.428000000000000000e+03
6.055000000000000000e+03
5.614000000000000000e+03
9.181000000000000000e+03
6.485000000000000000e+03
1.045100000000000000e+04
9.900000000000000000e+02
7.941000000000000000e+03
6.808000000000000000e+03
2.563000000000000000e+03
5.777000000000000000e+03
9.299000000000000000e+03
5.989000000000000000e+03
5.658000000000000000e+03
1.101300000000000000e+04
6.791000000000000000e+03
7.828000000000000000e+03
1.815000000000000000e+03
2.884000000000000000e+03
9.728000000000000000e+03
3.666000000000000000e+03
1.230600000000000000e+04
7.918000000000000000e+03
6.405000000000000000e+03
3.890000000000000000e+03
1.446000000000000000e+03
2.322000000000000000e+03
7.910000000000000000e+03
9.946000000000000000e+03
9.207000000000000000e+03
2.967000000000000000e+03
2.623000000000000000e+03
5.765000000000000000e+03
9.222000000000000000e+03
3.188000000000000000e+03
8.879000000000000000e+03
3.279000000000000000e+03
3.759000000000000000e+03
7.686000000000000000e+03
6.309000000000000000e+03
4.764000000000000000e+03
8.671000000000000000e+03
1.335300000000000000e+04
1.460000000000000000e+03
8.934000000000000000e+03
7.541000000000000000e+03
4.371000000000000000e+03
1.785000000000000000e+03
4.341000000000000000e+03
5.104000000000000000e+03
7.569000000000000000e+03
1.046800000000000000e+04
6.627000000000000000e+03
9.112000000000000000e+03
1.119300000000000000e+04
7.668000000000000000e+03
6.578000000000000000e+03
9.279000000000000000e+03
8.222000000000000000e+03
1.013600000000000000e+04
1.625000000000000000e+03
2.772000000000000000e+03
4.713000000000000000e+03
8.018000000000000000e+03
7.590000000000000000e+03
9.085000000000000000e+03
4.872000000000000000e+03
2.136000000000000000e+03
2.380000000000000000e+03
7.925000000000000000e+03
8.871000000000000000e+03
1.150400000000000000e+04
1.025100000000000000e+04
7.232000000000000000e+03
8.125000000000000000e+03
1.096500000000000000e+04
1.314300000000000000e+04
8.302000000000000000e+03
1.039400000000000000e+04
8.996000000000000000e+03
1.267000000000000000e+03
3.736000000000000000e+03
1.246000000000000000e+04
6.000000000000000000e+03
8.397000000000000000e+03
7.794000000000000000e+03
5.926000000000000000e+03
8.398000000000000000e+03
1.262200000000000000e+04
9.309000000000000000e+03
7.449000000000000000e+03
5.268000000000000000e+03
3.603000000000000000e+03
5.083000000000000000e+03
1.280900000000000000e+04
8.126000000000000000e+03
5.311000000000000000e+03
1.558700000000000000e+04
7.827000000000000000e+03
1.239800000000000000e+04
5.027000000000000000e+03
1.046700000000000000e+04
1.044200000000000000e+04
9.692000000000000000e+03
2.964000000000000000e+03
1.106000000000000000e+03
9.759000000000000000e+03
1.216900000000000000e+04
6.666000000000000000e+03
1.223900000000000000e+04
4.259000000000000000e+03
7.241000000000000000e+03
3.039000000000000000e+03
3.655000000000000000e+03
1.310300000000000000e+04
1.567400000000000000e+04
1.151800000000000000e+04
2.498000000000000000e+03
1.111300000000000000e+04
8.866000000000000000e+03
1.114700000000000000e+04
1.333500000000000000e+04
4.179000000000000000e+03
1.094800000000000000e+04
1.314200000000000000e+04
1.099700000000000000e+04
1.677400000000000000e+04
1.684900000000000000e+04
3.361000000000000000e+03
1.071200000000000000e+04
1.097300000000000000e+04
5.185000000000000000e+03
1.031400000000000000e+04
1.399300000000000000e+04
1.127500000000000000e+04
1.305100000000000000e+04
1.156100000000000000e+04
1.059000000000000000e+04
7.504000000000000000e+03
1.318500000000000000e+04
9.133000000000000000e+03
1.410600000000000000e+04
1.438000000000000000e+04
7.738000000000000000e+03
3.935000000000000000e+03
9.624000000000000000e+03
1.541400000000000000e+04
1.435000000000000000e+04
6.217000000000000000e+03
3.092000000000000000e+03
1.369400000000000000e+04
1.485100000000000000e+04
1.201700000000000000e+04
6.305000000000000000e+03
1.093700000000000000e+04
1.455200000000000000e+04
1.170600000000000000e+04
8.076000000000000000e+03
1.141500000000000000e+04
8.845000000000000000e+03
1.343200000000000000e+04
6.764000000000000000e+03
1.510500000000000000e+04
9.141000000000000000e+03
8.380000000000000000e+02
3.163000000000000000e+03
1.234000000000000000e+04
1.164600000000000000e+04
1.139600000000000000e+04
1.064700000000000000e+04
1.226200000000000000e+04
2.596000000000000000e+03
3.944000000000000000e+03
1.136600000000000000e+04
1.474800000000000000e+04
5.416000000000000000e+03
1.234100000000000000e+04
5.088000000000000000e+03
4.686000000000000000e+03
1.162000000000000000e+03
1.252300000000000000e+04
5.222000000000000000e+03
8.414000000000000000e+03
5.764000000000000000e+03
1.396100000000000000e+04
1.649200000000000000e+04
3.858000000000000000e+03
2.930000000000000000e+03
1.001500000000000000e+04
1.116900000000000000e+04
1.145800000000000000e+04
8.245000000000000000e+03
1.597700000000000000e+04
1.483600000000000000e+04
4.810000000000000000e+03
1.291300000000000000e+04
1.321600000000000000e+04
7.696000000000000000e+03
1.219500000000000000e+04
9.671000000000000000e+03
1.360000000000000000e+02
1.364900000000000000e+04
1.606200000000000000e+04
1.247900000000000000e+04
5.455000000000000000e+03
9.899000000000000000e+03
6.548000000000000000e+03
1.594200000000000000e+04
7.317000000000000000e+03
1.224300000000000000e+04
4.050000000000000000e+03
8.796000000000000000e+03
1.323900000000000000e+04
1.366000000000000000e+04
1.083200000000000000e+04
1.356700000000000000e+04
1.334200000000000000e+04
1.365000000000000000e+04
1.245900000000000000e+04
1.229300000000000000e+04
1.444500000000000000e+04
1.657200000000000000e+04
4.230000000000000000e+03
9.418000000000000000e+03
9.317000000000000000e+03
2.317000000000000000e+03
1.351700000000000000e+04
1.084800000000000000e+04
6.556000000000000000e+03
5.407000000000000000e+03
1.196700000000000000e+04
9.361000000000000000e+03
8.474000000000000000e+03
1.582000000000000000e+04
1.334300000000000000e+04
7.043000000000000000e+03
1.932000000000000000e+03
1.689700000000000000e+04
1.736600000000000000e+04
8.939000000000000000e+03
1.298600000000000000e+04
2.439000000000000000e+03
1.043000000000000000e+04
2.760000000000000000e+02
1.593100000000000000e+04
1.538600000000000000e+04
1.335400000000000000e+04
1.773100000000000000e+04
8.442000000000000000e+03
1.109900000000000000e+04
4.724000000000000000e+03
7.818000000000000000e+03
1.707900000000000000e+04
6.316000000000000000e+03
1.222300000000000000e+04
1.419100000000000000e+04
6.489000000000000000e+03
7.888000000000000000e+03
1.637400000000000000e+04
1.774600000000000000e+04
8.088000000000000000e+03
1.272500000000000000e+04
1.051900000000000000e+04
1.734500000000000000e+04
1.050300000000000000e+04
9.642000000000000000e+03
9.824000000000000000e+03
6.885000000000000000e+03
1.084900000000000000e+04
1.386900000000000000e+04
4.871000000000000000e+03
1.456600000000000000e+04
9.781000000000000000e+03
5.073000000000000000e+03
1.412000000000000000e+04
9.466000000000000000e+03
1.670700000000000000e+04
1.407900000000000000e+04
9.964000000000000000e+03
1.827300000000000000e+04
1.763400000000000000e+04
6.339000000000000000e+03
1.433200000000000000e+04
8.077000000000000000e+03
1.784000000000000000e+04
1.471600000000000000e+04
1.041400000000000000e+04
1.643700000000000000e+04
8.460000000000000000e+03
6.281000000000000000e+03
1.105800000000000000e+04
1.502500000000000000e+04
1.766600000000000000e+04
4.805000000000000000e+03
3.028000000000000000e+03
1.017300000000000000e+04
1.628700000000000000e+04
1.437900000000000000e+04
4.993000000000000000e+03
8.420000000000000000e+03
1.335200000000000000e+04
1.578800000000000000e+04
1.385000000000000000e+03
1.479600000000000000e+04
3.476000000000000000e+03
1.231600000000000000e+04
1.693900000000000000e+04
1.486700000000000000e+04
1.312300000000000000e+04
1.471300000000000000e+04
5.763000000000000000e+03
5.973000000000000000e+03
4.520000000000000000e+03
1.757700000000000000e+04
7.917000000000000000e+03
1.501900000000000000e+04
1.351200000000000000e+04
1.326500000000000000e+04
6.611000000000000000e+03
7.165000000000000000e+03
1.531100000000000000e+04
1.622100000000000000e+04
1.836900000000000000e+04
6.228000000000000000e+03
1.736400000000000000e+04
1.708000000000000000e+04
1.617300000000000000e+04
1.749300000000000000e+04
4.140000000000000000e+03
1.247800000000000000e+04
3.266000000000000000e+03
1.009800000000000000e+04
1.491600000000000000e+04
7.725000000000000000e+03
1.379900000000000000e+04
1.185700000000000000e+04
4.755000000000000000e+03
1.437800000000000000e+04
1.029300000000000000e+04
1.715300000000000000e+04
1.736500000000000000e+04
1.722600000000000000e+04
1.182500000000000000e+04
1.466500000000000000e+04
1.544700000000000000e+04
1.734400000000000000e+04
1.756400000000000000e+04
1.807400000000000000e+04
7.985000000000000000e+03
1.427000000000000000e+04
9.255000000000000000e+03
1.244500000000000000e+04
8.314000000000000000e+03
7.617000000000000000e+03
6.239000000000000000e+03
1.127600000000000000e+04
8.357000000000000000e+03
3.766000000000000000e+03
1.825500000000000000e+04
1.757900000000000000e+04
9.025000000000000000e+03
8.995000000000000000e+03
6.922000000000000000e+03
9.672000000000000000e+03
3.824000000000000000e+03
5.757000000000000000e+03
9.086000000000000000e+03
1.667600000000000000e+04
9.995000000000000000e+03
1.034900000000000000e+04
1.202500000000000000e+04
1.163300000000000000e+04
1.315600000000000000e+04
1.500600000000000000e+04
1.137400000000000000e+04
2.795000000000000000e+03
1.639400000000000000e+04
1.344300000000000000e+04
8.205000000000000000e+03
2.597000000000000000e+03
1.275000000000000000e+04
1.439200000000000000e+04
1.526100000000000000e+04
1.500700000000000000e+04
3.457000000000000000e+03
1.701900000000000000e+04
1.326000000000000000e+04
1.685000000000000000e+03
1.552700000000000000e+04
6.035000000000000000e+03
9.488000000000000000e+03
8.039000000000000000e+03
1.606100000000000000e+04
1.643800000000000000e+04
1.305200000000000000e+04
8.402000000000000000e+03
1.795600000000000000e+04
1.160100000000000000e+04
1.680400000000000000e+04
1.661600000000000000e+04
7.661000000000000000e+03
1.552600000000000000e+04
1.303900000000000000e+04
1.033800000000000000e+04
