4.280000000000000000e+02
9.700000000000000000e+01
2.510000000000000000e+02
6.160000000000000000e+02
5.590000000000000000e+02
2.805000000000000000e+03
1.563000000000000000e+03
1.030000000000000000e+03
1.446000000000000000e+03
3.890000000000000000e+03
2.188000000000000000e+03
2.020000000000000000e+03
1.673000000000000000e+03
2.380000000000000000e+03
2.136000000000000000e+03
1.221000000000000000e+03
3.600000000000000000e+02
5.800000000000000000e+02
5.083000000000000000e+03
2.439000000000000000e+03
3.766000000000000000e+03
1.849000000000000000e+03
3.411000000000000000e+03
3.578000000000000000e+03
1.385000000000000000e+03
3.266000000000000000e+03
4.341000000000000000e+03
2.760000000000000000e+02
2.428000000000000000e+03
3.824000000000000000e+03
2.127000000000000000e+03
2.685000000000000000e+03
6.617000000000000000e+03
6.239000000000000000e+03
3.361000000000000000e+03
6.055000000000000000e+03
7.738000000000000000e+03
7.827000000000000000e+03
1.267000000000000000e+03
3.649000000000000000e+03
4.724000000000000000e+03
9.060000000000000000e+02
2.447000000000000000e+03
3.666000000000000000e+03
5.088000000000000000e+03
5.073000000000000000e+03
2.884000000000000000e+03
5.926000000000000000e+03
8.700000000000000000e+02
3.092000000000000000e+03
8.845000000000000000e+03
8.302000000000000000e+03
3.457000000000000000e+03
1.262000000000000000e+03
5.765000000000000000e+03
7.251000000000000000e+03
5.757000000000000000e+03
8.996000000000000000e+03
6.627000000000000000e+03
4.028000000000000000e+03
4.810000000000000000e+03
9.824000000000000000e+03
2.317000000000000000e+03
1.460000000000000000e+03
5.204000000000000000e+03
7.696000000000000000e+03
3.603000000000000000e+03
2.967000000000000000e+03
3.837000000000000000e+03
6.753000000000000000e+03
8.442000000000000000e+03
4.801000000000000000e+03
4.871000000000000000e+03
4.259000000000000000e+03
1.162000000000000000e+03
4.371000000000000000e+03
8.460000000000000000e+03
6.607000000000000000e+03
2.425000000000000000e+03
7.043000000000000000e+03
7.449000000000000000e+03
7.917000000000000000e+03
1.625000000000000000e+03
1.360000000000000000e+02
4.657000000000000000e+03
5.268000000000000000e+03
1.170600000000000000e+04
6.155000000000000000e+03
2.623000000000000000e+03
9.086000000000000000e+03
4.159000000000000000e+03
2.966000000000000000e+03
3.188000000000000000e+03
4.549000000000000000e+03
1.017300000000000000e+04
9.900000000000000000e+02
5.658000000000000000e+03
4.738000000000000000e+03
3.163000000000000000e+03
6.485000000000000000e+03
8.826000000000000000e+03
7.312000000000000000e+03
6.964000000000000000e+03
5.312000000000000000e+03
6.309000000000000000e+03
9.728000000000000000e+03
5.163000000000000000e+03
1.064700000000000000e+04
9.309000000000000000e+03
1.043000000000000000e+04
4.633000000000000000e+03
1.871000000000000000e+03
5.054000000000000000e+03
7.794000000000000000e+03
7.590000000000000000e+03
6.791000000000000000e+03
6.666000000000000000e+03
2.964000000000000000e+03
1.050300000000000000e+04
1.127600000000000000e+04
5.222000000000000000e+03
1.156100000000000000e+04
8.398000000000000000e+03
9.692000000000000000e+03
8.857000000000000000e+03
8.303000000000000000e+03
9.222000000000000000e+03
8.414000000000000000e+03
8.126000000000000000e+03
7.317000000000000000e+03
5.511000000000000000e+03
1.219500000000000000e+04
4.703000000000000000e+03
5.989000000000000000e+03
7.985000000000000000e+03
7.828000000000000000e+03
4.764000000000000000e+03
3.944000000000000000e+03
1.097900000000000000e+04
1.222300000000000000e+04
1.116900000000000000e+04
7.918000000000000000e+03
4.686000000000000000e+03
3.053000000000000000e+03
1.010700000000000000e+04
5.002000000000000000e+03
6.281000000000000000e+03
1.305200000000000000e+04
3.935000000000000000e+03
1.298600000000000000e+04
1.281000000000000000e+04
3.736000000000000000e+03
8.088000000000000000e+03
1.204300000000000000e+04
9.899000000000000000e+03
1.109900000000000000e+04
1.263600000000000000e+04
1.345900000000000000e+04
1.247800000000000000e+04
1.844000000000000000e+03
1.224300000000000000e+04
1.151800000000000000e+04
1.136600000000000000e+04
1.114000000000000000e+04
1.272500000000000000e+04
1.087300000000000000e+04
1.145800000000000000e+04
4.843000000000000000e+03
1.216900000000000000e+04
1.281600000000000000e+04
2.637000000000000000e+03
1.366000000000000000e+04
4.230000000000000000e+03
9.759000000000000000e+03
1.439200000000000000e+04
1.351200000000000000e+04
7.111000000000000000e+03
3.965000000000000000e+03
1.486700000000000000e+04
8.402000000000000000e+03
1.605000000000000000e+04
2.429000000000000000e+03
9.946000000000000000e+03
1.531100000000000000e+04
1.334300000000000000e+04
4.713000000000000000e+03
5.407000000000000000e+03
1.565700000000000000e+04
7.541000000000000000e+03
1.419100000000000000e+04
6.548000000000000000e+03
9.642000000000000000e+03
6.405000000000000000e+03
1.526100000000000000e+04
9.017000000000000000e+03
5.455000000000000000e+03
8.866000000000000000e+03
1.323900000000000000e+04
1.226200000000000000e+04
1.500700000000000000e+04
1.023600000000000000e+04
9.279000000000000000e+03
1.433200000000000000e+04
1.685000000000000000e+03
1.785000000000000000e+03
5.311000000000000000e+03
1.433300000000000000e+04
1.386900000000000000e+04
1.419200000000000000e+04
1.501900000000000000e+04
1.412000000000000000e+04
8.125000000000000000e+03
1.661600000000000000e+04
1.071200000000000000e+04
1.471600000000000000e+04
1.335200000000000000e+04
1.312300000000000000e+04
1.466500000000000000e+04
1.013600000000000000e+04
8.879000000000000000e+03
1.220600000000000000e+04
1.062600000000000000e+04
1.149100000000000000e+04
7.661000000000000000e+03
1.097300000000000000e+04
1.160100000000000000e+04
7.910000000000000000e+03
1.305300000000000000e+04
5.246000000000000000e+03
1.303900000000000000e+04
1.344300000000000000e+04
9.207000000000000000e+03
1.508900000000000000e+04
8.357000000000000000e+03
1.548100000000000000e+04
8.199000000000000000e+03
1.326000000000000000e+04
4.955000000000000000e+03
1.044200000000000000e+04
1.185700000000000000e+04
9.347000000000000000e+03
4.704000000000000000e+03
2.881000000000000000e+03
1.444500000000000000e+04
1.150400000000000000e+04
3.715000000000000000e+03
1.238600000000000000e+04
4.720000000000000000e+03
9.418000000000000000e+03
1.246000000000000000e+04
1.617300000000000000e+04
9.181000000000000000e+03
1.483600000000000000e+04
1.099700000000000000e+04
1.201700000000000000e+04
1.456600000000000000e+04
1.815000000000000000e+03
8.934000000000000000e+03
1.115300000000000000e+04
4.662000000000000000e+03
7.668000000000000000e+03
1.335400000000000000e+04
3.279000000000000000e+03
1.365000000000000000e+04
6.415000000000000000e+03
2.169000000000000000e+03
1.643800000000000000e+04
1.265300000000000000e+04
1.380000000000000000e+04
1.305500000000000000e+04
2.772000000000000000e+03
1.427000000000000000e+04
1.285200000000000000e+04
1.431800000000000000e+04
6.579000000000000000e+03
1.321600000000000000e+04
1.114700000000000000e+04
9.025000000000000000e+03
7.941000000000000000e+03
1.239800000000000000e+04
1.247900000000000000e+04
1.084800000000000000e+04
1.628700000000000000e+04
5.104000000000000000e+03
1.647600000000000000e+04
1.320300000000000000e+04
8.077000000000000000e+03
1.643700000000000000e+04
1.362400000000000000e+04
1.680400000000000000e+04
4.140000000000000000e+03
1.089800000000000000e+04
7.818000000000000000e+03
5.700000000000000000e+02
8.254000000000000000e+03
1.234100000000000000e+04
1.675900000000000000e+04
1.626900000000000000e+04
1.531200000000000000e+04
1.594600000000000000e+04
1.582000000000000000e+04
1.622100000000000000e+04
1.617400000000000000e+04
2.795000000000000000e+03
2.563000000000000000e+03
1.722600000000000000e+04
1.101300000000000000e+04
8.710000000000000000e+03
6.489000000000000000e+03
6.867000000000000000e+03
1.291300000000000000e+04
7.232000000000000000e+03
6.556000000000000000e+03
1.554400000000000000e+04
6.561000000000000000e+03
1.932000000000000000e+03
6.764000000000000000e+03
1.359200000000000000e+04
1.479600000000000000e+04
1.670700000000000000e+04
1.369400000000000000e+04
1.154300000000000000e+04
1.396100000000000000e+04
1.045100000000000000e+04
1.314300000000000000e+04
1.230600000000000000e+04
1.594200000000000000e+04
1.766000000000000000e+04
1.305400000000000000e+04
7.867000000000000000e+03
1.182500000000000000e+04
1.092100000000000000e+04
5.764000000000000000e+03
1.334200000000000000e+04
1.795600000000000000e+04
1.701900000000000000e+04
1.373200000000000000e+04
1.505800000000000000e+04
1.382700000000000000e+04
1.292300000000000000e+04
9.118000000000000000e+03
6.765000000000000000e+03
1.343200000000000000e+04
1.049500000000000000e+04
8.420000000000000000e+03
9.963000000000000000e+03
1.702000000000000000e+04
1.479500000000000000e+04
1.610800000000000000e+04
1.127500000000000000e+04
1.818800000000000000e+04
1.051900000000000000e+04
9.624000000000000000e+03
1.538600000000000000e+04
9.141000000000000000e+03
1.056800000000000000e+04
8.389000000000000000e+03
1.437000000000000000e+03
5.953000000000000000e+03
1.382800000000000000e+04
1.756500000000000000e+04
1.474800000000000000e+04
2.498000000000000000e+03
1.046700000000000000e+04
1.657200000000000000e+04
5.533000000000000000e+03
1.081700000000000000e+04
5.614000000000000000e+03
1.455200000000000000e+04
1.749300000000000000e+04
1.756400000000000000e+04
1.599000000000000000e+04
1.766100000000000000e+04
1.765000000000000000e+04
1.368400000000000000e+04
1.660300000000000000e+04
4.179000000000000000e+03
1.829000000000000000e+04
1.719000000000000000e+03
1.471300000000000000e+04
1.502500000000000000e+04
7.925000000000000000e+03
1.759600000000000000e+04
8.509000000000000000e+03
1.105800000000000000e+04
1.637400000000000000e+04
1.757700000000000000e+04
1.096600000000000000e+04
1.811300000000000000e+04
5.777000000000000000e+03
1.039400000000000000e+04
3.780000000000000000e+03
4.382000000000000000e+03
1.474900000000000000e+04
7.378000000000000000e+03
1.318500000000000000e+04
1.653500000000000000e+04
1.669500000000000000e+04
1.124300000000000000e+04
1.757900000000000000e+04
1.552600000000000000e+04
5.074000000000000000e+03
1.667600000000000000e+04
1.586800000000000000e+04
1.567400000000000000e+04
1.847700000000000000e+04
1.689800000000000000e+04
1.783200000000000000e+04
1.813300000000000000e+04
9.010000000000000000e+03
3.883000000000000000e+03
9.102000000000000000e+03
5.416000000000000000e+03
7.569000000000000000e+03
1.736400000000000000e+04
1.046800000000000000e+04
1.715400000000000000e+04
8.255000000000000000e+03
8.370000000000000000e+02
1.033800000000000000e+04
8.245000000000000000e+03
1.041400000000000000e+04
3.759000000000000000e+03
1.119300000000000000e+04
1.609500000000000000e+04
1.797500000000000000e+04
7.844000000000000000e+03
8.050000000000000000e+03
8.867000000000000000e+03
7.600000000000000000e+02
8.159000000000000000e+03
1.351700000000000000e+04
1.223900000000000000e+04
1.597700000000000000e+04
9.092000000000000000e+03
1.174700000000000000e+04
8.397000000000000000e+03
1.510500000000000000e+04
1.708000000000000000e+04
3.760000000000000000e+03
6.777000000000000000e+03
8.051000000000000000e+03
1.094800000000000000e+04
1.096500000000000000e+04
1.578800000000000000e+04
1.000300000000000000e+04
7.275000000000000000e+03
1.305100000000000000e+04
9.112000000000000000e+03
1.422800000000000000e+04
3.397000000000000000e+03
1.213100000000000000e+04
2.596000000000000000e+03
6.885000000000000000e+03
1.025100000000000000e+04
8.222000000000000000e+03
4.719000000000000000e+03
1.266700000000000000e+04
1.657400000000000000e+04
6.838000000000000000e+03
1.802700000000000000e+04
9.673000000000000000e+03
1.328500000000000000e+04
1.064000000000000000e+04
