7.600000000000000000e+02
2.760000000000000000e+02
8.370000000000000000e+02
4.990000000000000000e+02
5.700000000000000000e+02
1.523000000000000000e+03
1.360000000000000000e+02
7.000000000000000000e+01
5.970000000000000000e+02
2.148000000000000000e+03
1.437000000000000000e+03
3.454000000000000000e+03
9.900000000000000000e+02
1.719000000000000000e+03
3.397000000000000000e+03
3.671000000000000000e+03
1.685000000000000000e+03
3.260000000000000000e+02
2.795000000000000000e+03
3.293000000000000000e+03
4.140000000000000000e+03
1.031000000000000000e+03
5.573000000000000000e+03
1.267000000000000000e+03
3.486000000000000000e+03
8.830000000000000000e+02
3.301000000000000000e+03
3.536000000000000000e+03
6.209000000000000000e+03
5.389000000000000000e+03
4.075000000000000000e+03
4.160000000000000000e+03
2.429000000000000000e+03
3.435000000000000000e+03
4.989000000000000000e+03
4.896000000000000000e+03
1.082000000000000000e+03
5.927000000000000000e+03
3.965000000000000000e+03
1.162000000000000000e+03
4.922000000000000000e+03
3.780000000000000000e+03
1.881000000000000000e+03
5.562000000000000000e+03
6.917000000000000000e+03
6.486000000000000000e+03
5.300000000000000000e+03
5.258000000000000000e+03
5.963000000000000000e+03
4.539000000000000000e+03
4.382000000000000000e+03
2.734000000000000000e+03
6.661000000000000000e+03
1.815000000000000000e+03
6.988000000000000000e+03
7.857000000000000000e+03
7.001000000000000000e+03
3.805000000000000000e+03
4.672000000000000000e+03
1.125000000000000000e+03
4.614000000000000000e+03
4.750000000000000000e+03
3.017000000000000000e+03
7.403000000000000000e+03
8.680000000000000000e+03
7.296000000000000000e+03
8.454000000000000000e+03
3.919000000000000000e+03
7.819000000000000000e+03
2.948000000000000000e+03
2.890000000000000000e+02
4.230000000000000000e+03
6.879000000000000000e+03
5.602000000000000000e+03
2.317000000000000000e+03
7.365000000000000000e+03
5.003000000000000000e+03
4.159000000000000000e+03
6.282000000000000000e+03
5.028000000000000000e+03
6.838000000000000000e+03
4.065000000000000000e+03
8.431000000000000000e+03
4.730000000000000000e+03
8.748000000000000000e+03
9.431000000000000000e+03
6.777000000000000000e+03
9.325000000000000000e+03
3.883000000000000000e+03
6.229000000000000000e+03
4.843000000000000000e+03
8.489000000000000000e+03
1.118700000000000000e+04
4.720000000000000000e+03
1.039500000000000000e+04
3.294000000000000000e+03
3.760000000000000000e+03
1.221000000000000000e+03
5.919000000000000000e+03
5.953000000000000000e+03
5.855000000000000000e+03
9.004000000000000000e+03
1.385000000000000000e+03
3.955000000000000000e+03
9.289000000000000000e+03
7.985000000000000000e+03
1.008300000000000000e+04
2.283000000000000000e+03
4.307000000000000000e+03
1.282100000000000000e+04
9.280000000000000000e+03
8.531000000000000000e+03
3.736000000000000000e+03
8.206000000000000000e+03
5.074000000000000000e+03
4.745000000000000000e+03
6.242000000000000000e+03
1.099800000000000000e+04
9.791000000000000000e+03
1.029400000000000000e+04
7.491000000000000000e+03
8.490000000000000000e+03
7.661000000000000000e+03
3.715000000000000000e+03
6.040000000000000000e+03
1.957000000000000000e+03
1.049500000000000000e+04
1.174700000000000000e+04
8.987000000000000000e+03
1.132700000000000000e+04
1.144400000000000000e+04
8.776000000000000000e+03
8.839000000000000000e+03
1.032500000000000000e+04
4.485000000000000000e+03
9.782000000000000000e+03
1.412900000000000000e+04
6.831000000000000000e+03
5.338000000000000000e+03
4.686000000000000000e+03
1.046900000000000000e+04
6.821000000000000000e+03
6.218000000000000000e+03
7.839000000000000000e+03
2.878000000000000000e+03
1.033800000000000000e+04
7.844000000000000000e+03
9.965000000000000000e+03
1.054900000000000000e+04
8.291000000000000000e+03
1.157000000000000000e+04
9.525000000000000000e+03
1.932000000000000000e+03
5.533000000000000000e+03
6.878000000000000000e+03
3.457000000000000000e+03
8.500000000000000000e+03
8.050000000000000000e+03
1.135100000000000000e+04
9.163000000000000000e+03
8.867000000000000000e+03
9.100000000000000000e+03
5.097000000000000000e+03
4.738000000000000000e+03
3.837000000000000000e+03
1.135000000000000000e+04
1.331100000000000000e+04
1.096600000000000000e+04
9.102000000000000000e+03
2.510000000000000000e+02
1.461500000000000000e+04
1.238700000000000000e+04
8.374000000000000000e+03
9.010000000000000000e+03
9.593000000000000000e+03
3.600000000000000000e+02
6.561000000000000000e+03
1.428700000000000000e+04
9.087000000000000000e+03
4.418000000000000000e+03
6.765000000000000000e+03
1.463000000000000000e+04
1.249300000000000000e+04
9.625000000000000000e+03
8.389000000000000000e+03
1.185800000000000000e+04
1.318900000000000000e+04
1.088400000000000000e+04
9.362000000000000000e+03
1.444700000000000000e+04
6.415000000000000000e+03
1.224000000000000000e+04
9.344000000000000000e+03
9.017000000000000000e+03
4.719000000000000000e+03
7.111000000000000000e+03
4.633000000000000000e+03
7.755000000000000000e+03
8.051000000000000000e+03
8.159000000000000000e+03
1.064000000000000000e+04
3.361000000000000000e+03
9.025000000000000000e+03
9.493000000000000000e+03
1.151900000000000000e+04
3.935000000000000000e+03
1.328500000000000000e+04
9.687000000000000000e+03
1.446000000000000000e+03
9.848000000000000000e+03
8.040000000000000000e+03
1.195400000000000000e+04
7.845000000000000000e+03
9.673000000000000000e+03
3.235000000000000000e+03
9.118000000000000000e+03
1.105800000000000000e+04
8.402000000000000000e+03
1.172700000000000000e+04
1.414400000000000000e+04
1.317500000000000000e+04
2.380000000000000000e+03
1.419300000000000000e+04
1.161500000000000000e+04
9.182000000000000000e+03
8.815000000000000000e+03
9.433000000000000000e+03
1.321700000000000000e+04
1.085700000000000000e+04
1.197500000000000000e+04
1.406100000000000000e+04
8.411000000000000000e+03
1.059100000000000000e+04
4.875000000000000000e+03
7.867000000000000000e+03
1.265400000000000000e+04
1.124400000000000000e+04
1.469700000000000000e+04
1.262000000000000000e+03
1.311100000000000000e+04
8.077000000000000000e+03
1.081700000000000000e+04
6.548000000000000000e+03
1.213100000000000000e+04
1.522500000000000000e+04
1.016200000000000000e+04
1.125600000000000000e+04
8.016000000000000000e+03
7.960000000000000000e+03
1.061200000000000000e+04
1.563000000000000000e+03
8.255000000000000000e+03
1.495900000000000000e+04
5.222000000000000000e+03
1.370700000000000000e+04
1.504000000000000000e+04
1.183300000000000000e+04
2.964000000000000000e+03
1.451000000000000000e+04
1.341100000000000000e+04
1.584000000000000000e+04
8.760000000000000000e+03
1.576000000000000000e+04
3.188000000000000000e+03
6.281000000000000000e+03
4.703000000000000000e+03
1.680700000000000000e+04
1.312400000000000000e+04
1.320400000000000000e+04
1.401700000000000000e+04
6.886000000000000000e+03
1.497000000000000000e+03
1.371700000000000000e+04
1.422900000000000000e+04
9.092000000000000000e+03
1.244600000000000000e+04
1.384700000000000000e+04
1.385800000000000000e+04
9.018000000000000000e+03
6.403000000000000000e+03
7.232000000000000000e+03
5.268000000000000000e+03
1.376300000000000000e+04
1.336500000000000000e+04
1.648000000000000000e+04
1.349400000000000000e+04
8.127000000000000000e+03
9.849000000000000000e+03
1.368500000000000000e+04
4.751000000000000000e+03
3.092000000000000000e+03
1.557400000000000000e+04
1.014500000000000000e+04
1.516700000000000000e+04
5.794000000000000000e+03
1.481100000000000000e+04
1.343400000000000000e+04
1.409300000000000000e+04
1.500800000000000000e+04
1.474100000000000000e+04
1.704100000000000000e+04
1.345400000000000000e+04
1.374800000000000000e+04
9.155000000000000000e+03
4.810000000000000000e+03
1.387000000000000000e+04
1.770400000000000000e+04
1.006100000000000000e+04
1.607700000000000000e+04
9.847000000000000000e+03
1.613500000000000000e+04
1.296500000000000000e+04
5.491000000000000000e+03
2.274000000000000000e+03
7.868000000000000000e+03
1.137500000000000000e+04
1.269800000000000000e+04
9.721000000000000000e+03
1.463100000000000000e+04
1.198200000000000000e+04
1.625000000000000000e+03
1.490200000000000000e+04
1.678800000000000000e+04
1.636000000000000000e+04
7.192000000000000000e+03
1.536000000000000000e+03
1.602000000000000000e+04
1.464700000000000000e+04
4.814000000000000000e+03
6.556000000000000000e+03
1.023600000000000000e+04
1.783300000000000000e+04
1.552800000000000000e+04
1.352700000000000000e+04
8.088000000000000000e+03
1.844000000000000000e+03
5.246000000000000000e+03
1.124300000000000000e+04
1.631600000000000000e+04
1.778900000000000000e+04
5.590000000000000000e+02
3.411000000000000000e+03
1.462900000000000000e+04
1.534900000000000000e+04
7.182000000000000000e+03
5.136000000000000000e+03
1.651500000000000000e+04
1.343300000000000000e+04
1.311200000000000000e+04
1.056900000000000000e+04
1.633500000000000000e+04
1.248000000000000000e+04
7.714000000000000000e+03
1.359200000000000000e+04
1.444600000000000000e+04
8.904000000000000000e+03
1.727500000000000000e+04
4.259000000000000000e+03
1.534200000000000000e+04
1.444800000000000000e+04
1.427200000000000000e+04
3.944000000000000000e+03
1.355200000000000000e+04
1.601200000000000000e+04
1.384500000000000000e+04
1.635900000000000000e+04
1.773300000000000000e+04
1.206200000000000000e+04
1.115300000000000000e+04
1.569400000000000000e+04
1.620700000000000000e+04
5.455000000000000000e+03
2.020000000000000000e+03
1.273500000000000000e+04
4.908000000000000000e+03
1.111400000000000000e+04
6.691000000000000000e+03
1.741700000000000000e+04
1.149200000000000000e+04
2.714000000000000000e+03
3.766000000000000000e+03
1.705700000000000000e+04
1.674100000000000000e+04
1.460000000000000000e+03
1.266700000000000000e+04
1.441800000000000000e+04
1.804700000000000000e+04
1.826700000000000000e+04
3.106000000000000000e+03
1.384600000000000000e+04
1.167800000000000000e+04
1.804800000000000000e+04
1.094900000000000000e+04
5.778000000000000000e+03
1.344300000000000000e+04
5.105000000000000000e+03
1.650800000000000000e+04
1.588800000000000000e+04
8.710000000000000000e+03
1.525400000000000000e+04
1.725400000000000000e+04
6.941000000000000000e+03
1.591800000000000000e+04
1.636300000000000000e+04
9.347000000000000000e+03
1.062600000000000000e+04
1.551000000000000000e+04
1.797600000000000000e+04
6.396000000000000000e+03
8.135000000000000000e+03
9.642000000000000000e+03
1.505900000000000000e+04
1.543300000000000000e+04
1.552700000000000000e+04
1.491700000000000000e+04
1.741600000000000000e+04
1.691700000000000000e+04
1.456700000000000000e+04
1.185700000000000000e+04
5.583000000000000000e+03
1.417800000000000000e+04
1.446900000000000000e+04
1.472500000000000000e+04
6.427000000000000000e+03
1.004900000000000000e+04
1.612500000000000000e+04
3.266000000000000000e+03
1.207500000000000000e+04
1.601300000000000000e+04
1.355300000000000000e+04
1.705600000000000000e+04
1.814400000000000000e+04
1.835000000000000000e+04
1.541500000000000000e+04
1.755200000000000000e+04
1.747900000000000000e+04
1.729300000000000000e+04
1.409200000000000000e+04
5.566000000000000000e+03
6.019000000000000000e+03
1.806000000000000000e+04
6.698000000000000000e+03
1.068800000000000000e+04
1.218400000000000000e+04
8.357000000000000000e+03
1.773200000000000000e+04
1.302700000000000000e+04
1.817700000000000000e+04
1.664800000000000000e+04
9.744000000000000000e+03
7.860000000000000000e+03
7.297000000000000000e+03
3.603000000000000000e+03
8.303000000000000000e+03
1.408000000000000000e+04
4.350000000000000000e+02
9.850000000000000000e+03
1.092100000000000000e+04
2.623000000000000000e+03
1.056800000000000000e+04
4.724000000000000000e+03
1.578900000000000000e+04
1.813400000000000000e+04
1.662700000000000000e+04
1.798700000000000000e+04
1.404600000000000000e+04
3.130000000000000000e+03
9.759000000000000000e+03
7.043000000000000000e+03
1.477600000000000000e+04
9.086000000000000000e+03
1.259300000000000000e+04
1.382900000000000000e+04
1.271900000000000000e+04
2.805000000000000000e+03
4.871000000000000000e+03
1.554400000000000000e+04
1.285200000000000000e+04
1.292300000000000000e+04
5.088000000000000000e+03
7.210000000000000000e+03
1.793600000000000000e+04
6.717000000000000000e+03
1.121100000000000000e+04
1.007000000000000000e+04
1.761300000000000000e+04
1.696000000000000000e+04
1.469800000000000000e+04
1.342400000000000000e+04
3.098000000000000000e+03
1.305200000000000000e+04
1.010700000000000000e+04
2.136000000000000000e+03
1.149100000000000000e+04
1.657300000000000000e+04
1.485300000000000000e+04
1.669500000000000000e+04
1.316900000000000000e+04
7.578000000000000000e+03
1.000400000000000000e+04
1.467600000000000000e+04
1.385900000000000000e+04
1.065000000000000000e+03
1.677500000000000000e+04
1.145900000000000000e+04
1.641200000000000000e+04
1.182600000000000000e+04
1.234800000000000000e+04
