1.360000000000000000e+02
4.990000000000000000e+02
5.970000000000000000e+02
8.370000000000000000e+02
7.000000000000000000e+01
7.600000000000000000e+02
1.437000000000000000e+03
5.700000000000000000e+02
3.260000000000000000e+02
2.890000000000000000e+02
1.523000000000000000e+03
2.760000000000000000e+02
2.148000000000000000e+03
3.486000000000000000e+03
1.031000000000000000e+03
4.350000000000000000e+02
3.671000000000000000e+03
3.536000000000000000e+03
1.253000000000000000e+03
1.497000000000000000e+03
9.900000000000000000e+02
1.881000000000000000e+03
2.734000000000000000e+03
7.755000000000000000e+03
1.685000000000000000e+03
3.919000000000000000e+03
3.454000000000000000e+03
5.963000000000000000e+03
2.795000000000000000e+03
4.672000000000000000e+03
4.875000000000000000e+03
4.140000000000000000e+03
3.293000000000000000e+03
4.989000000000000000e+03
3.294000000000000000e+03
8.830000000000000000e+02
4.075000000000000000e+03
1.385000000000000000e+03
8.490000000000000000e+03
6.661000000000000000e+03
4.485000000000000000e+03
3.805000000000000000e+03
4.750000000000000000e+03
6.229000000000000000e+03
4.922000000000000000e+03
6.698000000000000000e+03
8.431000000000000000e+03
1.082000000000000000e+03
1.719000000000000000e+03
1.957000000000000000e+03
7.192000000000000000e+03
5.028000000000000000e+03
4.614000000000000000e+03
2.948000000000000000e+03
2.283000000000000000e+03
8.411000000000000000e+03
2.167000000000000000e+03
1.125000000000000000e+03
5.927000000000000000e+03
4.896000000000000000e+03
6.831000000000000000e+03
8.489000000000000000e+03
3.235000000000000000e+03
8.291000000000000000e+03
2.274000000000000000e+03
4.745000000000000000e+03
6.821000000000000000e+03
6.988000000000000000e+03
6.282000000000000000e+03
9.087000000000000000e+03
7.714000000000000000e+03
6.242000000000000000e+03
9.593000000000000000e+03
6.040000000000000000e+03
5.003000000000000000e+03
4.418000000000000000e+03
5.389000000000000000e+03
1.167800000000000000e+04
5.602000000000000000e+03
6.427000000000000000e+03
6.917000000000000000e+03
6.879000000000000000e+03
6.886000000000000000e+03
5.258000000000000000e+03
4.730000000000000000e+03
9.344000000000000000e+03
4.720000000000000000e+03
1.162000000000000000e+03
7.182000000000000000e+03
4.814000000000000000e+03
3.435000000000000000e+03
3.600000000000000000e+02
3.106000000000000000e+03
7.365000000000000000e+03
3.301000000000000000e+03
8.776000000000000000e+03
1.099800000000000000e+04
7.868000000000000000e+03
9.004000000000000000e+03
2.878000000000000000e+03
6.878000000000000000e+03
1.046900000000000000e+04
1.039500000000000000e+04
8.374000000000000000e+03
8.839000000000000000e+03
5.953000000000000000e+03
3.017000000000000000e+03
9.092000000000000000e+03
1.033800000000000000e+04
7.296000000000000000e+03
8.531000000000000000e+03
2.714000000000000000e+03
1.172700000000000000e+04
6.019000000000000000e+03
5.338000000000000000e+03
9.102000000000000000e+03
7.403000000000000000e+03
5.566000000000000000e+03
1.085700000000000000e+04
9.433000000000000000e+03
4.751000000000000000e+03
2.429000000000000000e+03
7.839000000000000000e+03
4.908000000000000000e+03
9.850000000000000000e+03
5.300000000000000000e+03
9.791000000000000000e+03
3.965000000000000000e+03
1.234800000000000000e+04
6.486000000000000000e+03
8.815000000000000000e+03
7.491000000000000000e+03
9.493000000000000000e+03
9.431000000000000000e+03
2.380000000000000000e+03
9.018000000000000000e+03
6.218000000000000000e+03
9.289000000000000000e+03
8.680000000000000000e+03
1.269800000000000000e+04
8.040000000000000000e+03
5.573000000000000000e+03
8.206000000000000000e+03
3.955000000000000000e+03
4.065000000000000000e+03
8.077000000000000000e+03
2.606000000000000000e+03
9.525000000000000000e+03
1.004900000000000000e+04
2.964000000000000000e+03
1.183300000000000000e+04
1.625000000000000000e+03
1.161500000000000000e+04
1.932000000000000000e+03
5.136000000000000000e+03
1.094900000000000000e+04
9.280000000000000000e+03
6.777000000000000000e+03
1.006100000000000000e+04
3.780000000000000000e+03
1.054900000000000000e+04
1.244600000000000000e+04
1.446900000000000000e+04
8.454000000000000000e+03
1.401700000000000000e+04
6.396000000000000000e+03
1.151900000000000000e+04
6.209000000000000000e+03
6.717000000000000000e+03
1.345400000000000000e+04
1.029400000000000000e+04
1.409300000000000000e+04
5.491000000000000000e+03
5.855000000000000000e+03
9.849000000000000000e+03
9.163000000000000000e+03
5.919000000000000000e+03
5.583000000000000000e+03
1.132700000000000000e+04
3.736000000000000000e+03
1.007000000000000000e+04
1.000400000000000000e+04
1.149200000000000000e+04
1.317000000000000000e+04
1.815000000000000000e+03
1.259300000000000000e+04
1.422900000000000000e+04
6.691000000000000000e+03
5.097000000000000000e+03
1.125600000000000000e+04
7.819000000000000000e+03
1.265400000000000000e+04
1.320400000000000000e+04
9.362000000000000000e+03
1.311100000000000000e+04
1.238700000000000000e+04
1.385800000000000000e+04
1.218400000000000000e+04
1.355300000000000000e+04
1.182600000000000000e+04
8.500000000000000000e+03
6.765000000000000000e+03
7.844000000000000000e+03
1.124400000000000000e+04
1.469700000000000000e+04
1.056900000000000000e+04
8.088000000000000000e+03
6.941000000000000000e+03
4.539000000000000000e+03
1.534900000000000000e+04
1.384600000000000000e+04
6.548000000000000000e+03
1.273500000000000000e+04
1.444700000000000000e+04
1.317500000000000000e+04
7.960000000000000000e+03
1.338700000000000000e+04
1.193600000000000000e+04
9.782000000000000000e+03
1.302700000000000000e+04
9.687000000000000000e+03
1.032500000000000000e+04
1.384700000000000000e+04
1.464700000000000000e+04
7.676000000000000000e+03
8.135000000000000000e+03
1.371700000000000000e+04
5.794000000000000000e+03
1.198200000000000000e+04
1.144400000000000000e+04
1.316900000000000000e+04
1.456700000000000000e+04
4.160000000000000000e+03
7.578000000000000000e+03
5.364000000000000000e+03
1.404600000000000000e+04
1.536000000000000000e+03
6.415000000000000000e+03
1.421500000000000000e+04
1.206200000000000000e+04
9.310000000000000000e+02
7.297000000000000000e+03
8.402000000000000000e+03
1.267000000000000000e+03
3.883000000000000000e+03
1.463100000000000000e+04
1.374800000000000000e+04
1.059100000000000000e+04
1.601300000000000000e+04
1.174700000000000000e+04
9.155000000000000000e+03
6.403000000000000000e+03
1.370700000000000000e+04
1.311200000000000000e+04
1.336500000000000000e+04
1.385900000000000000e+04
1.504000000000000000e+04
1.412900000000000000e+04
7.001000000000000000e+03
1.387000000000000000e+04
1.124300000000000000e+04
1.622200000000000000e+04
8.051000000000000000e+03
3.509000000000000000e+03
2.510000000000000000e+02
1.312400000000000000e+04
1.414400000000000000e+04
1.472500000000000000e+04
1.111400000000000000e+04
1.444800000000000000e+04
1.078800000000000000e+04
8.159000000000000000e+03
9.688000000000000000e+03
5.074000000000000000e+03
2.317000000000000000e+03
1.522500000000000000e+04
1.620700000000000000e+04
1.636000000000000000e+04
8.760000000000000000e+03
1.352700000000000000e+04
4.719000000000000000e+03
3.397000000000000000e+03
1.474100000000000000e+04
1.607700000000000000e+04
1.207500000000000000e+04
1.064000000000000000e+04
1.248000000000000000e+04
1.576000000000000000e+04
1.376300000000000000e+04
1.121100000000000000e+04
1.017400000000000000e+04
1.114100000000000000e+04
6.527000000000000000e+03
2.556000000000000000e+03
5.562000000000000000e+03
1.662700000000000000e+04
1.494500000000000000e+04
1.446800000000000000e+04
1.664800000000000000e+04
1.249300000000000000e+04
1.078700000000000000e+04
2.222000000000000000e+03
5.533000000000000000e+03
1.088400000000000000e+04
9.673000000000000000e+03
1.463000000000000000e+04
1.572900000000000000e+04
1.368500000000000000e+04
4.382000000000000000e+03
4.307000000000000000e+03
1.096600000000000000e+04
3.123000000000000000e+03
3.755000000000000000e+03
1.068800000000000000e+04
8.050000000000000000e+03
1.208700000000000000e+04
1.584000000000000000e+04
1.000500000000000000e+04
1.262000000000000000e+03
9.848000000000000000e+03
1.268600000000000000e+04
7.034000000000000000e+03
5.247000000000000000e+03
9.642000000000000000e+03
6.838000000000000000e+03
1.516700000000000000e+04
1.451000000000000000e+04
1.552800000000000000e+04
1.265500000000000000e+04
9.017000000000000000e+03
1.068700000000000000e+04
1.534200000000000000e+04
2.806000000000000000e+03
7.064000000000000000e+03
6.556000000000000000e+03
1.008300000000000000e+04
1.461500000000000000e+04
1.328500000000000000e+04
1.137500000000000000e+04
8.748000000000000000e+03
7.210000000000000000e+03
1.618900000000000000e+04
3.130000000000000000e+03
8.255000000000000000e+03
1.331100000000000000e+04
1.406100000000000000e+04
1.628800000000000000e+04
1.541500000000000000e+04
1.427200000000000000e+04
1.081700000000000000e+04
8.016000000000000000e+03
1.321700000000000000e+04
7.985000000000000000e+03
1.419300000000000000e+04
1.725400000000000000e+04
1.787500000000000000e+04
3.129000000000000000e+03
5.105000000000000000e+03
4.159000000000000000e+03
8.389000000000000000e+03
1.118700000000000000e+04
1.741600000000000000e+04
1.469800000000000000e+04
1.382900000000000000e+04
7.860000000000000000e+03
1.602000000000000000e+04
8.127000000000000000e+03
1.354000000000000000e+04
1.145900000000000000e+04
7.070000000000000000e+03
7.785000000000000000e+03
1.641200000000000000e+04
6.281000000000000000e+03
1.424800000000000000e+04
1.734600000000000000e+04
3.565000000000000000e+03
1.741700000000000000e+04
1.410700000000000000e+04
5.519000000000000000e+03
4.001000000000000000e+03
3.098000000000000000e+03
1.481100000000000000e+04
9.965000000000000000e+03
1.224000000000000000e+04
1.704100000000000000e+04
1.813400000000000000e+04
4.633000000000000000e+03
9.142000000000000000e+03
9.744000000000000000e+03
1.104300000000000000e+04
5.590000000000000000e+02
9.100000000000000000e+03
1.467600000000000000e+04
8.540000000000000000e+03
1.271900000000000000e+04
3.837000000000000000e+03
4.686000000000000000e+03
3.935000000000000000e+03
1.491700000000000000e+04
1.798700000000000000e+04
1.520300000000000000e+04
1.179800000000000000e+04
9.625000000000000000e+03
1.888000000000000000e+03
1.557400000000000000e+04
1.793600000000000000e+04
7.166000000000000000e+03
1.415700000000000000e+04
1.087400000000000000e+04
1.318900000000000000e+04
1.648000000000000000e+04
1.370800000000000000e+04
7.661000000000000000e+03
9.113000000000000000e+03
1.761300000000000000e+04
1.787600000000000000e+04
1.065000000000000000e+03
1.677500000000000000e+04
3.639000000000000000e+03
9.118000000000000000e+03
7.867000000000000000e+03
1.613500000000000000e+04
1.409400000000000000e+04
1.417900000000000000e+04
1.494600000000000000e+04
1.077700000000000000e+04
6.015000000000000000e+03
3.944000000000000000e+03
5.268000000000000000e+03
1.683400000000000000e+04
1.696000000000000000e+04
1.278400000000000000e+04
1.755200000000000000e+04
1.687700000000000000e+04
8.246000000000000000e+03
1.044300000000000000e+04
1.729300000000000000e+04
5.455000000000000000e+03
3.411000000000000000e+03
1.446000000000000000e+03
1.631600000000000000e+04
1.296500000000000000e+04
1.538700000000000000e+04
1.195400000000000000e+04
1.349400000000000000e+04
1.384500000000000000e+04
1.428700000000000000e+04
8.867000000000000000e+03
1.814400000000000000e+04
1.806000000000000000e+04
1.612600000000000000e+04
1.342400000000000000e+04
1.627000000000000000e+04
1.590600000000000000e+04
6.489000000000000000e+03
1.601200000000000000e+04
1.830000000000000000e+04
1.012700000000000000e+04
5.947000000000000000e+03
6.219000000000000000e+03
4.843000000000000000e+03
1.023600000000000000e+04
1.135100000000000000e+04
1.026000000000000000e+04
4.837000000000000000e+03
1.804800000000000000e+04
1.835000000000000000e+04
1.817700000000000000e+04
1.532600000000000000e+04
4.833000000000000000e+03
1.641300000000000000e+04
6.390000000000000000e+03
1.355200000000000000e+04
1.232700000000000000e+04
1.249400000000000000e+04
9.075000000000000000e+03
1.137600000000000000e+04
8.525000000000000000e+03
1.810600000000000000e+04
1.164700000000000000e+04
1.381300000000000000e+04
1.633500000000000000e+04
4.738000000000000000e+03
1.588800000000000000e+04
1.804700000000000000e+04
1.826700000000000000e+04
1.778900000000000000e+04
1.773300000000000000e+04
8.094000000000000000e+03
1.357600000000000000e+04
6.300000000000000000e+03
4.108000000000000000e+03
3.188000000000000000e+03
1.359200000000000000e+04
1.016200000000000000e+04
8.303000000000000000e+03
1.213100000000000000e+04
1.662800000000000000e+04
1.756600000000000000e+04
1.749400000000000000e+04
1.633100000000000000e+04
1.007100000000000000e+04
1.396200000000000000e+04
9.923000000000000000e+03
3.426000000000000000e+03
1.731300000000000000e+04
3.457000000000000000e+03
9.847000000000000000e+03
7.111000000000000000e+03
1.639000000000000000e+04
1.836000000000000000e+04
1.552900000000000000e+04
1.452400000000000000e+04
1.300700000000000000e+04
1.696600000000000000e+04
9.759000000000000000e+03
8.987000000000000000e+03
9.025000000000000000e+03
9.182000000000000000e+03
1.157000000000000000e+04
2.676000000000000000e+03
1.059800000000000000e+04
8.337000000000000000e+03
1.302800000000000000e+04
1.694000000000000000e+04
1.237400000000000000e+04
1.709500000000000000e+04
