7.000000000000000000e+01
2.890000000000000000e+02
3.260000000000000000e+02
5.970000000000000000e+02
4.350000000000000000e+02
1.360000000000000000e+02
1.253000000000000000e+03
1.497000000000000000e+03
3.129000000000000000e+03
9.310000000000000000e+02
2.948000000000000000e+03
4.990000000000000000e+02
4.814000000000000000e+03
1.125000000000000000e+03
2.167000000000000000e+03
2.283000000000000000e+03
2.676000000000000000e+03
1.031000000000000000e+03
1.881000000000000000e+03
3.755000000000000000e+03
3.106000000000000000e+03
6.219000000000000000e+03
4.875000000000000000e+03
3.919000000000000000e+03
7.034000000000000000e+03
3.123000000000000000e+03
7.600000000000000000e+02
3.294000000000000000e+03
5.566000000000000000e+03
2.734000000000000000e+03
6.019000000000000000e+03
3.130000000000000000e+03
1.888000000000000000e+03
6.396000000000000000e+03
4.418000000000000000e+03
7.676000000000000000e+03
4.001000000000000000e+03
1.385000000000000000e+03
2.606000000000000000e+03
6.717000000000000000e+03
5.519000000000000000e+03
4.485000000000000000e+03
2.806000000000000000e+03
2.274000000000000000e+03
4.908000000000000000e+03
7.714000000000000000e+03
8.246000000000000000e+03
7.064000000000000000e+03
2.878000000000000000e+03
9.113000000000000000e+03
2.556000000000000000e+03
2.714000000000000000e+03
4.792000000000000000e+03
1.685000000000000000e+03
1.957000000000000000e+03
6.698000000000000000e+03
9.119000000000000000e+03
8.540000000000000000e+03
4.837000000000000000e+03
3.536000000000000000e+03
1.625000000000000000e+03
8.370000000000000000e+02
5.338000000000000000e+03
6.427000000000000000e+03
7.192000000000000000e+03
3.235000000000000000e+03
3.486000000000000000e+03
6.691000000000000000e+03
4.614000000000000000e+03
3.955000000000000000e+03
1.078700000000000000e+04
8.440000000000000000e+02
3.017000000000000000e+03
3.509000000000000000e+03
5.583000000000000000e+03
3.141000000000000000e+03
8.830000000000000000e+02
8.040000000000000000e+03
7.578000000000000000e+03
6.040000000000000000e+03
2.222000000000000000e+03
4.745000000000000000e+03
4.672000000000000000e+03
6.831000000000000000e+03
6.886000000000000000e+03
7.297000000000000000e+03
5.003000000000000000e+03
1.025900000000000000e+04
5.028000000000000000e+03
7.868000000000000000e+03
5.364000000000000000e+03
4.751000000000000000e+03
7.166000000000000000e+03
1.262000000000000000e+03
1.437000000000000000e+03
8.501000000000000000e+03
1.017400000000000000e+04
3.600000000000000000e+02
9.900000000000000000e+02
1.007000000000000000e+04
6.200000000000000000e+03
5.136000000000000000e+03
6.527000000000000000e+03
5.247000000000000000e+03
4.075000000000000000e+03
3.565000000000000000e+03
1.004900000000000000e+04
8.135000000000000000e+03
1.536000000000000000e+03
4.397000000000000000e+03
4.307000000000000000e+03
4.819000000000000000e+03
4.719000000000000000e+03
1.068700000000000000e+04
1.280000000000000000e+03
5.491000000000000000e+03
4.750000000000000000e+03
1.357600000000000000e+04
8.411000000000000000e+03
1.068800000000000000e+04
1.087400000000000000e+04
6.821000000000000000e+03
7.182000000000000000e+03
4.989000000000000000e+03
1.137600000000000000e+04
4.065000000000000000e+03
4.922000000000000000e+03
1.078900000000000000e+04
9.850000000000000000e+03
1.179800000000000000e+04
1.311300000000000000e+04
1.000400000000000000e+04
5.205000000000000000e+03
8.127000000000000000e+03
1.268600000000000000e+04
7.070000000000000000e+03
4.720000000000000000e+03
1.026000000000000000e+04
1.302800000000000000e+04
9.688000000000000000e+03
6.242000000000000000e+03
1.520200000000000000e+04
1.342400000000000000e+04
1.182600000000000000e+04
8.374000000000000000e+03
3.805000000000000000e+03
9.849000000000000000e+03
1.114100000000000000e+04
4.833000000000000000e+03
3.671000000000000000e+03
8.094000000000000000e+03
1.000500000000000000e+04
6.556000000000000000e+03
6.878000000000000000e+03
1.447000000000000000e+04
6.742000000000000000e+03
1.164700000000000000e+04
6.605000000000000000e+03
1.044300000000000000e+04
6.548000000000000000e+03
1.121100000000000000e+04
1.750000000000000000e+02
5.990000000000000000e+02
9.433000000000000000e+03
8.815000000000000000e+03
5.794000000000000000e+03
1.065000000000000000e+03
1.276700000000000000e+04
9.493000000000000000e+03
8.760000000000000000e+03
1.305600000000000000e+04
9.923000000000000000e+03
6.403000000000000000e+03
1.208700000000000000e+04
9.087000000000000000e+03
1.538700000000000000e+04
7.755000000000000000e+03
5.768000000000000000e+03
1.265500000000000000e+04
3.403000000000000000e+03
1.077700000000000000e+04
1.271900000000000000e+04
9.744000000000000000e+03
9.395000000000000000e+03
1.207500000000000000e+04
1.467600000000000000e+04
9.194000000000000000e+03
8.337000000000000000e+03
1.218400000000000000e+04
7.491000000000000000e+03
1.452300000000000000e+04
1.415700000000000000e+04
8.459000000000000000e+03
2.196000000000000000e+03
5.097000000000000000e+03
1.056900000000000000e+04
9.075000000000000000e+03
1.078800000000000000e+04
1.499000000000000000e+04
4.670000000000000000e+02
6.229000000000000000e+03
1.149200000000000000e+04
5.963000000000000000e+03
9.018000000000000000e+03
1.417900000000000000e+04
1.094900000000000000e+04
3.426000000000000000e+03
1.370800000000000000e+04
1.382900000000000000e+04
1.007100000000000000e+04
1.082000000000000000e+03
1.424800000000000000e+04
1.409400000000000000e+04
2.760000000000000000e+02
1.338700000000000000e+04
5.927000000000000000e+03
1.416700000000000000e+04
1.206300000000000000e+04
1.520300000000000000e+04
1.203800000000000000e+04
8.159000000000000000e+03
6.941000000000000000e+03
1.379100000000000000e+04
3.454000000000000000e+03
9.673000000000000000e+03
1.404600000000000000e+04
1.385900000000000000e+04
1.198200000000000000e+04
1.596000000000000000e+04
9.155000000000000000e+03
7.365000000000000000e+03
1.655600000000000000e+04
7.839000000000000000e+03
1.259300000000000000e+04
1.317000000000000000e+04
1.104300000000000000e+04
1.040400000000000000e+04
7.210000000000000000e+03
1.532600000000000000e+04
9.142000000000000000e+03
1.410700000000000000e+04
8.058000000000000000e+03
1.145900000000000000e+04
1.205400000000000000e+04
1.311200000000000000e+04
1.302700000000000000e+04
2.148000000000000000e+03
5.819000000000000000e+03
1.065700000000000000e+04
1.494600000000000000e+04
6.390000000000000000e+03
1.523000000000000000e+03
1.249400000000000000e+04
1.431000000000000000e+04
1.541900000000000000e+04
5.700000000000000000e+02
1.561100000000000000e+04
9.525000000000000000e+03
1.354000000000000000e+04
8.077000000000000000e+03
1.452400000000000000e+04
8.291000000000000000e+03
1.316900000000000000e+04
1.278400000000000000e+04
1.463200000000000000e+04
9.947000000000000000e+03
1.273500000000000000e+04
1.421500000000000000e+04
8.088000000000000000e+03
7.785000000000000000e+03
9.344000000000000000e+03
1.670800000000000000e+04
1.193600000000000000e+04
9.102000000000000000e+03
1.085700000000000000e+04
1.662800000000000000e+04
1.256000000000000000e+04
1.469800000000000000e+04
1.347800000000000000e+04
1.322600000000000000e+04
4.108000000000000000e+03
1.685000000000000000e+04
1.012700000000000000e+04
5.683000000000000000e+03
1.627000000000000000e+04
3.639000000000000000e+03
3.944000000000000000e+03
1.248000000000000000e+04
1.446800000000000000e+04
1.413000000000000000e+04
6.015000000000000000e+03
1.195600000000000000e+04
1.641300000000000000e+04
1.552900000000000000e+04
7.860000000000000000e+03
1.317100000000000000e+04
4.730000000000000000e+03
1.494500000000000000e+04
8.839000000000000000e+03
1.719900000000000000e+04
6.528000000000000000e+03
8.016000000000000000e+03
6.415000000000000000e+03
1.384500000000000000e+04
1.124400000000000000e+04
5.947000000000000000e+03
6.879000000000000000e+03
1.237400000000000000e+04
1.052000000000000000e+04
1.125600000000000000e+04
1.384600000000000000e+04
1.006100000000000000e+04
1.612600000000000000e+04
1.444800000000000000e+04
1.521400000000000000e+04
1.687700000000000000e+04
1.187000000000000000e+04
1.932000000000000000e+03
1.232700000000000000e+04
1.111400000000000000e+04
6.917000000000000000e+03
3.293000000000000000e+03
1.376300000000000000e+04
1.472500000000000000e+04
1.504100000000000000e+04
8.168000000000000000e+03
6.300000000000000000e+03
2.429000000000000000e+03
1.387000000000000000e+04
1.572900000000000000e+04
8.525000000000000000e+03
5.767000000000000000e+03
3.098000000000000000e+03
5.074000000000000000e+03
9.593000000000000000e+03
8.531000000000000000e+03
1.352700000000000000e+04
1.449400000000000000e+04
1.254300000000000000e+04
2.763000000000000000e+03
1.706300000000000000e+04
2.964000000000000000e+03
6.218000000000000000e+03
1.456700000000000000e+04
1.639000000000000000e+04
1.059800000000000000e+04
9.791000000000000000e+03
8.761000000000000000e+03
8.065000000000000000e+03
9.280000000000000000e+03
9.092000000000000000e+03
4.903000000000000000e+03
1.785400000000000000e+04
4.896000000000000000e+03
1.368500000000000000e+04
1.696000000000000000e+04
1.541500000000000000e+04
1.355300000000000000e+04
1.573000000000000000e+04
1.209800000000000000e+04
1.152000000000000000e+04
6.661000000000000000e+03
1.628800000000000000e+04
1.029400000000000000e+04
1.802800000000000000e+04
1.143100000000000000e+04
9.914000000000000000e+03
6.765000000000000000e+03
1.756600000000000000e+04
1.427200000000000000e+04
1.151900000000000000e+04
1.618900000000000000e+04
6.482000000000000000e+03
1.248200000000000000e+04
1.267000000000000000e+03
5.602000000000000000e+03
1.446900000000000000e+04
8.431000000000000000e+03
1.734600000000000000e+04
1.779000000000000000e+04
1.728900000000000000e+04
1.455300000000000000e+04
1.183400000000000000e+04
5.105000000000000000e+03
1.054900000000000000e+04
1.683400000000000000e+04
1.374800000000000000e+04
1.059100000000000000e+04
1.749400000000000000e+04
1.406200000000000000e+04
1.534300000000000000e+04
8.649000000000000000e+03
1.765000000000000000e+03
1.124300000000000000e+04
5.258000000000000000e+03
1.825100000000000000e+04
1.694000000000000000e+04
1.300700000000000000e+04
1.463100000000000000e+04
1.622200000000000000e+04
8.776000000000000000e+03
1.677500000000000000e+04
5.766000000000000000e+03
1.030100000000000000e+04
6.651000000000000000e+03
2.992000000000000000e+03
7.002000000000000000e+03
1.317500000000000000e+04
1.578800000000000000e+04
9.642000000000000000e+03
6.282000000000000000e+03
1.161500000000000000e+04
1.238700000000000000e+04
1.787600000000000000e+04
8.490000000000000000e+03
1.810600000000000000e+04
1.409500000000000000e+04
8.898000000000000000e+03
9.143000000000000000e+03
1.381300000000000000e+04
7.403000000000000000e+03
1.761300000000000000e+04
1.662900000000000000e+04
1.457600000000000000e+04
1.622300000000000000e+04
1.312400000000000000e+04
1.822500000000000000e+04
9.004000000000000000e+03
1.671000000000000000e+04
1.633100000000000000e+04
1.590600000000000000e+04
2.786000000000000000e+03
2.370000000000000000e+03
1.234800000000000000e+04
1.474100000000000000e+04
1.345400000000000000e+04
1.814500000000000000e+04
1.588900000000000000e+04
1.526200000000000000e+04
1.653700000000000000e+04
9.881000000000000000e+03
1.414700000000000000e+04
1.709500000000000000e+04
1.343400000000000000e+04
1.162000000000000000e+03
1.534200000000000000e+04
1.755200000000000000e+04
3.214000000000000000e+03
1.393100000000000000e+04
1.729300000000000000e+04
1.599700000000000000e+04
3.435000000000000000e+03
1.032500000000000000e+04
5.855000000000000000e+03
9.467000000000000000e+03
4.260000000000000000e+03
8.078000000000000000e+03
1.172700000000000000e+04
1.836000000000000000e+04
1.837700000000000000e+04
1.715500000000000000e+04
3.190000000000000000e+03
4.419000000000000000e+03
3.301000000000000000e+03
7.818000000000000000e+03
6.209000000000000000e+03
1.451000000000000000e+04
5.389000000000000000e+03
1.552800000000000000e+04
1.195500000000000000e+04
9.837000000000000000e+03
3.271000000000000000e+03
3.180000000000000000e+03
1.830900000000000000e+04
1.387200000000000000e+04
3.466000000000000000e+03
9.362000000000000000e+03
7.844000000000000000e+03
3.766000000000000000e+03
1.183300000000000000e+04
3.965000000000000000e+03
1.384700000000000000e+04
1.464700000000000000e+04
1.670900000000000000e+04
1.804900000000000000e+04
1.406300000000000000e+04
1.649300000000000000e+04
1.045200000000000000e+04
1.631700000000000000e+04
2.949000000000000000e+03
1.328600000000000000e+04
7.677000000000000000e+03
5.455000000000000000e+03
1.793600000000000000e+04
1.131800000000000000e+04
1.220700000000000000e+04
9.687000000000000000e+03
1.557800000000000000e+04
1.349400000000000000e+04
1.725400000000000000e+04
1.663000000000000000e+04
5.953000000000000000e+03
1.320400000000000000e+04
1.817700000000000000e+04
1.662700000000000000e+04
1.497500000000000000e+04
1.285300000000000000e+04
1.783400000000000000e+04
1.047000000000000000e+04
5.729000000000000000e+03
1.813400000000000000e+04
1.741600000000000000e+04
5.573000000000000000e+03
1.749500000000000000e+04
8.728000000000000000e+03
1.363700000000000000e+04
2.291000000000000000e+03
6.988000000000000000e+03
7.296000000000000000e+03
1.269800000000000000e+04
1.033800000000000000e+04
1.717300000000000000e+04
6.770000000000000000e+02
1.493200000000000000e+04
