2.630000000000000000e+02
1.750000000000000000e+02
6.770000000000000000e+02
4.670000000000000000e+02
7.000000000000000000e+01
2.196000000000000000e+03
8.440000000000000000e+02
3.180000000000000000e+03
3.098000000000000000e+03
4.350000000000000000e+02
2.949000000000000000e+03
9.310000000000000000e+02
4.780000000000000000e+03
2.556000000000000000e+03
2.786000000000000000e+03
1.765000000000000000e+03
1.280000000000000000e+03
4.419000000000000000e+03
2.291000000000000000e+03
1.888000000000000000e+03
3.271000000000000000e+03
3.403000000000000000e+03
2.763000000000000000e+03
4.903000000000000000e+03
2.222000000000000000e+03
4.490000000000000000e+03
3.426000000000000000e+03
1.536000000000000000e+03
5.507000000000000000e+03
1.640000000000000000e+02
3.141000000000000000e+03
3.466000000000000000e+03
2.370000000000000000e+03
2.806000000000000000e+03
6.487000000000000000e+03
5.804000000000000000e+03
5.075000000000000000e+03
5.838000000000000000e+03
2.606000000000000000e+03
7.808000000000000000e+03
5.767000000000000000e+03
4.260000000000000000e+03
3.565000000000000000e+03
5.766000000000000000e+03
2.890000000000000000e+02
1.262000000000000000e+03
6.580000000000000000e+03
2.992000000000000000e+03
8.830000000000000000e+02
2.274000000000000000e+03
5.729000000000000000e+03
1.777000000000000000e+03
9.134000000000000000e+03
5.778000000000000000e+03
6.061000000000000000e+03
3.156000000000000000e+03
1.957000000000000000e+03
3.214000000000000000e+03
1.007200000000000000e+04
9.126000000000000000e+03
3.898000000000000000e+03
2.920000000000000000e+03
1.081300000000000000e+04
6.015000000000000000e+03
3.251000000000000000e+03
5.205000000000000000e+03
5.990000000000000000e+02
1.625000000000000000e+03
5.768000000000000000e+03
4.397000000000000000e+03
6.858000000000000000e+03
1.125000000000000000e+03
9.371000000000000000e+03
4.001000000000000000e+03
5.947000000000000000e+03
6.300000000000000000e+03
1.941000000000000000e+03
5.178000000000000000e+03
3.639000000000000000e+03
3.130000000000000000e+03
1.149300000000000000e+04
4.375000000000000000e+03
2.714000000000000000e+03
8.898000000000000000e+03
3.509000000000000000e+03
9.467000000000000000e+03
1.047000000000000000e+04
2.010000000000000000e+02
7.960000000000000000e+03
3.123000000000000000e+03
9.674000000000000000e+03
1.003400000000000000e+04
5.794000000000000000e+03
5.295000000000000000e+03
3.600000000000000000e+02
9.837000000000000000e+03
1.360000000000000000e+02
1.031000000000000000e+03
9.305000000000000000e+03
8.168000000000000000e+03
1.163400000000000000e+04
9.432000000000000000e+03
4.151000000000000000e+03
4.197000000000000000e+03
3.190000000000000000e+03
4.792000000000000000e+03
6.605000000000000000e+03
7.259000000000000000e+03
8.078000000000000000e+03
7.986000000000000000e+03
1.371800000000000000e+04
6.742000000000000000e+03
6.482000000000000000e+03
6.651000000000000000e+03
1.194500000000000000e+04
1.315700000000000000e+04
8.326000000000000000e+03
1.548000000000000000e+03
5.105000000000000000e+03
8.007000000000000000e+03
6.528000000000000000e+03
5.247000000000000000e+03
1.183400000000000000e+04
7.070000000000000000e+03
1.253300000000000000e+04
6.941000000000000000e+03
5.097000000000000000e+03
7.785000000000000000e+03
8.065000000000000000e+03
1.045200000000000000e+04
3.805000000000000000e+03
4.791000000000000000e+03
1.222000000000000000e+03
8.771000000000000000e+03
1.065000000000000000e+03
9.966000000000000000e+03
2.878000000000000000e+03
2.676000000000000000e+03
8.728000000000000000e+03
1.234200000000000000e+04
1.292400000000000000e+04
7.210000000000000000e+03
9.256000000000000000e+03
9.595000000000000000e+03
1.217000000000000000e+04
1.363700000000000000e+04
9.479000000000000000e+03
2.167000000000000000e+03
5.683000000000000000e+03
5.819000000000000000e+03
1.199700000000000000e+04
1.104400000000000000e+04
1.438100000000000000e+04
3.247000000000000000e+03
3.106000000000000000e+03
1.105900000000000000e+04
8.028000000000000000e+03
7.788000000000000000e+03
7.739000000000000000e+03
8.459000000000000000e+03
1.436400000000000000e+04
9.914000000000000000e+03
5.365000000000000000e+03
1.272000000000000000e+04
1.254400000000000000e+04
4.819000000000000000e+03
9.947000000000000000e+03
8.134000000000000000e+03
1.166400000000000000e+04
1.175800000000000000e+04
8.601000000000000000e+03
1.343600000000000000e+04
1.139700000000000000e+04
6.799000000000000000e+03
4.167000000000000000e+03
9.881000000000000000e+03
1.265600000000000000e+04
7.112000000000000000e+03
1.110000000000000000e+04
3.235000000000000000e+03
3.755000000000000000e+03
1.218500000000000000e+04
1.444900000000000000e+04
1.486900000000000000e+04
1.267000000000000000e+03
1.155300000000000000e+04
1.415800000000000000e+04
9.558000000000000000e+03
1.031500000000000000e+04
1.285300000000000000e+04
8.256000000000000000e+03
1.394900000000000000e+04
1.449500000000000000e+04
1.491800000000000000e+04
1.402000000000000000e+04
2.590000000000000000e+02
1.472600000000000000e+04
1.281100000000000000e+04
1.030100000000000000e+04
9.643000000000000000e+03
1.414600000000000000e+04
1.248200000000000000e+04
5.700000000000000000e+02
3.260000000000000000e+02
8.761000000000000000e+03
1.266800000000000000e+04
9.142000000000000000e+03
4.833000000000000000e+03
1.249500000000000000e+04
6.048000000000000000e+03
1.457700000000000000e+04
1.414500000000000000e+04
8.783000000000000000e+03
1.253000000000000000e+03
1.428800000000000000e+04
1.535600000000000000e+04
1.561200000000000000e+04
1.613600000000000000e+04
1.082000000000000000e+03
1.172800000000000000e+04
8.525000000000000000e+03
1.343500000000000000e+04
1.143100000000000000e+04
8.214000000000000000e+03
1.579000000000000000e+04
1.187000000000000000e+04
1.328600000000000000e+04
1.657600000000000000e+04
6.942000000000000000e+03
9.744000000000000000e+03
1.097400000000000000e+04
6.950000000000000000e+03
1.294800000000000000e+04
5.691000000000000000e+03
7.732000000000000000e+03
9.500000000000000000e+03
1.024300000000000000e+04
9.059000000000000000e+03
1.340300000000000000e+04
1.065700000000000000e+04
1.424900000000000000e+04
9.395000000000000000e+03
1.131800000000000000e+04
1.300700000000000000e+04
1.502000000000000000e+04
1.590700000000000000e+04
1.322600000000000000e+04
1.314500000000000000e+04
9.882000000000000000e+03
4.990000000000000000e+02
1.482400000000000000e+04
9.768000000000000000e+03
6.390000000000000000e+03
1.059800000000000000e+04
1.553000000000000000e+04
5.364000000000000000e+03
4.751000000000000000e+03
1.206300000000000000e+04
1.286400000000000000e+04
2.839000000000000000e+03
7.829000000000000000e+03
1.006100000000000000e+04
1.406300000000000000e+04
1.387200000000000000e+04
1.393200000000000000e+04
3.955000000000000000e+03
2.283000000000000000e+03
8.058000000000000000e+03
1.700400000000000000e+04
1.497000000000000000e+03
5.136000000000000000e+03
1.538800000000000000e+04
6.168000000000000000e+03
9.143000000000000000e+03
1.263700000000000000e+04
3.909000000000000000e+03
1.365100000000000000e+04
4.152000000000000000e+03
1.532700000000000000e+04
1.269900000000000000e+04
1.254300000000000000e+04
1.401900000000000000e+04
1.623500000000000000e+04
9.114000000000000000e+03
3.168000000000000000e+03
1.007100000000000000e+04
1.396200000000000000e+04
1.254200000000000000e+04
5.448000000000000000e+03
7.849000000000000000e+03
1.255500000000000000e+04
9.155000000000000000e+03
1.418000000000000000e+04
1.534400000000000000e+04
8.649000000000000000e+03
1.589000000000000000e+04
1.448400000000000000e+04
1.235600000000000000e+04
1.152000000000000000e+04
6.156000000000000000e+03
1.381300000000000000e+04
1.451100000000000000e+04
1.314400000000000000e+04
1.098900000000000000e+04
1.390200000000000000e+04
9.075000000000000000e+03
1.457800000000000000e+04
1.203900000000000000e+04
1.739700000000000000e+04
1.654700000000000000e+04
1.742800000000000000e+04
1.486800000000000000e+04
1.211200000000000000e+04
1.350100000000000000e+04
1.619000000000000000e+04
8.250000000000000000e+02
4.307000000000000000e+03
1.012700000000000000e+04
7.064000000000000000e+03
1.206400000000000000e+04
1.715600000000000000e+04
1.565800000000000000e+04
8.016000000000000000e+03
1.217200000000000000e+04
1.582100000000000000e+04
4.881000000000000000e+03
1.414700000000000000e+04
1.720700000000000000e+04
1.797000000000000000e+04
1.457600000000000000e+04
7.860000000000000000e+03
1.548200000000000000e+04
5.748000000000000000e+03
1.599700000000000000e+04
1.744100000000000000e+04
1.758300000000000000e+04
3.017000000000000000e+03
1.227600000000000000e+04
1.841000000000000000e+03
5.530000000000000000e+03
5.519000000000000000e+03
1.526200000000000000e+04
3.126000000000000000e+03
1.063700000000000000e+04
9.011000000000000000e+03
8.094000000000000000e+03
6.396000000000000000e+03
1.195600000000000000e+04
1.763500000000000000e+04
1.264400000000000000e+04
1.625500000000000000e+04
6.691000000000000000e+03
1.393100000000000000e+04
6.200000000000000000e+03
1.640500000000000000e+04
8.403000000000000000e+03
8.135000000000000000e+03
1.507600000000000000e+04
1.881000000000000000e+03
7.166000000000000000e+03
1.239900000000000000e+04
1.220700000000000000e+04
1.582200000000000000e+04
1.744000000000000000e+04
5.023000000000000000e+03
1.354100000000000000e+04
1.232700000000000000e+04
1.401800000000000000e+04
1.649300000000000000e+04
8.749000000000000000e+03
7.963000000000000000e+03
1.060100000000000000e+04
6.403000000000000000e+03
1.406200000000000000e+04
1.705800000000000000e+04
1.663000000000000000e+04
1.383100000000000000e+04
1.749600000000000000e+04
1.500900000000000000e+04
4.103000000000000000e+03
1.527900000000000000e+04
1.785100000000000000e+04
1.579100000000000000e+04
6.887000000000000000e+03
1.186900000000000000e+04
1.383000000000000000e+04
1.090000000000000000e+03
1.278400000000000000e+04
1.409500000000000000e+04
1.839900000000000000e+04
1.343700000000000000e+04
1.803900000000000000e+04
1.576100000000000000e+04
1.099900000000000000e+04
9.936000000000000000e+03
1.189200000000000000e+04
8.777000000000000000e+03
9.102000000000000000e+03
1.370800000000000000e+04
5.455000000000000000e+03
1.195500000000000000e+04
6.527000000000000000e+03
1.449400000000000000e+04
1.052000000000000000e+04
1.793700000000000000e+04
2.252000000000000000e+03
7.620000000000000000e+02
2.633000000000000000e+03
7.677000000000000000e+03
7.676000000000000000e+03
1.704200000000000000e+04
1.761400000000000000e+04
1.818900000000000000e+04
1.496000000000000000e+04
1.272100000000000000e+04
5.359000000000000000e+03
5.820000000000000000e+03
9.688000000000000000e+03
1.311800000000000000e+04
6.556000000000000000e+03
1.249400000000000000e+04
1.098800000000000000e+04
9.581000000000000000e+03
1.606300000000000000e+04
1.049600000000000000e+04
1.369500000000000000e+04
4.108000000000000000e+03
1.256000000000000000e+04
1.104300000000000000e+04
1.601400000000000000e+04
1.650900000000000000e+04
1.770500000000000000e+04
1.317100000000000000e+04
9.260000000000000000e+03
1.704400000000000000e+04
7.578000000000000000e+03
1.203800000000000000e+04
1.228800000000000000e+04
1.746600000000000000e+04
1.838700000000000000e+04
1.836100000000000000e+04
1.822600000000000000e+04
1.039600000000000000e+04
2.244000000000000000e+03
1.191300000000000000e+04
1.502100000000000000e+04
1.727600000000000000e+04
8.921000000000000000e+03
7.313000000000000000e+03
1.324200000000000000e+04
8.291000000000000000e+03
1.843700000000000000e+04
1.273000000000000000e+03
1.332400000000000000e+04
7.726000000000000000e+03
6.698000000000000000e+03
1.044300000000000000e+04
1.769000000000000000e+04
1.141600000000000000e+04
1.035000000000000000e+04
9.164000000000000000e+03
3.109000000000000000e+03
5.047000000000000000e+03
8.770000000000000000e+02
3.203000000000000000e+03
1.786500000000000000e+04
4.065000000000000000e+03
1.504100000000000000e+04
1.753300000000000000e+04
1.783400000000000000e+04
6.832000000000000000e+03
1.705900000000000000e+04
7.117000000000000000e+03
1.182600000000000000e+04
1.842700000000000000e+04
1.522500000000000000e+04
5.491000000000000000e+03
6.427000000000000000e+03
8.540000000000000000e+03
1.077700000000000000e+04
1.670900000000000000e+04
1.354000000000000000e+04
1.145900000000000000e+04
1.504200000000000000e+04
1.717300000000000000e+04
1.493200000000000000e+04
1.775900000000000000e+04
1.126000000000000000e+03
1.577500000000000000e+04
1.834000000000000000e+04
1.436500000000000000e+04
1.061300000000000000e+04
3.865000000000000000e+03
1.201100000000000000e+04
1.060000000000000000e+04
1.373300000000000000e+04
1.662100000000000000e+04
1.123400000000000000e+04
