2.630000000000000000e+02
4.670000000000000000e+02
1.126000000000000000e+03
1.640000000000000000e+02
1.750000000000000000e+02
6.770000000000000000e+02
2.010000000000000000e+02
2.590000000000000000e+02
1.765000000000000000e+03
2.839000000000000000e+03
4.881000000000000000e+03
6.156000000000000000e+03
3.909000000000000000e+03
1.841000000000000000e+03
2.291000000000000000e+03
5.990000000000000000e+02
3.801000000000000000e+03
3.190000000000000000e+03
1.941000000000000000e+03
8.250000000000000000e+02
4.375000000000000000e+03
3.109000000000000000e+03
1.777000000000000000e+03
4.698000000000000000e+03
5.047000000000000000e+03
6.832000000000000000e+03
3.898000000000000000e+03
3.247000000000000000e+03
6.614000000000000000e+03
8.440000000000000000e+02
2.920000000000000000e+03
1.455000000000000000e+03
2.244000000000000000e+03
4.197000000000000000e+03
2.763000000000000000e+03
7.620000000000000000e+02
5.365000000000000000e+03
3.639000000000000000e+03
6.799000000000000000e+03
1.536000000000000000e+03
4.980000000000000000e+02
1.082000000000000000e+03
5.023000000000000000e+03
8.830000000000000000e+02
4.167000000000000000e+03
2.686000000000000000e+03
8.491000000000000000e+03
6.061000000000000000e+03
8.921000000000000000e+03
8.770000000000000000e+02
8.028000000000000000e+03
4.151000000000000000e+03
5.295000000000000000e+03
2.370000000000000000e+03
5.691000000000000000e+03
8.749000000000000000e+03
3.260000000000000000e+02
2.992000000000000000e+03
4.791000000000000000e+03
5.359000000000000000e+03
3.168000000000000000e+03
7.977000000000000000e+03
5.076000000000000000e+03
7.117000000000000000e+03
1.376000000000000000e+03
3.126000000000000000e+03
3.426000000000000000e+03
9.260000000000000000e+03
7.732000000000000000e+03
7.726000000000000000e+03
5.178000000000000000e+03
9.851000000000000000e+03
6.048000000000000000e+03
1.025200000000000000e+04
3.214000000000000000e+03
1.147300000000000000e+04
5.804000000000000000e+03
3.473000000000000000e+03
3.938000000000000000e+03
8.961000000000000000e+03
7.259000000000000000e+03
2.508000000000000000e+03
2.452000000000000000e+03
5.838000000000000000e+03
8.403000000000000000e+03
1.129300000000000000e+04
9.332000000000000000e+03
5.075000000000000000e+03
1.222000000000000000e+03
1.156200000000000000e+04
8.783000000000000000e+03
1.065000000000000000e+03
8.326000000000000000e+03
3.251000000000000000e+03
6.887000000000000000e+03
3.106000000000000000e+03
9.581000000000000000e+03
2.752000000000000000e+03
1.059900000000000000e+04
3.203000000000000000e+03
2.914000000000000000e+03
4.260000000000000000e+03
2.252000000000000000e+03
5.820000000000000000e+03
6.390000000000000000e+03
8.134000000000000000e+03
9.990000000000000000e+03
9.026000000000000000e+03
1.091800000000000000e+04
1.167900000000000000e+04
5.448000000000000000e+03
1.060000000000000000e+04
9.011000000000000000e+03
1.548000000000000000e+03
5.499000000000000000e+03
9.164000000000000000e+03
9.114000000000000000e+03
1.123400000000000000e+04
6.651000000000000000e+03
1.238800000000000000e+04
8.214000000000000000e+03
8.007000000000000000e+03
5.729000000000000000e+03
5.748000000000000000e+03
2.204000000000000000e+03
1.280000000000000000e+03
7.986000000000000000e+03
3.098000000000000000e+03
7.739000000000000000e+03
9.643000000000000000e+03
4.490000000000000000e+03
6.942000000000000000e+03
4.751000000000000000e+03
1.301300000000000000e+04
9.936000000000000000e+03
1.101500000000000000e+04
5.372000000000000000e+03
2.107000000000000000e+03
5.491000000000000000e+03
3.156000000000000000e+03
1.061300000000000000e+04
9.882000000000000000e+03
3.466000000000000000e+03
2.750000000000000000e+03
4.147000000000000000e+03
1.048800000000000000e+04
1.472700000000000000e+04
9.881000000000000000e+03
1.351400000000000000e+04
1.141600000000000000e+04
1.291400000000000000e+04
8.447000000000000000e+03
1.278500000000000000e+04
7.173000000000000000e+03
1.861000000000000000e+03
1.374900000000000000e+04
1.024300000000000000e+04
1.090000000000000000e+03
5.778000000000000000e+03
1.035000000000000000e+04
1.335500000000000000e+04
5.683000000000000000e+03
8.729000000000000000e+03
6.175000000000000000e+03
7.849000000000000000e+03
1.334400000000000000e+04
7.963000000000000000e+03
8.256000000000000000e+03
1.063700000000000000e+04
2.949000000000000000e+03
1.099900000000000000e+04
7.829000000000000000e+03
1.264400000000000000e+04
1.369000000000000000e+03
1.957000000000000000e+03
7.540000000000000000e+02
1.272100000000000000e+04
7.780000000000000000e+03
1.049600000000000000e+04
5.530000000000000000e+03
2.786000000000000000e+03
8.782000000000000000e+03
7.313000000000000000e+03
3.271000000000000000e+03
9.059000000000000000e+03
1.098900000000000000e+04
9.768000000000000000e+03
1.186900000000000000e+04
1.189200000000000000e+04
1.201100000000000000e+04
1.227600000000000000e+04
3.865000000000000000e+03
1.332400000000000000e+04
9.800000000000000000e+03
1.039600000000000000e+04
1.191300000000000000e+04
7.747000000000000000e+03
1.056000000000000000e+04
7.788000000000000000e+03
1.496000000000000000e+04
8.327000000000000000e+03
1.199800000000000000e+04
9.595000000000000000e+03
6.950000000000000000e+03
1.265700000000000000e+04
1.229400000000000000e+04
1.254200000000000000e+04
1.203900000000000000e+04
1.129900000000000000e+04
1.435100000000000000e+04
8.777000000000000000e+03
1.057400000000000000e+04
9.500000000000000000e+03
6.168000000000000000e+03
1.239900000000000000e+04
1.383000000000000000e+04
1.369500000000000000e+04
7.000000000000000000e+01
1.314400000000000000e+04
9.371000000000000000e+03
4.792000000000000000e+03
1.354100000000000000e+04
1.188000000000000000e+03
1.383100000000000000e+04
1.646000000000000000e+04
5.228000000000000000e+03
1.311800000000000000e+04
1.235600000000000000e+04
1.263700000000000000e+04
1.436500000000000000e+04
1.255500000000000000e+04
1.637600000000000000e+04
1.273000000000000000e+03
1.712200000000000000e+04
1.350100000000000000e+04
1.065800000000000000e+04
8.525000000000000000e+03
6.858000000000000000e+03
1.647700000000000000e+04
1.155400000000000000e+04
9.736000000000000000e+03
9.558000000000000000e+03
1.343700000000000000e+04
1.515400000000000000e+04
1.238900000000000000e+04
6.788000000000000000e+03
1.554600000000000000e+04
1.423000000000000000e+04
7.002000000000000000e+03
9.134000000000000000e+03
1.139700000000000000e+04
7.014000000000000000e+03
1.324200000000000000e+04
1.569800000000000000e+04
1.650000000000000000e+02
7.110000000000000000e+02
3.948000000000000000e+03
5.455000000000000000e+03
1.576100000000000000e+04
1.524100000000000000e+04
8.053000000000000000e+03
1.390200000000000000e+04
1.509000000000000000e+04
1.500900000000000000e+04
1.722800000000000000e+04
1.472800000000000000e+04
8.771000000000000000e+03
1.093800000000000000e+04
1.502100000000000000e+04
1.070600000000000000e+04
4.767000000000000000e+03
1.012700000000000000e+04
1.281100000000000000e+04
1.554500000000000000e+04
5.105000000000000000e+03
1.304200000000000000e+04
4.833000000000000000e+03
1.448400000000000000e+04
1.294800000000000000e+04
1.297700000000000000e+04
9.290000000000000000e+03
4.103000000000000000e+03
8.700000000000000000e+03
5.960000000000000000e+02
7.116000000000000000e+03
1.098800000000000000e+04
1.406400000000000000e+04
6.549000000000000000e+03
1.398200000000000000e+04
4.141000000000000000e+03
4.645000000000000000e+03
1.308800000000000000e+04
1.747500000000000000e+04
1.699500000000000000e+04
1.314500000000000000e+04
1.346100000000000000e+04
8.806000000000000000e+03
6.934000000000000000e+03
3.235000000000000000e+03
9.310000000000000000e+02
1.206400000000000000e+04
9.479000000000000000e+03
1.577500000000000000e+04
1.418000000000000000e+04
2.222000000000000000e+03
6.580000000000000000e+03
1.266800000000000000e+04
1.418100000000000000e+04
1.340300000000000000e+04
1.351300000000000000e+04
6.345000000000000000e+03
1.720000000000000000e+04
1.327500000000000000e+04
1.601500000000000000e+04
1.326100000000000000e+04
9.256000000000000000e+03
3.509000000000000000e+03
1.104400000000000000e+04
1.456800000000000000e+04
1.207600000000000000e+04
1.788800000000000000e+04
7.805000000000000000e+03
1.143200000000000000e+04
9.060000000000000000e+03
5.609000000000000000e+03
1.269900000000000000e+04
1.097400000000000000e+04
5.507000000000000000e+03
7.112000000000000000e+03
1.507600000000000000e+04
1.642300000000000000e+04
6.647000000000000000e+03
1.117100000000000000e+04
9.966000000000000000e+03
1.031500000000000000e+04
1.691800000000000000e+04
1.211200000000000000e+04
1.027800000000000000e+04
9.044000000000000000e+03
3.820000000000000000e+03
6.015000000000000000e+03
1.030100000000000000e+04
1.110000000000000000e+04
1.573100000000000000e+04
1.565800000000000000e+04
1.413100000000000000e+04
8.840000000000000000e+03
1.100000000000000000e+04
1.217200000000000000e+04
1.527900000000000000e+04
4.903000000000000000e+03
4.152000000000000000e+03
1.099000000000000000e+04
9.291000000000000000e+03
1.694100000000000000e+04
1.172800000000000000e+04
1.797700000000000000e+04
1.727600000000000000e+04
1.676000000000000000e+04
5.482000000000000000e+03
1.268800000000000000e+04
6.989000000000000000e+03
1.449500000000000000e+04
3.955000000000000000e+03
5.819000000000000000e+03
1.722700000000000000e+04
1.394900000000000000e+04
1.175800000000000000e+04
1.801100000000000000e+04
1.362500000000000000e+04
1.312500000000000000e+04
9.778000000000000000e+03
8.094000000000000000e+03
3.403000000000000000e+03
1.704300000000000000e+04
1.816600000000000000e+04
1.424900000000000000e+04
1.706400000000000000e+04
5.947000000000000000e+03
1.292400000000000000e+04
2.196000000000000000e+03
7.861000000000000000e+03
1.254300000000000000e+04
1.637700000000000000e+04
1.606300000000000000e+04
1.000600000000000000e+04
1.373300000000000000e+04
7.942000000000000000e+03
6.528000000000000000e+03
1.702100000000000000e+04
7.052000000000000000e+03
9.914000000000000000e+03
1.515500000000000000e+04
1.451100000000000000e+04
5.949000000000000000e+03
1.744200000000000000e+04
9.907000000000000000e+03
8.459000000000000000e+03
9.305000000000000000e+03
8.739000000000000000e+03
6.380000000000000000e+03
8.997000000000000000e+03
1.846200000000000000e+04
1.217000000000000000e+04
1.363700000000000000e+04
3.554000000000000000e+03
1.809400000000000000e+04
1.398300000000000000e+04
1.853000000000000000e+03
2.274000000000000000e+03
1.888000000000000000e+03
1.365100000000000000e+04
8.078000000000000000e+03
1.725500000000000000e+04
1.811800000000000000e+04
9.248000000000000000e+03
1.625500000000000000e+04
1.075000000000000000e+04
1.419400000000000000e+04
1.846900000000000000e+04
1.657700000000000000e+04
1.680800000000000000e+04
1.349600000000000000e+04
5.665000000000000000e+03
5.659000000000000000e+03
1.731300000000000000e+04
1.599700000000000000e+04
9.194000000000000000e+03
3.805000000000000000e+03
1.253300000000000000e+04
9.126000000000000000e+03
1.486800000000000000e+04
1.710500000000000000e+04
8.846000000000000000e+03
9.948000000000000000e+03
1.662100000000000000e+04
1.343500000000000000e+04
1.007200000000000000e+04
4.780000000000000000e+03
7.065000000000000000e+03
1.117000000000000000e+04
8.412000000000000000e+03
1.395000000000000000e+04
4.335000000000000000e+03
8.614000000000000000e+03
1.060100000000000000e+04
1.262000000000000000e+03
4.750000000000000000e+03
1.143100000000000000e+04
2.606000000000000000e+03
1.272000000000000000e+04
1.736800000000000000e+04
5.948000000000000000e+03
1.343800000000000000e+04
4.850000000000000000e+02
4.553000000000000000e+03
1.238000000000000000e+03
8.969000000000000000e+03
6.403000000000000000e+03
4.350000000000000000e+02
1.449400000000000000e+04
1.497000000000000000e+03
1.414500000000000000e+04
1.436400000000000000e+04
1.582200000000000000e+04
6.941000000000000000e+03
1.842100000000000000e+04
3.817000000000000000e+03
3.367000000000000000e+03
1.043100000000000000e+04
2.633000000000000000e+03
5.354000000000000000e+03
2.412000000000000000e+03
1.849600000000000000e+04
5.700000000000000000e+02
2.676000000000000000e+03
9.142000000000000000e+03
8.058000000000000000e+03
1.234200000000000000e+04
1.491800000000000000e+04
1.769000000000000000e+04
7.785000000000000000e+03
1.847800000000000000e+04
1.088500000000000000e+04
9.239000000000000000e+03
9.326000000000000000e+03
1.262300000000000000e+04
1.349500000000000000e+04
1.569600000000000000e+04
1.149400000000000000e+04
8.899000000000000000e+03
7.505000000000000000e+03
1.786500000000000000e+04
