1.400000000000000000e+01
8.000000000000000000e+01
3.400000000000000000e+01
7.100000000000000000e+01
3.500000000000000000e+01
1.500000000000000000e+01
1.370000000000000000e+02
5.680000000000000000e+02
1.850000000000000000e+02
3.820000000000000000e+02
1.387000000000000000e+03
3.320000000000000000e+02
1.610000000000000000e+02
1.215000000000000000e+03
6.230000000000000000e+02
1.020000000000000000e+03
9.240000000000000000e+02
6.870000000000000000e+02
5.980000000000000000e+02
5.400000000000000000e+02
4.500000000000000000e+02
7.090000000000000000e+02
1.058000000000000000e+03
3.410000000000000000e+02
3.100000000000000000e+01
6.860000000000000000e+02
1.552000000000000000e+03
2.463000000000000000e+03
9.440000000000000000e+02
9.380000000000000000e+02
9.100000000000000000e+02
9.120000000000000000e+02
3.010000000000000000e+02
1.200000000000000000e+02
1.783000000000000000e+03
1.362000000000000000e+03
1.035000000000000000e+03
5.280000000000000000e+02
1.716000000000000000e+03
2.669000000000000000e+03
2.894000000000000000e+03
1.400000000000000000e+02
2.455000000000000000e+03
8.160000000000000000e+02
1.300000000000000000e+03
5.632000000000000000e+03
9.370000000000000000e+02
1.544000000000000000e+03
2.015000000000000000e+03
2.584000000000000000e+03
7.240000000000000000e+02
2.653000000000000000e+03
1.648000000000000000e+03
1.421000000000000000e+03
1.868000000000000000e+03
1.408000000000000000e+03
2.514000000000000000e+03
1.026000000000000000e+03
5.330000000000000000e+02
1.132000000000000000e+03
4.760000000000000000e+03
2.061000000000000000e+03
7.730000000000000000e+02
1.116000000000000000e+03
3.394000000000000000e+03
5.480000000000000000e+02
3.172000000000000000e+03
6.693000000000000000e+03
4.798000000000000000e+03
4.687000000000000000e+03
6.303000000000000000e+03
1.925000000000000000e+03
9.070000000000000000e+02
1.333000000000000000e+03
5.060000000000000000e+02
2.050000000000000000e+03
2.370000000000000000e+02
1.271000000000000000e+03
8.150000000000000000e+02
1.892000000000000000e+03
2.469000000000000000e+03
2.448000000000000000e+03
1.821000000000000000e+03
3.185000000000000000e+03
8.650000000000000000e+02
5.437000000000000000e+03
2.210000000000000000e+03
4.570000000000000000e+03
2.599000000000000000e+03
2.820000000000000000e+03
5.381000000000000000e+03
8.110000000000000000e+02
1.944000000000000000e+03
4.354000000000000000e+03
6.726000000000000000e+03
5.449000000000000000e+03
4.480000000000000000e+03
5.710000000000000000e+02
1.154000000000000000e+03
4.845000000000000000e+03
1.448000000000000000e+03
1.055000000000000000e+03
2.570000000000000000e+03
3.282000000000000000e+03
2.371000000000000000e+03
3.981000000000000000e+03
1.580000000000000000e+03
4.900000000000000000e+01
5.014000000000000000e+03
1.623000000000000000e+03
1.363000000000000000e+03
4.627000000000000000e+03
3.174000000000000000e+03
2.502000000000000000e+03
2.663000000000000000e+03
3.324000000000000000e+03
1.340000000000000000e+03
3.280000000000000000e+03
4.194000000000000000e+03
2.830000000000000000e+02
5.984000000000000000e+03
3.084000000000000000e+03
5.168000000000000000e+03
1.907000000000000000e+03
3.570000000000000000e+02
5.889000000000000000e+03
1.694000000000000000e+03
1.558000000000000000e+03
6.586000000000000000e+03
4.741000000000000000e+03
4.174000000000000000e+03
1.156000000000000000e+03
2.929000000000000000e+03
5.688000000000000000e+03
5.546000000000000000e+03
7.077000000000000000e+03
8.270000000000000000e+02
5.877000000000000000e+03
1.645000000000000000e+03
5.685000000000000000e+03
2.350000000000000000e+02
4.442000000000000000e+03
1.052000000000000000e+03
3.083000000000000000e+03
6.358000000000000000e+03
4.067000000000000000e+03
7.126000000000000000e+03
1.250000000000000000e+02
9.190000000000000000e+02
2.422000000000000000e+03
4.685000000000000000e+03
2.060000000000000000e+03
5.290000000000000000e+02
2.487000000000000000e+03
1.392000000000000000e+03
7.652000000000000000e+03
3.761000000000000000e+03
3.012000000000000000e+03
1.350000000000000000e+02
6.960000000000000000e+02
1.700000000000000000e+03
5.655000000000000000e+03
1.028000000000000000e+03
3.995000000000000000e+03
5.900000000000000000e+03
3.029000000000000000e+03
8.816000000000000000e+03
1.021000000000000000e+03
2.962000000000000000e+03
1.021600000000000000e+04
5.450000000000000000e+03
1.249000000000000000e+03
2.290000000000000000e+02
3.572000000000000000e+03
6.069000000000000000e+03
5.180000000000000000e+03
4.565000000000000000e+03
2.613000000000000000e+03
9.996000000000000000e+03
4.383000000000000000e+03
5.112000000000000000e+03
1.439000000000000000e+03
3.859000000000000000e+03
2.736000000000000000e+03
7.851000000000000000e+03
8.480000000000000000e+03
3.404000000000000000e+03
9.232000000000000000e+03
9.396000000000000000e+03
7.859000000000000000e+03
7.789000000000000000e+03
6.932000000000000000e+03
8.797000000000000000e+03
9.202000000000000000e+03
8.732000000000000000e+03
7.133000000000000000e+03
5.599000000000000000e+03
4.781000000000000000e+03
7.904000000000000000e+03
2.433000000000000000e+03
6.151000000000000000e+03
8.940000000000000000e+02
1.000800000000000000e+04
6.936000000000000000e+03
2.703000000000000000e+03
4.190000000000000000e+02
1.064000000000000000e+03
5.584000000000000000e+03
3.999000000000000000e+03
2.185000000000000000e+03
2.650000000000000000e+02
5.674000000000000000e+03
1.162900000000000000e+04
3.826000000000000000e+03
1.257000000000000000e+03
1.283700000000000000e+04
9.874000000000000000e+03
3.734000000000000000e+03
9.474000000000000000e+03
3.482000000000000000e+03
1.237100000000000000e+04
6.506000000000000000e+03
4.490000000000000000e+02
8.570000000000000000e+02
7.037000000000000000e+03
8.391000000000000000e+03
6.580000000000000000e+02
1.171100000000000000e+04
2.898000000000000000e+03
9.019000000000000000e+03
3.907000000000000000e+03
2.660000000000000000e+02
6.870000000000000000e+03
7.396000000000000000e+03
5.282000000000000000e+03
1.237000000000000000e+04
6.240000000000000000e+02
4.360000000000000000e+03
3.951000000000000000e+03
9.902000000000000000e+03
4.263000000000000000e+03
5.148000000000000000e+03
9.729000000000000000e+03
1.020600000000000000e+04
9.148000000000000000e+03
6.531000000000000000e+03
1.055100000000000000e+04
2.337000000000000000e+03
7.210000000000000000e+02
4.470000000000000000e+02
3.835000000000000000e+03
2.830000000000000000e+03
4.678000000000000000e+03
9.495000000000000000e+03
8.642000000000000000e+03
5.085000000000000000e+03
1.038500000000000000e+04
9.910000000000000000e+02
8.554000000000000000e+03
6.881000000000000000e+03
5.611000000000000000e+03
1.285000000000000000e+03
7.150000000000000000e+03
1.186300000000000000e+04
7.360000000000000000e+02
9.300000000000000000e+03
1.419000000000000000e+03
2.587000000000000000e+03
1.492000000000000000e+03
1.275700000000000000e+04
9.147000000000000000e+03
1.192600000000000000e+04
1.550000000000000000e+03
9.293000000000000000e+03
1.364100000000000000e+04
6.173000000000000000e+03
5.634000000000000000e+03
8.553000000000000000e+03
1.030500000000000000e+04
1.768000000000000000e+03
3.750000000000000000e+03
8.079000000000000000e+03
6.408000000000000000e+03
4.269000000000000000e+03
1.098000000000000000e+04
1.192700000000000000e+04
5.120000000000000000e+02
4.088000000000000000e+03
1.048200000000000000e+04
1.229500000000000000e+04
9.978000000000000000e+03
1.040700000000000000e+04
7.163000000000000000e+03
2.821000000000000000e+03
8.807000000000000000e+03
2.712000000000000000e+03
1.100400000000000000e+04
8.937000000000000000e+03
6.179000000000000000e+03
8.893000000000000000e+03
1.279000000000000000e+04
1.013700000000000000e+04
9.306000000000000000e+03
9.201000000000000000e+03
6.920000000000000000e+02
1.050600000000000000e+04
6.052000000000000000e+03
5.261000000000000000e+03
3.325000000000000000e+03
2.276000000000000000e+03
1.220200000000000000e+04
1.284400000000000000e+04
4.847000000000000000e+03
1.136800000000000000e+04
1.173200000000000000e+04
5.594000000000000000e+03
4.420000000000000000e+03
6.336000000000000000e+03
1.422000000000000000e+03
1.359000000000000000e+03
1.165300000000000000e+04
7.459000000000000000e+03
1.323200000000000000e+04
3.042000000000000000e+03
1.422000000000000000e+04
1.113200000000000000e+04
8.542000000000000000e+03
4.647000000000000000e+03
7.846000000000000000e+03
1.279100000000000000e+04
5.419000000000000000e+03
7.979000000000000000e+03
1.248400000000000000e+04
8.341000000000000000e+03
7.440000000000000000e+03
3.481000000000000000e+03
2.789000000000000000e+03
1.159600000000000000e+04
5.976000000000000000e+03
1.980000000000000000e+03
1.123800000000000000e+04
2.942000000000000000e+03
4.591000000000000000e+03
1.275600000000000000e+04
1.455700000000000000e+04
8.713000000000000000e+03
1.447000000000000000e+03
7.040000000000000000e+02
1.619900000000000000e+04
1.355700000000000000e+04
1.332700000000000000e+04
1.471700000000000000e+04
1.713000000000000000e+03
1.176200000000000000e+04
1.448600000000000000e+04
1.040000000000000000e+03
1.342600000000000000e+04
4.459000000000000000e+03
6.273000000000000000e+03
9.704000000000000000e+03
1.212000000000000000e+03
7.700000000000000000e+03
1.502600000000000000e+04
1.204400000000000000e+04
9.646000000000000000e+03
1.283800000000000000e+04
1.205600000000000000e+04
1.341000000000000000e+03
9.000000000000000000e+00
2.885000000000000000e+03
1.254000000000000000e+03
1.438000000000000000e+03
1.402400000000000000e+04
1.611300000000000000e+04
3.600000000000000000e+03
1.413500000000000000e+04
9.452000000000000000e+03
3.939000000000000000e+03
5.320000000000000000e+03
1.611400000000000000e+04
1.291500000000000000e+04
1.063100000000000000e+04
8.457000000000000000e+03
1.208000000000000000e+04
1.571500000000000000e+04
2.924000000000000000e+03
5.032000000000000000e+03
8.949000000000000000e+03
1.309300000000000000e+04
1.549000000000000000e+04
1.530100000000000000e+04
9.090000000000000000e+02
9.072000000000000000e+03
5.385000000000000000e+03
3.043000000000000000e+03
8.785000000000000000e+03
1.403700000000000000e+04
1.460600000000000000e+04
9.169000000000000000e+03
7.470000000000000000e+03
1.056000000000000000e+03
1.055200000000000000e+04
5.125000000000000000e+03
1.127100000000000000e+04
1.102200000000000000e+04
1.481400000000000000e+04
1.530400000000000000e+04
1.106600000000000000e+04
1.598200000000000000e+04
1.447500000000000000e+04
1.195900000000000000e+04
1.299700000000000000e+04
6.816000000000000000e+03
1.499200000000000000e+04
4.516000000000000000e+03
1.627700000000000000e+04
1.696900000000000000e+04
1.676500000000000000e+04
1.484200000000000000e+04
1.397000000000000000e+04
1.494000000000000000e+03
5.348000000000000000e+03
2.296000000000000000e+03
2.668000000000000000e+03
1.504700000000000000e+04
2.872000000000000000e+03
8.264000000000000000e+03
5.118000000000000000e+03
4.227000000000000000e+03
1.717000000000000000e+03
1.176100000000000000e+04
8.010000000000000000e+03
1.295300000000000000e+04
1.930000000000000000e+02
8.280000000000000000e+03
7.500000000000000000e+02
7.025000000000000000e+03
1.585700000000000000e+04
1.569900000000000000e+04
1.559000000000000000e+03
1.431400000000000000e+04
1.726100000000000000e+04
1.060600000000000000e+04
5.067000000000000000e+03
1.470500000000000000e+04
2.936000000000000000e+03
9.818000000000000000e+03
5.671000000000000000e+03
1.417200000000000000e+04
1.389300000000000000e+04
1.777500000000000000e+04
1.247000000000000000e+03
8.549000000000000000e+03
1.484100000000000000e+04
1.183900000000000000e+04
1.002800000000000000e+04
1.370000000000000000e+04
1.143500000000000000e+04
2.871000000000000000e+03
1.020500000000000000e+04
1.321900000000000000e+04
6.320000000000000000e+03
4.059000000000000000e+03
7.118000000000000000e+03
1.609000000000000000e+03
3.643000000000000000e+03
4.070000000000000000e+02
1.653000000000000000e+03
1.805100000000000000e+04
7.832000000000000000e+03
4.185000000000000000e+03
1.760100000000000000e+04
8.886000000000000000e+03
1.367300000000000000e+04
1.108700000000000000e+04
3.452000000000000000e+03
1.246800000000000000e+04
1.357000000000000000e+04
1.203000000000000000e+04
1.266000000000000000e+04
1.502700000000000000e+04
1.663800000000000000e+04
2.790000000000000000e+03
2.482000000000000000e+03
3.310000000000000000e+03
1.806700000000000000e+04
1.643100000000000000e+04
1.758600000000000000e+04
1.728200000000000000e+04
9.627000000000000000e+03
1.108600000000000000e+04
1.623900000000000000e+04
2.998000000000000000e+03
2.027000000000000000e+03
2.385000000000000000e+03
1.662200000000000000e+04
5.967000000000000000e+03
1.080500000000000000e+04
6.514000000000000000e+03
1.786700000000000000e+04
5.837000000000000000e+03
1.070000000000000000e+02
8.120000000000000000e+03
1.079500000000000000e+04
1.663700000000000000e+04
1.790800000000000000e+04
3.447000000000000000e+03
6.293000000000000000e+03
1.592000000000000000e+04
1.726000000000000000e+04
6.800000000000000000e+03
8.002000000000000000e+03
8.656000000000000000e+03
1.686100000000000000e+04
5.307000000000000000e+03
1.567900000000000000e+04
8.280000000000000000e+02
7.734000000000000000e+03
1.570000000000000000e+02
2.988000000000000000e+03
1.464000000000000000e+03
3.625000000000000000e+03
8.358000000000000000e+03
1.110600000000000000e+04
1.468300000000000000e+04
3.751000000000000000e+03
1.083800000000000000e+04
1.692000000000000000e+04
7.953000000000000000e+03
2.082000000000000000e+03
1.614000000000000000e+03
1.442500000000000000e+04
1.076300000000000000e+04
1.308100000000000000e+04
5.127000000000000000e+03
8.700000000000000000e+01
2.007000000000000000e+03
5.199000000000000000e+03
1.373800000000000000e+04
9.012000000000000000e+03
4.841000000000000000e+03
1.576300000000000000e+04
9.262000000000000000e+03
3.269000000000000000e+03
3.099000000000000000e+03
2.945000000000000000e+03
1.152500000000000000e+04
1.713900000000000000e+04
