2.590000000000000000e+02
8.770000000000000000e+02
1.640000000000000000e+02
1.238000000000000000e+03
7.110000000000000000e+02
2.010000000000000000e+02
7.540000000000000000e+02
4.850000000000000000e+02
7.620000000000000000e+02
1.369000000000000000e+03
1.273000000000000000e+03
2.764000000000000000e+03
2.452000000000000000e+03
1.376000000000000000e+03
1.242000000000000000e+03
2.508000000000000000e+03
1.670000000000000000e+03
4.892000000000000000e+03
2.633000000000000000e+03
3.820000000000000000e+03
8.250000000000000000e+02
1.065000000000000000e+03
2.750000000000000000e+03
3.063000000000000000e+03
2.550000000000000000e+03
5.990000000000000000e+02
5.456000000000000000e+03
1.455000000000000000e+03
3.040000000000000000e+03
2.244000000000000000e+03
4.335000000000000000e+03
1.126000000000000000e+03
2.752000000000000000e+03
4.980000000000000000e+02
1.090000000000000000e+03
2.914000000000000000e+03
3.473000000000000000e+03
7.467000000000000000e+03
1.178000000000000000e+03
3.948000000000000000e+03
6.380000000000000000e+03
4.767000000000000000e+03
1.861000000000000000e+03
3.367000000000000000e+03
2.204000000000000000e+03
4.141000000000000000e+03
3.817000000000000000e+03
2.686000000000000000e+03
5.810000000000000000e+03
2.412000000000000000e+03
5.826000000000000000e+03
3.203000000000000000e+03
4.152000000000000000e+03
4.645000000000000000e+03
2.252000000000000000e+03
1.650000000000000000e+02
1.548000000000000000e+03
1.750000000000000000e+02
3.126000000000000000e+03
3.168000000000000000e+03
3.554000000000000000e+03
2.107000000000000000e+03
5.228000000000000000e+03
8.614000000000000000e+03
8.107000000000000000e+03
4.147000000000000000e+03
4.553000000000000000e+03
7.065000000000000000e+03
1.075000000000000000e+03
6.647000000000000000e+03
5.948000000000000000e+03
5.949000000000000000e+03
3.705000000000000000e+03
7.298000000000000000e+03
8.020000000000000000e+02
5.549000000000000000e+03
2.410000000000000000e+03
4.458000000000000000e+03
1.853000000000000000e+03
1.222000000000000000e+03
5.609000000000000000e+03
7.820000000000000000e+03
8.185000000000000000e+03
6.680000000000000000e+03
2.242000000000000000e+03
4.109000000000000000e+03
6.345000000000000000e+03
8.069000000000000000e+03
7.861000000000000000e+03
1.766000000000000000e+03
9.038000000000000000e+03
5.499000000000000000e+03
5.124000000000000000e+03
8.515000000000000000e+03
1.588000000000000000e+03
5.372000000000000000e+03
7.959000000000000000e+03
6.728000000000000000e+03
3.865000000000000000e+03
6.549000000000000000e+03
2.440000000000000000e+03
1.777000000000000000e+03
4.231000000000000000e+03
1.941000000000000000e+03
1.998000000000000000e+03
7.148000000000000000e+03
4.103000000000000000e+03
9.510000000000000000e+03
7.052000000000000000e+03
7.942000000000000000e+03
7.566000000000000000e+03
7.733000000000000000e+03
3.772000000000000000e+03
9.239000000000000000e+03
6.934000000000000000e+03
6.175000000000000000e+03
4.062000000000000000e+03
5.530000000000000000e+03
5.183000000000000000e+03
5.482000000000000000e+03
8.304000000000000000e+03
7.116000000000000000e+03
7.677000000000000000e+03
1.246100000000000000e+04
6.981000000000000000e+03
4.698000000000000000e+03
5.539000000000000000e+03
4.603000000000000000e+03
8.053000000000000000e+03
5.206000000000000000e+03
7.505000000000000000e+03
7.520000000000000000e+03
9.778000000000000000e+03
2.461000000000000000e+03
7.805000000000000000e+03
6.006000000000000000e+03
7.233000000000000000e+03
1.117200000000000000e+04
1.188000000000000000e+03
3.109000000000000000e+03
1.101600000000000000e+04
3.247000000000000000e+03
9.044000000000000000e+03
7.014000000000000000e+03
6.982000000000000000e+03
1.090500000000000000e+04
8.412000000000000000e+03
6.370000000000000000e+03
7.579000000000000000e+03
5.259000000000000000e+03
6.724000000000000000e+03
7.002000000000000000e+03
8.806000000000000000e+03
9.060000000000000000e+03
1.124500000000000000e+04
6.989000000000000000e+03
6.942000000000000000e+03
5.076000000000000000e+03
1.103000000000000000e+04
6.317000000000000000e+03
8.700000000000000000e+03
2.839000000000000000e+03
5.354000000000000000e+03
6.606000000000000000e+03
2.920000000000000000e+03
5.820000000000000000e+03
5.659000000000000000e+03
1.033900000000000000e+04
8.739000000000000000e+03
1.149400000000000000e+04
9.377000000000000000e+03
9.937000000000000000e+03
9.291000000000000000e+03
1.441900000000000000e+04
3.938000000000000000e+03
8.997000000000000000e+03
3.444000000000000000e+03
9.045000000000000000e+03
6.283000000000000000e+03
1.096700000000000000e+04
1.222400000000000000e+04
3.156000000000000000e+03
1.069800000000000000e+04
5.960000000000000000e+02
4.167000000000000000e+03
9.326000000000000000e+03
4.320000000000000000e+03
9.783000000000000000e+03
3.024000000000000000e+03
5.847000000000000000e+03
3.450000000000000000e+03
6.788000000000000000e+03
4.084000000000000000e+03
3.809000000000000000e+03
8.846000000000000000e+03
7.313000000000000000e+03
6.950000000000000000e+03
1.288600000000000000e+04
1.029500000000000000e+04
1.088500000000000000e+04
1.431100000000000000e+04
6.943000000000000000e+03
9.916000000000000000e+03
3.616000000000000000e+03
1.027800000000000000e+04
1.421600000000000000e+04
6.431000000000000000e+03
6.542000000000000000e+03
3.190000000000000000e+03
1.101700000000000000e+04
1.048900000000000000e+04
6.437000000000000000e+03
1.120100000000000000e+04
1.288700000000000000e+04
1.207600000000000000e+04
1.043100000000000000e+04
1.063600000000000000e+04
8.772000000000000000e+03
7.780000000000000000e+03
1.346000000000000000e+04
1.219600000000000000e+04
1.369600000000000000e+04
3.970000000000000000e+03
1.075000000000000000e+04
1.117000000000000000e+04
8.840000000000000000e+03
1.474200000000000000e+04
9.736000000000000000e+03
5.748000000000000000e+03
6.887000000000000000e+03
9.248000000000000000e+03
1.539800000000000000e+04
1.188300000000000000e+04
1.149500000000000000e+04
1.347900000000000000e+04
1.023000000000000000e+04
7.112000000000000000e+03
1.841000000000000000e+03
1.214300000000000000e+04
1.121000000000000000e+03
6.168000000000000000e+03
8.052000000000000000e+03
1.001000000000000000e+03
7.788000000000000000e+03
1.213200000000000000e+04
3.251000000000000000e+03
4.791000000000000000e+03
1.136700000000000000e+04
1.355400000000000000e+04
1.060100000000000000e+04
1.454300000000000000e+04
9.948000000000000000e+03
8.327000000000000000e+03
1.065800000000000000e+04
1.504300000000000000e+04
7.260000000000000000e+03
5.628000000000000000e+03
5.190000000000000000e+03
1.262300000000000000e+04
1.328700000000000000e+04
3.139000000000000000e+03
6.340000000000000000e+03
1.464800000000000000e+04
4.272000000000000000e+03
8.309000000000000000e+03
8.729000000000000000e+03
7.747000000000000000e+03
1.409600000000000000e+04
1.343800000000000000e+04
7.662000000000000000e+03
1.418200000000000000e+04
1.428900000000000000e+04
1.099000000000000000e+04
1.373300000000000000e+04
8.782000000000000000e+03
1.317200000000000000e+04
7.829000000000000000e+03
7.977000000000000000e+03
1.062700000000000000e+04
8.740000000000000000e+03
9.342000000000000000e+03
8.234000000000000000e+03
1.398300000000000000e+04
4.195000000000000000e+03
4.833000000000000000e+03
1.000600000000000000e+04
1.539900000000000000e+04
8.101000000000000000e+03
1.920000000000000000e+03
1.368600000000000000e+04
1.536900000000000000e+04
3.214000000000000000e+03
5.023000000000000000e+03
1.625100000000000000e+04
2.870000000000000000e+03
9.907000000000000000e+03
9.800000000000000000e+03
1.349500000000000000e+04
5.735000000000000000e+03
9.651000000000000000e+03
7.963000000000000000e+03
8.099000000000000000e+03
3.260000000000000000e+02
1.143200000000000000e+04
1.430200000000000000e+04
1.226300000000000000e+04
1.393300000000000000e+04
6.286000000000000000e+03
2.131000000000000000e+03
1.451200000000000000e+04
1.411500000000000000e+04
1.683500000000000000e+04
1.596100000000000000e+04
8.143000000000000000e+03
1.644100000000000000e+04
7.640000000000000000e+02
5.665000000000000000e+03
1.268700000000000000e+04
1.485400000000000000e+04
1.544800000000000000e+04
9.572000000000000000e+03
1.667700000000000000e+04
7.204000000000000000e+03
1.308800000000000000e+04
1.056000000000000000e+04
1.491900000000000000e+04
6.356000000000000000e+03
1.268800000000000000e+04
1.235700000000000000e+04
1.520400000000000000e+04
2.915000000000000000e+03
6.071000000000000000e+03
1.578100000000000000e+04
1.057400000000000000e+04
1.100000000000000000e+04
1.395000000000000000e+04
1.526300000000000000e+04
1.654800000000000000e+04
1.455400000000000000e+04
1.798000000000000000e+03
1.567500000000000000e+04
1.528000000000000000e+04
3.801000000000000000e+03
1.699600000000000000e+04
1.799900000000000000e+04
1.463300000000000000e+04
1.664900000000000000e+04
4.208000000000000000e+03
1.332500000000000000e+04
1.098800000000000000e+04
1.093800000000000000e+04
9.290000000000000000e+03
1.423100000000000000e+04
1.102900000000000000e+04
1.110100000000000000e+04
8.794000000000000000e+03
1.615400000000000000e+04
6.048000000000000000e+03
7.173000000000000000e+03
1.651000000000000000e+04
1.521500000000000000e+04
1.442400000000000000e+04
1.370900000000000000e+04
8.256000000000000000e+03
2.992000000000000000e+03
5.047000000000000000e+03
1.326100000000000000e+04
1.725600000000000000e+04
8.899000000000000000e+03
1.395100000000000000e+04
5.691000000000000000e+03
1.601600000000000000e+04
1.463500000000000000e+04
1.082000000000000000e+03
1.198300000000000000e+04
5.195000000000000000e+03
9.318000000000000000e+03
1.080200000000000000e+04
1.250100000000000000e+04
3.909000000000000000e+03
5.178000000000000000e+03
1.155400000000000000e+04
1.522600000000000000e+04
1.117100000000000000e+04
6.397000000000000000e+03
1.349600000000000000e+04
9.026000000000000000e+03
1.070600000000000000e+04
1.312500000000000000e+04
1.782100000000000000e+04
8.961000000000000000e+03
1.613800000000000000e+04
1.433400000000000000e+04
6.930000000000000000e+03
9.494000000000000000e+03
1.129900000000000000e+04
5.359000000000000000e+03
1.585600000000000000e+04
1.457900000000000000e+04
1.836200000000000000e+04
1.092000000000000000e+03
1.464900000000000000e+04
7.849000000000000000e+03
9.768000000000000000e+03
1.351300000000000000e+04
1.345500000000000000e+04
5.105000000000000000e+03
4.151000000000000000e+03
1.297700000000000000e+04
9.851000000000000000e+03
1.727700000000000000e+04
1.613700000000000000e+04
1.443400000000000000e+04
5.686000000000000000e+03
1.691900000000000000e+04
1.826800000000000000e+04
1.840100000000000000e+04
1.320500000000000000e+04
5.947000000000000000e+03
9.500000000000000000e+03
1.015500000000000000e+04
1.387900000000000000e+04
3.993000000000000000e+03
8.773000000000000000e+03
1.644000000000000000e+04
7.117000000000000000e+03
1.049000000000000000e+04
1.569500000000000000e+04
7.404000000000000000e+03
1.307200000000000000e+04
5.476000000000000000e+03
1.031800000000000000e+04
4.108000000000000000e+03
8.440000000000000000e+02
9.915000000000000000e+03
1.137700000000000000e+04
7.606000000000000000e+03
1.123400000000000000e+04
1.238900000000000000e+04
4.197000000000000000e+03
1.677600000000000000e+04
1.499100000000000000e+04
8.403000000000000000e+03
1.061300000000000000e+04
4.881000000000000000e+03
1.779100000000000000e+04
7.726000000000000000e+03
1.702200000000000000e+04
1.715700000000000000e+04
9.992000000000000000e+03
9.740000000000000000e+02
8.921000000000000000e+03
1.746700000000000000e+04
9.011000000000000000e+03
1.144500000000000000e+04
9.046000000000000000e+03
7.880000000000000000e+03
5.110000000000000000e+02
1.538800000000000000e+04
1.110000000000000000e+04
8.777000000000000000e+03
1.843400000000000000e+04
8.447000000000000000e+03
1.627100000000000000e+04
1.336600000000000000e+04
1.416800000000000000e+04
1.406400000000000000e+04
6.614000000000000000e+03
1.301400000000000000e+04
7.457000000000000000e+03
7.580000000000000000e+03
1.553100000000000000e+04
1.825600000000000000e+04
6.832000000000000000e+03
1.691800000000000000e+04
9.164000000000000000e+03
1.472800000000000000e+04
2.630000000000000000e+02
1.680800000000000000e+04
6.597000000000000000e+03
1.506000000000000000e+04
4.889000000000000000e+03
1.356800000000000000e+04
3.274000000000000000e+03
1.304200000000000000e+04
7.739000000000000000e+03
1.031500000000000000e+04
8.214000000000000000e+03
1.035000000000000000e+04
1.752000000000000000e+04
1.346100000000000000e+04
1.660400000000000000e+04
1.724200000000000000e+04
8.955000000000000000e+03
1.628900000000000000e+04
5.666000000000000000e+03
1.324200000000000000e+04
1.393100000000000000e+04
1.049600000000000000e+04
1.091800000000000000e+04
1.265700000000000000e+04
1.793800000000000000e+04
1.418100000000000000e+04
1.090600000000000000e+04
1.745400000000000000e+04
1.068900000000000000e+04
3.884000000000000000e+03
1.531400000000000000e+04
2.168000000000000000e+03
2.071000000000000000e+03
9.745000000000000000e+03
1.156200000000000000e+04
1.811800000000000000e+04
1.674200000000000000e+04
1.398200000000000000e+04
1.439300000000000000e+04
1.732400000000000000e+04
1.459000000000000000e+04
7.280000000000000000e+02
1.665000000000000000e+04
1.780900000000000000e+04
1.525500000000000000e+04
1.168400000000000000e+04
1.106000000000000000e+04
1.545000000000000000e+04
1.543400000000000000e+04
