4.850000000000000000e+02
2.010000000000000000e+02
2.590000000000000000e+02
1.273000000000000000e+03
3.040000000000000000e+03
1.178000000000000000e+03
7.110000000000000000e+02
8.770000000000000000e+02
1.238000000000000000e+03
1.090000000000000000e+03
3.063000000000000000e+03
2.550000000000000000e+03
1.640000000000000000e+02
1.670000000000000000e+03
7.620000000000000000e+02
1.369000000000000000e+03
2.870000000000000000e+03
1.920000000000000000e+03
1.455000000000000000e+03
2.242000000000000000e+03
5.990000000000000000e+02
7.540000000000000000e+02
3.367000000000000000e+03
2.440000000000000000e+03
4.231000000000000000e+03
4.109000000000000000e+03
2.204000000000000000e+03
5.810000000000000000e+03
4.892000000000000000e+03
1.650000000000000000e+02
1.075000000000000000e+03
4.458000000000000000e+03
2.633000000000000000e+03
8.250000000000000000e+02
3.705000000000000000e+03
1.861000000000000000e+03
5.124000000000000000e+03
2.412000000000000000e+03
1.065000000000000000e+03
7.606000000000000000e+03
3.554000000000000000e+03
2.461000000000000000e+03
1.242000000000000000e+03
2.764000000000000000e+03
2.410000000000000000e+03
1.798000000000000000e+03
3.817000000000000000e+03
6.680000000000000000e+03
1.548000000000000000e+03
7.520000000000000000e+03
2.752000000000000000e+03
3.970000000000000000e+03
4.084000000000000000e+03
3.024000000000000000e+03
8.020000000000000000e+02
6.982000000000000000e+03
1.853000000000000000e+03
5.948000000000000000e+03
4.553000000000000000e+03
8.099000000000000000e+03
2.071000000000000000e+03
1.588000000000000000e+03
3.948000000000000000e+03
7.148000000000000000e+03
5.549000000000000000e+03
1.376000000000000000e+03
2.750000000000000000e+03
4.320000000000000000e+03
5.195000000000000000e+03
5.847000000000000000e+03
5.826000000000000000e+03
4.980000000000000000e+02
6.724000000000000000e+03
2.452000000000000000e+03
4.767000000000000000e+03
2.252000000000000000e+03
6.006000000000000000e+03
6.340000000000000000e+03
6.989000000000000000e+03
7.640000000000000000e+02
5.539000000000000000e+03
4.152000000000000000e+03
7.733000000000000000e+03
6.728000000000000000e+03
5.735000000000000000e+03
2.686000000000000000e+03
4.645000000000000000e+03
4.272000000000000000e+03
7.579000000000000000e+03
2.107000000000000000e+03
1.998000000000000000e+03
8.107000000000000000e+03
9.915000000000000000e+03
6.542000000000000000e+03
6.345000000000000000e+03
7.505000000000000000e+03
3.203000000000000000e+03
5.659000000000000000e+03
1.777000000000000000e+03
6.437000000000000000e+03
8.101000000000000000e+03
4.141000000000000000e+03
4.335000000000000000e+03
9.377000000000000000e+03
3.993000000000000000e+03
6.370000000000000000e+03
5.206000000000000000e+03
5.628000000000000000e+03
4.062000000000000000e+03
6.606000000000000000e+03
2.914000000000000000e+03
4.103000000000000000e+03
5.259000000000000000e+03
8.069000000000000000e+03
3.809000000000000000e+03
3.444000000000000000e+03
3.772000000000000000e+03
7.662000000000000000e+03
4.603000000000000000e+03
2.915000000000000000e+03
4.208000000000000000e+03
3.616000000000000000e+03
5.190000000000000000e+03
1.750000000000000000e+02
5.949000000000000000e+03
9.937000000000000000e+03
7.233000000000000000e+03
1.001000000000000000e+03
5.476000000000000000e+03
3.126000000000000000e+03
6.549000000000000000e+03
3.274000000000000000e+03
7.959000000000000000e+03
6.981000000000000000e+03
1.029500000000000000e+04
9.572000000000000000e+03
9.916000000000000000e+03
1.023000000000000000e+04
1.188000000000000000e+03
7.467000000000000000e+03
6.647000000000000000e+03
4.195000000000000000e+03
8.773000000000000000e+03
6.317000000000000000e+03
9.038000000000000000e+03
1.188300000000000000e+04
9.783000000000000000e+03
6.943000000000000000e+03
5.183000000000000000e+03
1.766000000000000000e+03
1.164800000000000000e+04
5.354000000000000000e+03
1.136700000000000000e+04
7.052000000000000000e+03
7.566000000000000000e+03
4.108000000000000000e+03
5.228000000000000000e+03
9.045000000000000000e+03
8.997000000000000000e+03
7.677000000000000000e+03
1.712000000000000000e+03
5.456000000000000000e+03
1.048900000000000000e+04
8.772000000000000000e+03
9.651000000000000000e+03
9.570000000000000000e+02
7.580000000000000000e+03
5.530000000000000000e+03
1.062700000000000000e+04
5.110000000000000000e+02
6.175000000000000000e+03
8.515000000000000000e+03
6.380000000000000000e+03
9.510000000000000000e+03
1.124500000000000000e+04
7.820000000000000000e+03
8.185000000000000000e+03
5.468000000000000000e+03
8.304000000000000000e+03
1.226300000000000000e+04
3.168000000000000000e+03
6.431000000000000000e+03
8.846000000000000000e+03
6.356000000000000000e+03
1.345500000000000000e+04
1.213200000000000000e+04
1.214300000000000000e+04
1.443400000000000000e+04
6.071000000000000000e+03
1.069800000000000000e+04
1.317200000000000000e+04
6.934000000000000000e+03
8.740000000000000000e+03
1.102900000000000000e+04
5.609000000000000000e+03
7.211000000000000000e+03
1.121000000000000000e+03
1.222000000000000000e+03
5.076000000000000000e+03
8.794000000000000000e+03
7.298000000000000000e+03
1.092000000000000000e+03
8.052000000000000000e+03
2.508000000000000000e+03
4.147000000000000000e+03
6.286000000000000000e+03
3.156000000000000000e+03
6.283000000000000000e+03
1.110100000000000000e+04
1.117200000000000000e+04
1.120100000000000000e+04
1.137700000000000000e+04
2.131000000000000000e+03
7.942000000000000000e+03
1.000700000000000000e+04
9.046000000000000000e+03
4.698000000000000000e+03
8.143000000000000000e+03
1.235700000000000000e+04
8.899000000000000000e+03
1.941000000000000000e+03
7.065000000000000000e+03
8.234000000000000000e+03
7.404000000000000000e+03
1.101600000000000000e+04
1.393300000000000000e+04
5.686000000000000000e+03
1.149500000000000000e+04
1.368600000000000000e+04
6.930000000000000000e+03
8.998000000000000000e+03
7.260000000000000000e+03
4.076000000000000000e+03
8.806000000000000000e+03
1.015500000000000000e+04
8.688000000000000000e+03
3.450000000000000000e+03
1.214200000000000000e+04
1.268800000000000000e+04
3.865000000000000000e+03
1.307200000000000000e+04
1.451200000000000000e+04
7.457000000000000000e+03
1.049000000000000000e+04
1.103000000000000000e+04
5.665000000000000000e+03
1.222400000000000000e+04
1.472900000000000000e+04
8.700000000000000000e+03
1.328700000000000000e+04
1.428900000000000000e+04
7.280000000000000000e+02
1.275100000000000000e+04
2.244000000000000000e+03
3.473000000000000000e+03
1.355400000000000000e+04
8.955000000000000000e+03
1.090600000000000000e+04
1.520400000000000000e+04
6.168000000000000000e+03
3.820000000000000000e+03
9.060000000000000000e+03
7.014000000000000000e+03
1.320500000000000000e+04
3.884000000000000000e+03
6.950000000000000000e+03
5.499000000000000000e+03
1.101700000000000000e+04
1.464800000000000000e+04
1.033900000000000000e+04
1.409600000000000000e+04
1.096700000000000000e+04
6.397000000000000000e+03
5.372000000000000000e+03
1.198300000000000000e+04
1.491900000000000000e+04
1.627100000000000000e+04
1.144500000000000000e+04
1.387900000000000000e+04
1.531400000000000000e+04
6.942000000000000000e+03
1.288600000000000000e+04
1.369600000000000000e+04
8.053000000000000000e+03
1.066700000000000000e+04
7.805000000000000000e+03
1.455400000000000000e+04
1.349600000000000000e+04
1.525500000000000000e+04
1.521500000000000000e+04
9.948000000000000000e+03
8.327000000000000000e+03
1.068900000000000000e+04
5.615000000000000000e+03
3.134000000000000000e+03
4.889000000000000000e+03
1.063600000000000000e+04
1.336600000000000000e+04
9.778000000000000000e+03
1.035100000000000000e+04
7.880000000000000000e+03
1.463500000000000000e+04
6.788000000000000000e+03
1.724200000000000000e+04
2.294000000000000000e+03
1.288700000000000000e+04
7.204000000000000000e+03
9.291000000000000000e+03
9.318000000000000000e+03
7.002000000000000000e+03
1.395100000000000000e+04
1.010800000000000000e+04
1.168400000000000000e+04
1.061400000000000000e+04
1.356800000000000000e+04
9.907000000000000000e+03
1.207600000000000000e+04
5.960000000000000000e+02
2.168000000000000000e+03
5.347000000000000000e+03
8.969000000000000000e+03
3.139000000000000000e+03
1.628900000000000000e+04
9.991000000000000000e+03
9.494000000000000000e+03
1.117000000000000000e+04
1.418200000000000000e+04
1.459000000000000000e+04
1.219600000000000000e+04
2.581000000000000000e+03
1.332500000000000000e+04
1.518900000000000000e+04
4.106000000000000000e+03
1.423100000000000000e+04
1.792300000000000000e+04
1.307300000000000000e+04
1.370900000000000000e+04
1.411500000000000000e+04
1.433400000000000000e+04
1.544900000000000000e+04
9.326000000000000000e+03
7.313000000000000000e+03
5.748000000000000000e+03
1.149400000000000000e+04
1.544800000000000000e+04
1.536900000000000000e+04
1.464900000000000000e+04
5.713000000000000000e+03
1.346000000000000000e+04
1.439300000000000000e+04
1.539900000000000000e+04
1.677600000000000000e+04
5.666000000000000000e+03
5.482000000000000000e+03
1.504300000000000000e+04
1.660400000000000000e+04
1.246100000000000000e+04
1.615000000000000000e+03
1.354200000000000000e+04
5.080000000000000000e+03
9.992000000000000000e+03
1.250100000000000000e+04
8.614000000000000000e+03
1.782200000000000000e+04
1.617500000000000000e+04
1.347900000000000000e+04
1.031800000000000000e+04
8.412000000000000000e+03
1.569500000000000000e+04
9.250000000000000000e+03
1.088500000000000000e+04
1.589100000000000000e+04
1.613800000000000000e+04
1.667700000000000000e+04
6.823000000000000000e+03
9.342000000000000000e+03
3.247000000000000000e+03
1.431100000000000000e+04
1.702200000000000000e+04
1.715700000000000000e+04
8.324000000000000000e+03
9.740000000000000000e+02
1.539800000000000000e+04
1.664900000000000000e+04
5.697000000000000000e+03
1.404700000000000000e+04
9.044000000000000000e+03
1.060100000000000000e+04
1.796500000000000000e+04
6.781000000000000000e+03
1.779200000000000000e+04
1.429100000000000000e+04
6.490000000000000000e+02
1.430200000000000000e+04
1.456800000000000000e+04
1.253400000000000000e+04
1.117300000000000000e+04
1.618000000000000000e+03
7.173000000000000000e+03
1.027800000000000000e+04
9.239000000000000000e+03
1.528000000000000000e+04
8.729000000000000000e+03
1.032600000000000000e+04
1.506000000000000000e+04
1.189300000000000000e+04
2.170000000000000000e+03
1.700500000000000000e+04
7.748000000000000000e+03
1.376400000000000000e+04
1.349500000000000000e+04
1.699600000000000000e+04
9.422000000000000000e+03
1.454300000000000000e+04
6.597000000000000000e+03
6.450000000000000000e+03
9.722000000000000000e+03
1.421600000000000000e+04
1.106000000000000000e+04
6.887000000000000000e+03
1.056000000000000000e+04
1.262300000000000000e+04
1.720100000000000000e+04
1.553100000000000000e+04
1.188400000000000000e+04
3.190000000000000000e+03
7.977000000000000000e+03
1.254500000000000000e+04
4.512000000000000000e+03
9.745000000000000000e+03
3.846000000000000000e+03
1.499100000000000000e+04
1.745400000000000000e+04
1.767700000000000000e+04
1.198400000000000000e+04
3.793000000000000000e+03
5.241000000000000000e+03
4.329000000000000000e+03
4.167000000000000000e+03
1.660500000000000000e+04
1.047100000000000000e+04
1.023700000000000000e+04
1.126000000000000000e+03
7.116000000000000000e+03
1.268700000000000000e+04
1.644100000000000000e+04
1.509100000000000000e+04
1.060200000000000000e+04
1.807500000000000000e+04
1.396300000000000000e+04
1.704400000000000000e+04
5.848000000000000000e+03
1.763000000000000000e+03
7.747000000000000000e+03
1.615400000000000000e+04
1.219700000000000000e+04
9.402000000000000000e+03
1.052100000000000000e+04
2.920000000000000000e+03
1.843000000000000000e+04
1.665000000000000000e+04
6.247000000000000000e+03
4.833000000000000000e+03
1.343800000000000000e+04
1.373300000000000000e+04
1.732400000000000000e+04
1.014600000000000000e+04
1.806100000000000000e+04
1.770600000000000000e+04
1.110200000000000000e+04
1.671100000000000000e+04
1.806200000000000000e+04
4.120000000000000000e+02
4.791000000000000000e+03
1.654800000000000000e+04
1.243100000000000000e+04
1.174800000000000000e+04
2.697000000000000000e+03
9.249000000000000000e+03
1.780900000000000000e+04
1.657800000000000000e+04
5.062000000000000000e+03
1.308800000000000000e+04
3.938000000000000000e+03
9.800000000000000000e+03
1.779100000000000000e+04
5.820000000000000000e+03
1.625100000000000000e+04
1.823500000000000000e+04
1.577600000000000000e+04
5.235000000000000000e+03
1.433500000000000000e+04
1.011900000000000000e+04
6.772000000000000000e+03
6.403000000000000000e+03
1.472800000000000000e+04
1.093800000000000000e+04
1.683500000000000000e+04
1.065800000000000000e+04
8.455000000000000000e+03
7.512000000000000000e+03
4.301000000000000000e+03
2.171000000000000000e+03
1.436500000000000000e+04
9.851000000000000000e+03
1.100000000000000000e+04
1.793800000000000000e+04
1.554700000000000000e+04
5.189000000000000000e+03
