4.850000000000000000e+02
2.071000000000000000e+03
1.178000000000000000e+03
7.640000000000000000e+02
2.242000000000000000e+03
1.920000000000000000e+03
1.712000000000000000e+03
1.090000000000000000e+03
2.440000000000000000e+03
2.870000000000000000e+03
1.075000000000000000e+03
7.110000000000000000e+02
3.970000000000000000e+03
1.650000000000000000e+02
3.993000000000000000e+03
5.110000000000000000e+02
1.798000000000000000e+03
3.024000000000000000e+03
4.231000000000000000e+03
4.109000000000000000e+03
1.670000000000000000e+03
5.476000000000000000e+03
3.274000000000000000e+03
2.010000000000000000e+02
1.853000000000000000e+03
1.273000000000000000e+03
3.063000000000000000e+03
2.410000000000000000e+03
4.084000000000000000e+03
1.001000000000000000e+03
2.590000000000000000e+02
5.124000000000000000e+03
5.686000000000000000e+03
2.461000000000000000e+03
8.020000000000000000e+02
1.238000000000000000e+03
2.412000000000000000e+03
4.272000000000000000e+03
4.195000000000000000e+03
3.367000000000000000e+03
2.550000000000000000e+03
6.340000000000000000e+03
3.134000000000000000e+03
7.540000000000000000e+02
1.861000000000000000e+03
1.092000000000000000e+03
5.195000000000000000e+03
4.208000000000000000e+03
3.554000000000000000e+03
6.542000000000000000e+03
5.206000000000000000e+03
1.548000000000000000e+03
4.108000000000000000e+03
1.242000000000000000e+03
1.588000000000000000e+03
4.458000000000000000e+03
5.697000000000000000e+03
2.697000000000000000e+03
1.065000000000000000e+03
1.121000000000000000e+03
4.320000000000000000e+03
4.076000000000000000e+03
3.616000000000000000e+03
7.662000000000000000e+03
6.728000000000000000e+03
3.705000000000000000e+03
5.628000000000000000e+03
5.508000000000000000e+03
6.982000000000000000e+03
7.580000000000000000e+03
8.324000000000000000e+03
7.211000000000000000e+03
3.040000000000000000e+03
1.998000000000000000e+03
5.539000000000000000e+03
5.847000000000000000e+03
8.773000000000000000e+03
6.071000000000000000e+03
4.603000000000000000e+03
5.241000000000000000e+03
5.735000000000000000e+03
7.620000000000000000e+02
7.280000000000000000e+02
6.781000000000000000e+03
7.606000000000000000e+03
8.250000000000000000e+02
5.713000000000000000e+03
6.606000000000000000e+03
3.817000000000000000e+03
5.468000000000000000e+03
3.444000000000000000e+03
2.581000000000000000e+03
2.204000000000000000e+03
6.943000000000000000e+03
6.437000000000000000e+03
6.286000000000000000e+03
5.259000000000000000e+03
3.809000000000000000e+03
2.915000000000000000e+03
1.640000000000000000e+02
1.376000000000000000e+03
1.455000000000000000e+03
1.015500000000000000e+04
5.990000000000000000e+02
6.349000000000000000e+03
7.222000000000000000e+03
6.006000000000000000e+03
2.764000000000000000e+03
2.168000000000000000e+03
2.252000000000000000e+03
7.579000000000000000e+03
4.889000000000000000e+03
8.688000000000000000e+03
9.992000000000000000e+03
1.061400000000000000e+04
7.270000000000000000e+03
9.915000000000000000e+03
2.294000000000000000e+03
5.549000000000000000e+03
6.370000000000000000e+03
1.144500000000000000e+04
1.049000000000000000e+04
1.035100000000000000e+04
1.117300000000000000e+04
7.404000000000000000e+03
3.884000000000000000e+03
8.794000000000000000e+03
4.062000000000000000e+03
5.615000000000000000e+03
6.930000000000000000e+03
4.103000000000000000e+03
2.107000000000000000e+03
4.980000000000000000e+02
8.099000000000000000e+03
6.724000000000000000e+03
2.170000000000000000e+03
7.233000000000000000e+03
8.740000000000000000e+03
1.011900000000000000e+04
1.188000000000000000e+03
5.347000000000000000e+03
7.520000000000000000e+03
1.777000000000000000e+03
5.810000000000000000e+03
5.190000000000000000e+03
6.981000000000000000e+03
1.000700000000000000e+04
1.750000000000000000e+02
9.250000000000000000e+03
1.164800000000000000e+04
6.680000000000000000e+03
1.031800000000000000e+04
8.770000000000000000e+02
6.989000000000000000e+03
9.249000000000000000e+03
2.633000000000000000e+03
4.512000000000000000e+03
7.148000000000000000e+03
1.214200000000000000e+04
9.402000000000000000e+03
1.052100000000000000e+04
4.106000000000000000e+03
1.766000000000000000e+03
5.354000000000000000e+03
8.955000000000000000e+03
1.090600000000000000e+04
6.397000000000000000e+03
1.219700000000000000e+04
3.772000000000000000e+03
3.156000000000000000e+03
5.183000000000000000e+03
9.572000000000000000e+03
6.772000000000000000e+03
9.651000000000000000e+03
4.553000000000000000e+03
8.432000000000000000e+03
6.317000000000000000e+03
8.998000000000000000e+03
7.242000000000000000e+03
4.120000000000000000e+02
8.143000000000000000e+03
1.110100000000000000e+04
1.198400000000000000e+04
9.046000000000000000e+03
1.066700000000000000e+04
7.260000000000000000e+03
1.102900000000000000e+04
6.356000000000000000e+03
8.969000000000000000e+03
5.482000000000000000e+03
1.463400000000000000e+04
5.638000000000000000e+03
7.512000000000000000e+03
5.826000000000000000e+03
9.907000000000000000e+03
6.597000000000000000e+03
6.450000000000000000e+03
5.659000000000000000e+03
1.168400000000000000e+04
1.275100000000000000e+04
3.793000000000000000e+03
1.618000000000000000e+03
7.204000000000000000e+03
1.032600000000000000e+04
8.772000000000000000e+03
1.137700000000000000e+04
5.520000000000000000e+03
4.141000000000000000e+03
3.203000000000000000e+03
1.320500000000000000e+04
1.615000000000000000e+03
1.404700000000000000e+04
3.086000000000000000e+03
6.490000000000000000e+02
1.439300000000000000e+04
9.570000000000000000e+02
1.449600000000000000e+04
7.880000000000000000e+03
5.665000000000000000e+03
9.991000000000000000e+03
1.048900000000000000e+04
7.733000000000000000e+03
1.014600000000000000e+04
7.740000000000000000e+03
1.047100000000000000e+04
9.494000000000000000e+03
1.198300000000000000e+04
9.045000000000000000e+03
1.354200000000000000e+04
1.029500000000000000e+04
9.916000000000000000e+03
1.060200000000000000e+04
7.566000000000000000e+03
8.413000000000000000e+03
5.235000000000000000e+03
1.254500000000000000e+04
1.068900000000000000e+04
1.023000000000000000e+04
1.694200000000000000e+04
7.748000000000000000e+03
2.750000000000000000e+03
8.899000000000000000e+03
1.369000000000000000e+03
3.865000000000000000e+03
4.892000000000000000e+03
1.294900000000000000e+04
5.062000000000000000e+03
4.645000000000000000e+03
6.247000000000000000e+03
1.062700000000000000e+04
5.960000000000000000e+02
7.457000000000000000e+03
1.010800000000000000e+04
5.080000000000000000e+03
7.677000000000000000e+03
6.283000000000000000e+03
1.336600000000000000e+04
1.120100000000000000e+04
1.349600000000000000e+04
9.783000000000000000e+03
7.959000000000000000e+03
9.510000000000000000e+03
8.052000000000000000e+03
1.235700000000000000e+04
1.136700000000000000e+04
9.422000000000000000e+03
8.101000000000000000e+03
6.823000000000000000e+03
5.084000000000000000e+03
1.400600000000000000e+04
1.307300000000000000e+04
4.329000000000000000e+03
1.049700000000000000e+04
9.722000000000000000e+03
3.893000000000000000e+03
5.277000000000000000e+03
2.914000000000000000e+03
1.525500000000000000e+04
1.396300000000000000e+04
1.189300000000000000e+04
5.609000000000000000e+03
1.149500000000000000e+04
3.948000000000000000e+03
1.356800000000000000e+04
9.342000000000000000e+03
1.423100000000000000e+04
9.377000000000000000e+03
1.395100000000000000e+04
1.472900000000000000e+04
1.429100000000000000e+04
1.023700000000000000e+04
1.506000000000000000e+04
9.948000000000000000e+03
1.518900000000000000e+04
3.007000000000000000e+03
1.222000000000000000e+03
1.456800000000000000e+04
6.431000000000000000e+03
7.052000000000000000e+03
1.433400000000000000e+04
4.335000000000000000e+03
1.459000000000000000e+04
5.666000000000000000e+03
1.387900000000000000e+04
1.531400000000000000e+04
1.416800000000000000e+04
1.226300000000000000e+04
9.937000000000000000e+03
1.617500000000000000e+04
1.411500000000000000e+04
1.544900000000000000e+04
1.657800000000000000e+04
1.268900000000000000e+04
8.997000000000000000e+03
8.234000000000000000e+03
1.720100000000000000e+04
1.213200000000000000e+04
1.463500000000000000e+04
6.934000000000000000e+03
1.660400000000000000e+04
1.188400000000000000e+04
1.253400000000000000e+04
1.174800000000000000e+04
5.848000000000000000e+03
1.110200000000000000e+04
1.202600000000000000e+04
1.376400000000000000e+04
6.168000000000000000e+03
1.589100000000000000e+04
1.268800000000000000e+04
3.450000000000000000e+03
2.752000000000000000e+03
1.332500000000000000e+04
1.548300000000000000e+04
1.464900000000000000e+04
1.890000000000000000e+03
4.152000000000000000e+03
4.767000000000000000e+03
1.370900000000000000e+04
9.318000000000000000e+03
8.455000000000000000e+03
1.067300000000000000e+04
1.241700000000000000e+04
1.320600000000000000e+04
8.304000000000000000e+03
1.443400000000000000e+04
1.660500000000000000e+04
1.628900000000000000e+04
1.185900000000000000e+04
6.618000000000000000e+03
1.106000000000000000e+04
1.671100000000000000e+04
4.301000000000000000e+03
8.327000000000000000e+03
1.745400000000000000e+04
1.393300000000000000e+04
1.732400000000000000e+04
7.505000000000000000e+03
1.790300000000000000e+04
9.745000000000000000e+03
6.788000000000000000e+03
1.069800000000000000e+04
1.101700000000000000e+04
1.521500000000000000e+04
7.788000000000000000e+03
7.173000000000000000e+03
6.345000000000000000e+03
1.101600000000000000e+04
2.131000000000000000e+03
2.452000000000000000e+03
3.737000000000000000e+03
5.948000000000000000e+03
1.455400000000000000e+04
9.443000000000000000e+03
1.314600000000000000e+04
1.590800000000000000e+04
9.737000000000000000e+03
9.059000000000000000e+03
1.307200000000000000e+04
1.345500000000000000e+04
1.700500000000000000e+04
1.375000000000000000e+04
1.494700000000000000e+04
5.787000000000000000e+03
5.456000000000000000e+03
8.185000000000000000e+03
1.243100000000000000e+04
1.785200000000000000e+04
1.741800000000000000e+04
1.538900000000000000e+04
1.366100000000000000e+04
1.554700000000000000e+04
1.577600000000000000e+04
1.636100000000000000e+04
5.189000000000000000e+03
6.403000000000000000e+03
1.569500000000000000e+04
1.780900000000000000e+04
1.806100000000000000e+04
1.739800000000000000e+04
1.214300000000000000e+04
1.651100000000000000e+04
8.672000000000000000e+03
7.076000000000000000e+03
1.537000000000000000e+04
1.895000000000000000e+03
1.569800000000000000e+04
1.043100000000000000e+04
1.188300000000000000e+04
1.665000000000000000e+04
2.171000000000000000e+03
1.677600000000000000e+04
1.130900000000000000e+04
1.699700000000000000e+04
1.553100000000000000e+04
1.758000000000000000e+04
9.390000000000000000e+03
9.870000000000000000e+03
6.380000000000000000e+03
1.349500000000000000e+04
8.846000000000000000e+03
1.613800000000000000e+04
1.509100000000000000e+04
1.753400000000000000e+04
1.730900000000000000e+04
1.807500000000000000e+04
1.779200000000000000e+04
1.360800000000000000e+04
1.411600000000000000e+04
8.107000000000000000e+03
2.717000000000000000e+03
1.331200000000000000e+04
1.683600000000000000e+04
8.069000000000000000e+03
1.702200000000000000e+04
1.451200000000000000e+04
1.368600000000000000e+04
1.464800000000000000e+04
1.823500000000000000e+04
6.240000000000000000e+03
9.026000000000000000e+03
7.298000000000000000e+03
1.749700000000000000e+04
5.055000000000000000e+03
4.815000000000000000e+03
8.526000000000000000e+03
8.700000000000000000e+03
1.219600000000000000e+04
1.544800000000000000e+04
1.627100000000000000e+04
1.715700000000000000e+04
1.767700000000000000e+04
1.222400000000000000e+04
3.776000000000000000e+03
1.093900000000000000e+04
1.615500000000000000e+04
4.239000000000000000e+03
5.895000000000000000e+03
6.899000000000000000e+03
8.134000000000000000e+03
1.811900000000000000e+04
1.770600000000000000e+04
9.740000000000000000e+02
1.033900000000000000e+04
3.473000000000000000e+03
9.291000000000000000e+03
7.942000000000000000e+03
3.460000000000000000e+03
1.806200000000000000e+04
5.530000000000000000e+03
7.820000000000000000e+03
4.514000000000000000e+03
6.902000000000000000e+03
3.436000000000000000e+03
7.003000000000000000e+03
1.207600000000000000e+04
8.515000000000000000e+03
5.228000000000000000e+03
1.328700000000000000e+04
1.222500000000000000e+04
7.431000000000000000e+03
1.763000000000000000e+03
9.326000000000000000e+03
3.139000000000000000e+03
1.491900000000000000e+04
1.347900000000000000e+04
1.704400000000000000e+04
1.687900000000000000e+04
5.426000000000000000e+03
3.126000000000000000e+03
1.409600000000000000e+04
1.666600000000000000e+04
1.210000000000000000e+04
2.612000000000000000e+03
1.941000000000000000e+03
1.779100000000000000e+04
1.355400000000000000e+04
1.430200000000000000e+04
1.317200000000000000e+04
7.313000000000000000e+03
1.418200000000000000e+04
2.508000000000000000e+03
1.369700000000000000e+04
1.640600000000000000e+04
1.132800000000000000e+04
8.858000000000000000e+03
8.456000000000000000e+03
1.249600000000000000e+04
1.061500000000000000e+04
1.250100000000000000e+04
9.044000000000000000e+03
1.288700000000000000e+04
6.639000000000000000e+03
4.022000000000000000e+03
1.821200000000000000e+04
1.496100000000000000e+04
4.513000000000000000e+03
1.601700000000000000e+04
1.160200000000000000e+04
4.215000000000000000e+03
9.880000000000000000e+02
3.235000000000000000e+03
5.372000000000000000e+03
1.790200000000000000e+04
8.029000000000000000e+03
1.848900000000000000e+04
8.579000000000000000e+03
8.890000000000000000e+03
1.689900000000000000e+04
1.009900000000000000e+04
1.296600000000000000e+04
3.223000000000000000e+03
1.696600000000000000e+04
9.060000000000000000e+03
9.778000000000000000e+03
7.014000000000000000e+03
1.511900000000000000e+04
1.080200000000000000e+04
5.445000000000000000e+03
5.150000000000000000e+02
