5.110000000000000000e+02
1.650000000000000000e+02
4.370000000000000000e+02
2.612000000000000000e+03
9.570000000000000000e+02
8.020000000000000000e+02
7.280000000000000000e+02
4.340000000000000000e+02
1.633000000000000000e+03
4.427000000000000000e+03
1.890000000000000000e+03
4.499000000000000000e+03
1.161000000000000000e+03
1.121000000000000000e+03
2.523000000000000000e+03
1.001000000000000000e+03
1.895000000000000000e+03
7.640000000000000000e+02
6.490000000000000000e+02
4.301000000000000000e+03
5.090000000000000000e+02
2.717000000000000000e+03
3.073000000000000000e+03
3.436000000000000000e+03
1.328000000000000000e+03
1.618000000000000000e+03
3.776000000000000000e+03
4.612000000000000000e+03
4.120000000000000000e+02
3.007000000000000000e+03
3.846000000000000000e+03
1.615000000000000000e+03
3.086000000000000000e+03
5.960000000000000000e+02
1.708000000000000000e+03
5.187000000000000000e+03
6.128000000000000000e+03
5.150000000000000000e+02
3.737000000000000000e+03
9.880000000000000000e+02
4.215000000000000000e+03
4.513000000000000000e+03
5.895000000000000000e+03
1.188000000000000000e+03
4.815000000000000000e+03
5.587000000000000000e+03
9.740000000000000000e+02
5.189000000000000000e+03
5.402000000000000000e+03
1.134000000000000000e+03
2.581000000000000000e+03
7.363000000000000000e+03
1.092000000000000000e+03
4.536000000000000000e+03
5.526000000000000000e+03
3.314000000000000000e+03
2.724000000000000000e+03
3.139000000000000000e+03
5.469000000000000000e+03
5.062000000000000000e+03
4.239000000000000000e+03
2.748000000000000000e+03
1.712000000000000000e+03
4.008000000000000000e+03
5.093000000000000000e+03
7.087000000000000000e+03
8.030000000000000000e+03
5.080000000000000000e+03
2.466000000000000000e+03
6.341000000000000000e+03
1.798000000000000000e+03
4.022000000000000000e+03
7.478000000000000000e+03
2.171000000000000000e+03
5.055000000000000000e+03
2.294000000000000000e+03
2.769000000000000000e+03
1.610000000000000000e+03
2.170000000000000000e+03
3.362000000000000000e+03
4.865000000000000000e+03
6.240000000000000000e+03
7.276000000000000000e+03
7.978000000000000000e+03
7.167000000000000000e+03
6.902000000000000000e+03
6.247000000000000000e+03
5.780000000000000000e+03
1.107200000000000000e+04
8.872000000000000000e+03
6.384000000000000000e+03
6.899000000000000000e+03
8.730000000000000000e+02
6.516000000000000000e+03
4.040000000000000000e+02
3.893000000000000000e+03
7.987000000000000000e+03
9.760000000000000000e+02
1.211300000000000000e+04
9.523000000000000000e+03
2.250000000000000000e+03
8.545000000000000000e+03
5.277000000000000000e+03
4.329000000000000000e+03
1.075000000000000000e+03
7.076000000000000000e+03
8.475000000000000000e+03
2.697000000000000000e+03
7.362000000000000000e+03
7.336000000000000000e+03
1.766000000000000000e+03
5.787000000000000000e+03
9.216000000000000000e+03
4.031000000000000000e+03
3.134000000000000000e+03
4.631000000000000000e+03
6.562000000000000000e+03
4.106000000000000000e+03
1.998000000000000000e+03
5.445000000000000000e+03
6.766000000000000000e+03
2.705000000000000000e+03
8.224000000000000000e+03
3.884000000000000000e+03
8.029000000000000000e+03
9.889000000000000000e+03
6.823000000000000000e+03
6.431000000000000000e+03
2.915000000000000000e+03
5.875000000000000000e+03
1.588000000000000000e+03
6.639000000000000000e+03
3.830000000000000000e+03
3.793000000000000000e+03
7.306000000000000000e+03
6.618000000000000000e+03
5.048000000000000000e+03
7.457000000000000000e+03
5.084000000000000000e+03
8.448000000000000000e+03
5.114000000000000000e+03
7.697000000000000000e+03
7.570000000000000000e+02
7.635000000000000000e+03
1.162400000000000000e+04
6.597000000000000000e+03
8.456000000000000000e+03
9.328000000000000000e+03
2.168000000000000000e+03
2.461000000000000000e+03
7.405000000000000000e+03
8.339000000000000000e+03
6.824000000000000000e+03
5.666000000000000000e+03
4.796000000000000000e+03
8.672000000000000000e+03
7.970000000000000000e+02
5.235000000000000000e+03
1.096800000000000000e+04
9.363000000000000000e+03
7.636000000000000000e+03
4.980000000000000000e+02
3.772000000000000000e+03
3.809000000000000000e+03
8.465000000000000000e+03
6.767000000000000000e+03
6.350000000000000000e+02
5.758000000000000000e+03
7.199000000000000000e+03
6.935000000000000000e+03
5.520000000000000000e+03
7.431000000000000000e+03
1.036200000000000000e+04
1.174900000000000000e+04
8.320000000000000000e+02
9.870000000000000000e+03
7.003000000000000000e+03
8.890000000000000000e+03
1.014700000000000000e+04
6.406000000000000000e+03
1.985000000000000000e+03
1.114800000000000000e+04
9.144000000000000000e+03
1.582300000000000000e+04
9.327000000000000000e+03
1.154400000000000000e+04
5.588000000000000000e+03
3.252000000000000000e+03
5.615000000000000000e+03
3.460000000000000000e+03
3.444000000000000000e+03
5.241000000000000000e+03
3.616000000000000000e+03
5.848000000000000000e+03
7.748000000000000000e+03
1.014800000000000000e+04
7.204000000000000000e+03
1.009900000000000000e+04
6.974000000000000000e+03
7.242000000000000000e+03
1.254700000000000000e+04
9.517000000000000000e+03
5.190000000000000000e+03
7.270000000000000000e+03
5.339000000000000000e+03
1.022500000000000000e+04
1.186000000000000000e+04
2.535000000000000000e+03
1.143400000000000000e+04
3.950000000000000000e+03
5.016000000000000000e+03
2.162000000000000000e+03
9.391000000000000000e+03
8.234000000000000000e+03
4.512000000000000000e+03
9.443000000000000000e+03
5.665000000000000000e+03
1.126700000000000000e+04
8.455000000000000000e+03
9.693000000000000000e+03
1.398400000000000000e+04
6.550000000000000000e+03
3.450000000000000000e+03
1.222000000000000000e+03
8.600000000000000000e+02
1.164000000000000000e+03
5.347000000000000000e+03
4.142000000000000000e+03
1.180700000000000000e+04
3.274000000000000000e+03
1.132800000000000000e+04
1.040600000000000000e+04
7.193000000000000000e+03
8.930000000000000000e+03
2.402000000000000000e+03
1.100200000000000000e+04
2.403000000000000000e+03
1.144900000000000000e+04
1.359300000000000000e+04
1.351500000000000000e+04
5.724000000000000000e+03
1.150500000000000000e+04
1.529700000000000000e+04
4.886000000000000000e+03
4.272000000000000000e+03
1.504400000000000000e+04
1.573200000000000000e+04
1.258000000000000000e+03
1.157100000000000000e+04
1.195700000000000000e+04
8.108000000000000000e+03
8.143000000000000000e+03
1.209900000000000000e+04
1.808000000000000000e+03
1.474300000000000000e+04
1.520500000000000000e+04
1.654900000000000000e+04
9.146000000000000000e+03
5.508000000000000000e+03
4.076000000000000000e+03
9.564000000000000000e+03
7.222000000000000000e+03
1.061500000000000000e+04
5.137000000000000000e+03
1.639100000000000000e+04
1.045300000000000000e+04
1.009000000000000000e+04
1.051000000000000000e+04
1.579200000000000000e+04
3.377000000000000000e+03
7.057000000000000000e+03
1.293300000000000000e+04
1.081400000000000000e+04
1.222500000000000000e+04
9.115000000000000000e+03
1.449700000000000000e+04
6.349000000000000000e+03
4.195000000000000000e+03
1.023700000000000000e+04
2.931000000000000000e+03
1.133900000000000000e+04
1.609600000000000000e+04
6.283000000000000000e+03
1.298700000000000000e+04
8.338000000000000000e+03
1.567600000000000000e+04
1.853000000000000000e+03
1.517800000000000000e+04
1.577700000000000000e+04
1.547100000000000000e+04
1.519100000000000000e+04
1.320800000000000000e+04
7.740000000000000000e+03
1.287800000000000000e+04
1.541600000000000000e+04
1.594700000000000000e+04
4.208000000000000000e+03
1.100100000000000000e+04
1.005000000000000000e+03
8.052000000000000000e+03
9.402000000000000000e+03
1.040500000000000000e+04
1.363800000000000000e+04
1.455500000000000000e+04
1.049700000000000000e+04
7.512000000000000000e+03
8.841000000000000000e+03
1.106000000000000000e+04
1.143300000000000000e+04
1.172000000000000000e+04
1.123200000000000000e+04
7.880000000000000000e+03
9.745000000000000000e+03
1.519000000000000000e+04
1.413200000000000000e+04
1.250100000000000000e+04
2.131000000000000000e+03
5.697000000000000000e+03
1.290000000000000000e+04
1.549900000000000000e+04
9.938000000000000000e+03
5.912000000000000000e+03
3.223000000000000000e+03
1.067300000000000000e+04
6.450000000000000000e+03
1.208800000000000000e+04
1.376000000000000000e+03
5.195000000000000000e+03
1.317300000000000000e+04
1.080200000000000000e+04
1.234300000000000000e+04
2.107000000000000000e+03
1.322700000000000000e+04
4.062000000000000000e+03
5.638000000000000000e+03
1.496100000000000000e+04
1.406500000000000000e+04
1.187100000000000000e+04
8.328000000000000000e+03
6.356000000000000000e+03
1.548400000000000000e+04
3.756000000000000000e+03
1.571000000000000000e+04
1.208900000000000000e+04
1.442000000000000000e+04
1.697800000000000000e+04
1.403100000000000000e+04
1.082600000000000000e+04
1.249600000000000000e+04
1.049800000000000000e+04
1.306300000000000000e+04
6.036000000000000000e+03
6.397000000000000000e+03
1.093900000000000000e+04
1.210000000000000000e+04
1.270000000000000000e+04
1.369800000000000000e+04
3.489000000000000000e+03
1.499100000000000000e+04
1.314600000000000000e+04
1.529600000000000000e+04
8.526000000000000000e+03
1.685100000000000000e+04
1.141700000000000000e+04
5.386000000000000000e+03
1.493300000000000000e+04
1.147400000000000000e+04
1.798800000000000000e+04
1.783500000000000000e+04
8.969000000000000000e+03
1.365200000000000000e+04
1.077800000000000000e+04
7.299000000000000000e+03
8.579000000000000000e+03
9.967000000000000000e+03
1.228900000000000000e+04
1.763000000000000000e+03
9.737000000000000000e+03
7.404000000000000000e+03
8.432000000000000000e+03
1.629000000000000000e+04
5.077000000000000000e+03
1.406700000000000000e+04
2.010000000000000000e+02
9.249000000000000000e+03
8.858000000000000000e+03
1.202600000000000000e+04
1.629900000000000000e+04
1.672300000000000000e+04
1.640000000000000000e+02
4.889000000000000000e+03
1.731000000000000000e+04
1.788900000000000000e+04
1.694300000000000000e+04
1.315800000000000000e+04
1.110200000000000000e+04
1.682200000000000000e+04
1.807600000000000000e+04
1.411600000000000000e+04
1.494800000000000000e+04
1.770800000000000000e+04
1.254600000000000000e+04
4.376000000000000000e+03
1.429000000000000000e+04
1.320600000000000000e+04
8.413000000000000000e+03
1.539000000000000000e+04
1.268900000000000000e+04
1.766300000000000000e+04
1.192300000000000000e+04
9.093000000000000000e+03
1.613900000000000000e+04
4.667000000000000000e+03
2.349000000000000000e+03
3.229000000000000000e+03
3.672000000000000000e+03
9.318000000000000000e+03
8.955000000000000000e+03
1.674300000000000000e+04
1.753500000000000000e+04
1.097500000000000000e+04
9.494000000000000000e+03
6.286000000000000000e+03
1.640700000000000000e+04
5.468000000000000000e+03
1.329000000000000000e+03
8.681000000000000000e+03
8.101000000000000000e+03
1.254500000000000000e+04
1.189300000000000000e+04
3.993000000000000000e+03
1.320700000000000000e+04
1.789200000000000000e+04
1.242000000000000000e+03
1.763600000000000000e+04
1.360800000000000000e+04
1.677700000000000000e+04
1.670000000000000000e+03
9.390000000000000000e+03
1.253400000000000000e+04
1.651200000000000000e+04
1.720200000000000000e+04
1.601700000000000000e+04
5.426000000000000000e+03
1.513600000000000000e+04
5.713000000000000000e+03
1.160200000000000000e+04
1.400300000000000000e+04
1.706000000000000000e+04
1.823600000000000000e+04
4.939000000000000000e+03
1.694400000000000000e+04
1.393400000000000000e+04
1.485500000000000000e+04
7.387000000000000000e+03
3.777000000000000000e+03
4.677000000000000000e+03
1.795000000000000000e+03
1.522700000000000000e+04
6.944000000000000000e+03
1.770700000000000000e+04
1.738600000000000000e+04
2.516000000000000000e+03
1.168000000000000000e+03
1.001600000000000000e+04
8.899000000000000000e+03
8.324000000000000000e+03
1.914000000000000000e+03
1.391600000000000000e+04
1.052100000000000000e+04
1.796600000000000000e+04
5.206000000000000000e+03
9.883000000000000000e+03
1.509200000000000000e+04
8.268000000000000000e+03
5.628000000000000000e+03
1.369700000000000000e+04
4.514000000000000000e+03
8.688000000000000000e+03
1.433500000000000000e+04
7.540000000000000000e+02
1.761500000000000000e+04
1.562600000000000000e+04
1.732500000000000000e+04
6.975000000000000000e+03
3.024000000000000000e+03
1.168400000000000000e+04
1.640600000000000000e+04
1.633200000000000000e+04
1.615500000000000000e+04
6.317000000000000000e+03
1.545000000000000000e+04
3.442000000000000000e+03
1.740000000000000000e+04
1.152000000000000000e+03
1.619100000000000000e+04
2.694000000000000000e+03
3.437000000000000000e+03
1.462000000000000000e+03
6.380000000000000000e+03
1.243100000000000000e+04
5.686000000000000000e+03
1.827400000000000000e+04
1.130000000000000000e+04
1.311400000000000000e+04
7.205000000000000000e+03
8.527000000000000000e+03
2.659000000000000000e+03
1.090000000000000000e+03
7.733000000000000000e+03
9.422000000000000000e+03
1.331200000000000000e+04
1.687900000000000000e+04
6.071000000000000000e+03
1.798900000000000000e+04
1.091900000000000000e+04
4.540000000000000000e+03
5.408000000000000000e+03
8.380000000000000000e+03
2.550000000000000000e+03
4.850000000000000000e+02
1.000700000000000000e+04
2.242000000000000000e+03
1.659300000000000000e+04
1.636100000000000000e+04
1.819000000000000000e+04
1.550000000000000000e+04
1.083400000000000000e+04
1.734800000000000000e+04
7.513000000000000000e+03
6.374000000000000000e+03
1.301500000000000000e+04
4.775000000000000000e+03
1.031800000000000000e+04
6.930000000000000000e+03
1.651100000000000000e+04
1.839200000000000000e+04
9.991000000000000000e+03
5.659000000000000000e+03
3.580000000000000000e+02
7.964000000000000000e+03
1.834100000000000000e+04
8.962000000000000000e+03
7.371000000000000000e+03
9.390000000000000000e+02
1.956000000000000000e+03
2.252000000000000000e+03
1.439300000000000000e+04
7.211000000000000000e+03
1.011900000000000000e+04
1.066700000000000000e+04
1.659400000000000000e+04
1.557500000000000000e+04
1.734700000000000000e+04
1.388000000000000000e+04
5.029000000000000000e+03
5.913000000000000000e+03
6.642000000000000000e+03
1.390200000000000000e+04
