3.440000000000000000e+02
5.090000000000000000e+02
4.040000000000000000e+02
4.340000000000000000e+02
5.150000000000000000e+02
8.600000000000000000e+02
1.027000000000000000e+03
8.730000000000000000e+02
4.120000000000000000e+02
8.320000000000000000e+02
1.152000000000000000e+03
1.763000000000000000e+03
1.914000000000000000e+03
1.795000000000000000e+03
9.880000000000000000e+02
1.164000000000000000e+03
4.370000000000000000e+02
1.329000000000000000e+03
6.350000000000000000e+02
2.349000000000000000e+03
3.672000000000000000e+03
3.489000000000000000e+03
1.370000000000000000e+03
1.462000000000000000e+03
5.960000000000000000e+02
1.161000000000000000e+03
2.302000000000000000e+03
1.168000000000000000e+03
2.162000000000000000e+03
2.574000000000000000e+03
2.631000000000000000e+03
9.390000000000000000e+02
3.252000000000000000e+03
9.740000000000000000e+02
1.134000000000000000e+03
4.775000000000000000e+03
5.408000000000000000e+03
3.777000000000000000e+03
6.490000000000000000e+02
3.830000000000000000e+03
2.171000000000000000e+03
1.328000000000000000e+03
2.535000000000000000e+03
4.980000000000000000e+02
1.258000000000000000e+03
3.169000000000000000e+03
1.005000000000000000e+03
4.677000000000000000e+03
2.250000000000000000e+03
2.705000000000000000e+03
5.029000000000000000e+03
5.913000000000000000e+03
2.046000000000000000e+03
2.466000000000000000e+03
6.087000000000000000e+03
1.708000000000000000e+03
3.950000000000000000e+03
7.970000000000000000e+02
4.142000000000000000e+03
2.170000000000000000e+03
4.886000000000000000e+03
8.905000000000000000e+03
1.610000000000000000e+03
1.633000000000000000e+03
6.681000000000000000e+03
6.768000000000000000e+03
1.386000000000000000e+03
9.760000000000000000e+02
7.406000000000000000e+03
8.268000000000000000e+03
1.956000000000000000e+03
1.615000000000000000e+03
1.985000000000000000e+03
4.667000000000000000e+03
7.570000000000000000e+02
3.497000000000000000e+03
5.339000000000000000e+03
6.374000000000000000e+03
5.555000000000000000e+03
3.314000000000000000e+03
5.077000000000000000e+03
3.229000000000000000e+03
2.748000000000000000e+03
1.618000000000000000e+03
2.851000000000000000e+03
9.570000000000000000e+02
3.362000000000000000e+03
5.724000000000000000e+03
4.613000000000000000e+03
6.169000000000000000e+03
7.004000000000000000e+03
6.036000000000000000e+03
2.403000000000000000e+03
6.550000000000000000e+03
7.727000000000000000e+03
6.841000000000000000e+03
8.868000000000000000e+03
4.514000000000000000e+03
2.523000000000000000e+03
5.016000000000000000e+03
3.460000000000000000e+03
7.387000000000000000e+03
5.386000000000000000e+03
8.223000000000000000e+03
4.451000000000000000e+03
1.808000000000000000e+03
2.253000000000000000e+03
4.476000000000000000e+03
7.280000000000000000e+02
4.008000000000000000e+03
4.939000000000000000e+03
1.191000000000000000e+03
8.117000000000000000e+03
2.131000000000000000e+03
1.588000000000000000e+03
2.799000000000000000e+03
5.912000000000000000e+03
7.698000000000000000e+03
3.580000000000000000e+02
7.299000000000000000e+03
1.810000000000000000e+02
8.811000000000000000e+03
8.229000000000000000e+03
7.205000000000000000e+03
5.137000000000000000e+03
6.975000000000000000e+03
8.681000000000000000e+03
2.516000000000000000e+03
4.310000000000000000e+02
1.895000000000000000e+03
3.001000000000000000e+03
2.874000000000000000e+03
1.047900000000000000e+04
2.769000000000000000e+03
9.093000000000000000e+03
8.328000000000000000e+03
6.819000000000000000e+03
7.591000000000000000e+03
9.938000000000000000e+03
1.083400000000000000e+04
6.406000000000000000e+03
8.262000000000000000e+03
5.588000000000000000e+03
4.796000000000000000e+03
6.596000000000000000e+03
1.092000000000000000e+03
1.057500000000000000e+04
2.163000000000000000e+03
2.168000000000000000e+03
6.767000000000000000e+03
1.890000000000000000e+03
3.007000000000000000e+03
5.426000000000000000e+03
7.193000000000000000e+03
8.962000000000000000e+03
2.694000000000000000e+03
7.371000000000000000e+03
9.710000000000000000e+03
6.642000000000000000e+03
7.199000000000000000e+03
1.157900000000000000e+04
1.079000000000000000e+04
3.821000000000000000e+03
7.513000000000000000e+03
4.031000000000000000e+03
7.964000000000000000e+03
3.431000000000000000e+03
1.073700000000000000e+04
5.093000000000000000e+03
9.281000000000000000e+03
1.157200000000000000e+04
4.626000000000000000e+03
6.974000000000000000e+03
7.057000000000000000e+03
1.026100000000000000e+04
2.294000000000000000e+03
5.875000000000000000e+03
3.756000000000000000e+03
7.419000000000000000e+03
4.295000000000000000e+03
6.935000000000000000e+03
1.246200000000000000e+04
8.930000000000000000e+03
9.437000000000000000e+03
5.758000000000000000e+03
5.445000000000000000e+03
9.146000000000000000e+03
6.944000000000000000e+03
1.132900000000000000e+04
3.720000000000000000e+03
5.048000000000000000e+03
8.579000000000000000e+03
1.077800000000000000e+04
2.724000000000000000e+03
2.402000000000000000e+03
3.442000000000000000e+03
9.723000000000000000e+03
9.792000000000000000e+03
1.204000000000000000e+04
1.049800000000000000e+04
9.115000000000000000e+03
6.384000000000000000e+03
6.824000000000000000e+03
9.069000000000000000e+03
8.988000000000000000e+03
9.883000000000000000e+03
1.001600000000000000e+04
7.697000000000000000e+03
1.281200000000000000e+04
3.450000000000000000e+03
7.635000000000000000e+03
1.130000000000000000e+04
1.398500000000000000e+04
1.188000000000000000e+03
1.091000000000000000e+03
4.768000000000000000e+03
3.888000000000000000e+03
8.070000000000000000e+03
1.639200000000000000e+04
5.848000000000000000e+03
5.084000000000000000e+03
5.780000000000000000e+03
4.631000000000000000e+03
8.655000000000000000e+03
6.976000000000000000e+03
3.139000000000000000e+03
1.045300000000000000e+04
1.099100000000000000e+04
1.125700000000000000e+04
8.841000000000000000e+03
3.612000000000000000e+03
7.637000000000000000e+03
5.780000000000000000e+02
8.527000000000000000e+03
7.003000000000000000e+03
9.403000000000000000e+03
1.419500000000000000e+04
4.865000000000000000e+03
6.720000000000000000e+02
1.127000000000000000e+03
5.839000000000000000e+03
2.915000000000000000e+03
1.406600000000000000e+04
1.360900000000000000e+04
6.840000000000000000e+02
5.390000000000000000e+03
9.393000000000000000e+03
1.115400000000000000e+04
9.967000000000000000e+03
1.440400000000000000e+04
1.295000000000000000e+04
1.365300000000000000e+04
3.008000000000000000e+03
9.949000000000000000e+03
9.664000000000000000e+03
5.520000000000000000e+03
5.114000000000000000e+03
1.301500000000000000e+04
1.317600000000000000e+04
3.793000000000000000e+03
3.377000000000000000e+03
5.779000000000000000e+03
1.324000000000000000e+04
1.311400000000000000e+04
8.224000000000000000e+03
2.717000000000000000e+03
7.167000000000000000e+03
1.045400000000000000e+04
1.082600000000000000e+04
2.659000000000000000e+03
8.338000000000000000e+03
1.014800000000000000e+04
1.375100000000000000e+04
2.931000000000000000e+03
7.636000000000000000e+03
7.405000000000000000e+03
8.329000000000000000e+03
1.564000000000000000e+04
2.848000000000000000e+03
3.437000000000000000e+03
2.058000000000000000e+03
1.372000000000000000e+04
1.561300000000000000e+04
7.612000000000000000e+03
8.476000000000000000e+03
4.536000000000000000e+03
1.141700000000000000e+04
6.488000000000000000e+03
1.845000000000000000e+03
1.086500000000000000e+04
9.517000000000000000e+03
1.318600000000000000e+04
4.512000000000000000e+03
1.228900000000000000e+04
2.365000000000000000e+03
1.081400000000000000e+04
1.051000000000000000e+04
4.376000000000000000e+03
1.352800000000000000e+04
3.667000000000000000e+03
1.009000000000000000e+04
1.202700000000000000e+04
1.510600000000000000e+04
1.445100000000000000e+04
1.562000000000000000e+03
7.645000000000000000e+03
8.283000000000000000e+03
9.737000000000000000e+03
5.055000000000000000e+03
1.192300000000000000e+04
1.097500000000000000e+04
1.609700000000000000e+04
6.516000000000000000e+03
6.475000000000000000e+03
1.599100000000000000e+04
1.467700000000000000e+04
7.306000000000000000e+03
5.787000000000000000e+03
1.100200000000000000e+04
1.509200000000000000e+04
1.688800000000000000e+04
2.438000000000000000e+03
4.256000000000000000e+03
1.123200000000000000e+04
1.198500000000000000e+04
1.266900000000000000e+04
1.143300000000000000e+04
1.463600000000000000e+04
6.287000000000000000e+03
1.766000000000000000e+03
1.144900000000000000e+04
1.091900000000000000e+04
1.388000000000000000e+04
1.477700000000000000e+04
1.410800000000000000e+04
8.640000000000000000e+03
1.254600000000000000e+04
1.646100000000000000e+04
1.208900000000000000e+04
1.322700000000000000e+04
1.343900000000000000e+04
1.040500000000000000e+04
5.187000000000000000e+03
9.391000000000000000e+03
1.240000000000000000e+04
1.543400000000000000e+04
1.969000000000000000e+03
1.998000000000000000e+03
5.402000000000000000e+03
4.612000000000000000e+03
9.328000000000000000e+03
1.492000000000000000e+04
1.088600000000000000e+04
1.043000000000000000e+03
7.901000000000000000e+03
4.106000000000000000e+03
3.846000000000000000e+03
4.540000000000000000e+03
5.459000000000000000e+03
1.112600000000000000e+04
5.210000000000000000e+03
1.168500000000000000e+04
1.293400000000000000e+04
1.320700000000000000e+04
4.316000000000000000e+03
9.144000000000000000e+03
1.363800000000000000e+04
1.040600000000000000e+04
1.234300000000000000e+04
1.403100000000000000e+04
9.568000000000000000e+03
1.406700000000000000e+04
1.630000000000000000e+04
1.077000000000000000e+04
1.650000000000000000e+02
9.594000000000000000e+03
9.551000000000000000e+03
9.434000000000000000e+03
8.433000000000000000e+03
1.143400000000000000e+04
4.022000000000000000e+03
8.108000000000000000e+03
1.606500000000000000e+04
1.206500000000000000e+04
3.223000000000000000e+03
4.215000000000000000e+03
3.436000000000000000e+03
6.240000000000000000e+03
6.562000000000000000e+03
1.782300000000000000e+04
1.290100000000000000e+04
1.671200000000000000e+04
1.371900000000000000e+04
9.693000000000000000e+03
1.704500000000000000e+04
1.663100000000000000e+04
1.275200000000000000e+04
1.391600000000000000e+04
5.936000000000000000e+03
1.326200000000000000e+04
4.195000000000000000e+03
7.431000000000000000e+03
1.354000000000000000e+03
4.632000000000000000e+03
2.172000000000000000e+03
3.209000000000000000e+03
2.581000000000000000e+03
6.639000000000000000e+03
1.293300000000000000e+04
1.094000000000000000e+04
7.087000000000000000e+03
9.327000000000000000e+03
1.157100000000000000e+04
1.147400000000000000e+04
1.769200000000000000e+04
5.277000000000000000e+03
1.064800000000000000e+04
1.107300000000000000e+04
4.619000000000000000e+03
5.526000000000000000e+03
1.739900000000000000e+04
1.761700000000000000e+04
1.172900000000000000e+04
1.163000000000000000e+03
1.413300000000000000e+04
8.235000000000000000e+03
9.363000000000000000e+03
1.172000000000000000e+04
1.186000000000000000e+04
1.315800000000000000e+04
7.329000000000000000e+03
1.765100000000000000e+04
1.752100000000000000e+04
1.270100000000000000e+04
1.490600000000000000e+04
1.001000000000000000e+03
1.573300000000000000e+04
1.086400000000000000e+04
1.024400000000000000e+04
1.195800000000000000e+04
1.395200000000000000e+04
5.587000000000000000e+03
1.351500000000000000e+04
6.076000000000000000e+03
1.750600000000000000e+04
9.223000000000000000e+03
1.187100000000000000e+04
1.561400000000000000e+04
1.461600000000000000e+04
9.468000000000000000e+03
1.133900000000000000e+04
1.393400000000000000e+04
1.661700000000000000e+04
1.295100000000000000e+04
1.543000000000000000e+03
1.763700000000000000e+04
1.162500000000000000e+04
4.705000000000000000e+03
9.524000000000000000e+03
8.029000000000000000e+03
6.766000000000000000e+03
1.014700000000000000e+04
1.365200000000000000e+04
1.550000000000000000e+04
1.619100000000000000e+04
8.470000000000000000e+02
1.188500000000000000e+04
9.127000000000000000e+03
1.110200000000000000e+04
1.298700000000000000e+04
1.485500000000000000e+04
1.727800000000000000e+04
1.419600000000000000e+04
9.257000000000000000e+03
6.248000000000000000e+03
3.307000000000000000e+03
3.809000000000000000e+03
1.036200000000000000e+04
1.732500000000000000e+04
1.296600000000000000e+04
1.772100000000000000e+04
1.403200000000000000e+04
7.336000000000000000e+03
1.317300000000000000e+04
1.287800000000000000e+04
7.154000000000000000e+03
5.248000000000000000e+03
1.081500000000000000e+04
5.500000000000000000e+03
1.233000000000000000e+04
1.222000000000000000e+03
1.633300000000000000e+04
1.770900000000000000e+04
1.439400000000000000e+04
1.334500000000000000e+04
1.761500000000000000e+04
1.562600000000000000e+04
1.493300000000000000e+04
1.734800000000000000e+04
4.521000000000000000e+03
7.432000000000000000e+03
6.349000000000000000e+03
1.790200000000000000e+04
1.411600000000000000e+04
1.413200000000000000e+04
1.573200000000000000e+04
1.846100000000000000e+04
4.431000000000000000e+03
1.246300000000000000e+04
9.392000000000000000e+03
1.231700000000000000e+04
4.409000000000000000e+03
6.600000000000000000e+03
1.256400000000000000e+04
8.339000000000000000e+03
1.180700000000000000e+04
1.096800000000000000e+04
1.320800000000000000e+04
6.106000000000000000e+03
6.628000000000000000e+03
1.075000000000000000e+03
5.615000000000000000e+03
8.672000000000000000e+03
7.640000000000000000e+02
1.557500000000000000e+04
1.613900000000000000e+04
1.756800000000000000e+04
1.713800000000000000e+04
1.421700000000000000e+04
1.211400000000000000e+04
5.937000000000000000e+03
1.305700000000000000e+04
5.034000000000000000e+03
7.679000000000000000e+03
9.494000000000000000e+03
5.189000000000000000e+03
8.545000000000000000e+03
1.734700000000000000e+04
1.342000000000000000e+03
1.122600000000000000e+04
6.953000000000000000e+03
3.073000000000000000e+03
3.776000000000000000e+03
1.150500000000000000e+04
1.822700000000000000e+04
1.715800000000000000e+04
6.990000000000000000e+03
9.975000000000000000e+03
1.226400000000000000e+04
1.368700000000000000e+04
1.605100000000000000e+04
8.532000000000000000e+03
1.173000000000000000e+04
1.458000000000000000e+04
4.816000000000000000e+03
1.849700000000000000e+04
1.692200000000000000e+04
