1.810000000000000000e+02
3.440000000000000000e+02
2.438000000000000000e+03
5.780000000000000000e+02
1.191000000000000000e+03
1.043000000000000000e+03
1.354000000000000000e+03
6.350000000000000000e+02
7.970000000000000000e+02
1.386000000000000000e+03
2.172000000000000000e+03
2.848000000000000000e+03
7.570000000000000000e+02
2.799000000000000000e+03
3.137000000000000000e+03
3.327000000000000000e+03
1.727000000000000000e+03
3.888000000000000000e+03
5.512000000000000000e+03
4.316000000000000000e+03
1.258000000000000000e+03
1.342000000000000000e+03
4.040000000000000000e+02
1.370000000000000000e+03
2.163000000000000000e+03
1.152000000000000000e+03
3.008000000000000000e+03
2.046000000000000000e+03
5.937000000000000000e+03
2.365000000000000000e+03
2.851000000000000000e+03
3.667000000000000000e+03
4.310000000000000000e+02
6.840000000000000000e+02
1.956000000000000000e+03
4.256000000000000000e+03
4.409000000000000000e+03
7.154000000000000000e+03
1.164000000000000000e+03
1.163000000000000000e+03
2.253000000000000000e+03
5.041000000000000000e+03
1.329000000000000000e+03
2.778000000000000000e+03
5.250000000000000000e+02
3.001000000000000000e+03
3.821000000000000000e+03
3.497000000000000000e+03
2.931000000000000000e+03
2.074000000000000000e+03
6.106000000000000000e+03
2.058000000000000000e+03
1.683000000000000000e+03
5.936000000000000000e+03
1.462000000000000000e+03
4.521000000000000000e+03
1.127000000000000000e+03
4.431000000000000000e+03
8.600000000000000000e+02
5.779000000000000000e+03
8.560000000000000000e+03
4.816000000000000000e+03
2.659000000000000000e+03
3.570000000000000000e+03
1.562000000000000000e+03
6.600000000000000000e+03
4.295000000000000000e+03
2.403000000000000000e+03
4.376000000000000000e+03
1.985000000000000000e+03
6.475000000000000000e+03
5.210000000000000000e+03
3.720000000000000000e+03
1.027000000000000000e+03
5.500000000000000000e+03
2.237000000000000000e+03
2.402000000000000000e+03
4.626000000000000000e+03
1.005000000000000000e+03
2.694000000000000000e+03
4.619000000000000000e+03
1.808000000000000000e+03
5.390000000000000000e+03
1.474000000000000000e+03
4.586000000000000000e+03
5.034000000000000000e+03
4.370000000000000000e+02
3.810000000000000000e+03
1.763000000000000000e+03
3.229000000000000000e+03
6.992000000000000000e+03
6.570000000000000000e+03
5.248000000000000000e+03
6.529000000000000000e+03
9.644000000000000000e+03
2.574000000000000000e+03
1.168000000000000000e+03
1.795000000000000000e+03
4.451000000000000000e+03
4.739000000000000000e+03
7.612000000000000000e+03
3.612000000000000000e+03
5.736000000000000000e+03
8.718000000000000000e+03
5.839000000000000000e+03
8.118000000000000000e+03
4.267000000000000000e+03
1.845000000000000000e+03
7.645000000000000000e+03
1.490000000000000000e+02
4.604000000000000000e+03
4.232000000000000000e+03
9.760000000000000000e+02
4.705000000000000000e+03
8.635000000000000000e+03
6.628000000000000000e+03
4.476000000000000000e+03
3.756000000000000000e+03
8.673000000000000000e+03
4.632000000000000000e+03
2.631000000000000000e+03
5.432000000000000000e+03
2.223000000000000000e+03
8.492000000000000000e+03
1.083500000000000000e+04
1.328000000000000000e+03
3.377000000000000000e+03
3.169000000000000000e+03
4.859000000000000000e+03
4.540000000000000000e+03
6.990000000000000000e+03
6.145000000000000000e+03
6.076000000000000000e+03
4.453000000000000000e+03
2.302000000000000000e+03
1.122600000000000000e+04
6.953000000000000000e+03
5.979000000000000000e+03
8.320000000000000000e+02
3.437000000000000000e+03
1.914000000000000000e+03
6.248000000000000000e+03
4.340000000000000000e+02
7.901000000000000000e+03
1.610000000000000000e+03
6.720000000000000000e+02
3.617000000000000000e+03
9.594000000000000000e+03
6.287000000000000000e+03
7.318000000000000000e+03
7.678000000000000000e+03
1.134000000000000000e+03
2.874000000000000000e+03
1.090700000000000000e+04
1.030200000000000000e+04
3.626000000000000000e+03
8.532000000000000000e+03
5.426000000000000000e+03
4.321000000000000000e+03
2.131000000000000000e+03
8.108000000000000000e+03
4.768000000000000000e+03
9.392000000000000000e+03
9.032000000000000000e+03
7.546000000000000000e+03
8.235000000000000000e+03
4.613000000000000000e+03
6.820000000000000000e+03
1.107300000000000000e+04
4.098000000000000000e+03
9.568000000000000000e+03
8.305000000000000000e+03
3.929000000000000000e+03
7.329000000000000000e+03
5.150000000000000000e+02
2.535000000000000000e+03
9.784000000000000000e+03
8.433000000000000000e+03
2.162000000000000000e+03
5.670000000000000000e+03
6.976000000000000000e+03
4.120000000000000000e+02
6.944000000000000000e+03
9.390000000000000000e+02
2.397000000000000000e+03
4.244000000000000000e+03
2.321000000000000000e+03
1.175900000000000000e+04
6.493000000000000000e+03
8.730000000000000000e+02
7.698000000000000000e+03
7.637000000000000000e+03
7.786000000000000000e+03
3.924000000000000000e+03
1.064800000000000000e+04
1.050100000000000000e+04
1.081500000000000000e+04
1.708000000000000000e+03
8.070000000000000000e+03
6.596000000000000000e+03
9.740000000000000000e+02
9.468000000000000000e+03
8.476000000000000000e+03
9.410000000000000000e+03
1.305700000000000000e+04
9.127000000000000000e+03
1.246300000000000000e+04
3.442000000000000000e+03
8.640000000000000000e+03
1.112600000000000000e+04
1.465000000000000000e+04
1.054000000000000000e+04
1.094000000000000000e+04
1.330000000000000000e+04
8.220000000000000000e+02
2.250000000000000000e+03
1.110300000000000000e+04
6.488000000000000000e+03
6.819000000000000000e+03
1.193700000000000000e+04
6.642000000000000000e+03
9.257000000000000000e+03
9.145000000000000000e+03
9.804000000000000000e+03
1.173000000000000000e+04
8.144000000000000000e+03
3.307000000000000000e+03
1.110400000000000000e+04
3.223000000000000000e+03
8.283000000000000000e+03
5.459000000000000000e+03
1.162500000000000000e+04
9.094000000000000000e+03
9.551000000000000000e+03
2.667000000000000000e+03
5.114000000000000000e+03
1.051100000000000000e+04
1.281300000000000000e+04
6.202000000000000000e+03
7.432000000000000000e+03
9.880000000000000000e+02
1.012800000000000000e+04
3.460000000000000000e+03
1.603700000000000000e+04
1.154500000000000000e+04
1.427400000000000000e+04
1.207700000000000000e+04
7.419000000000000000e+03
1.910000000000000000e+02
1.188500000000000000e+04
1.025300000000000000e+04
3.706000000000000000e+03
2.516000000000000000e+03
8.329000000000000000e+03
1.226400000000000000e+04
1.057600000000000000e+04
6.490000000000000000e+02
4.031000000000000000e+03
8.262000000000000000e+03
1.395200000000000000e+04
1.150600000000000000e+04
8.655000000000000000e+03
1.195800000000000000e+04
1.241800000000000000e+04
8.380000000000000000e+03
2.240000000000000000e+03
4.514000000000000000e+03
1.086400000000000000e+04
1.211400000000000000e+04
9.524000000000000000e+03
3.139000000000000000e+03
9.393000000000000000e+03
1.118200000000000000e+04
1.543000000000000000e+03
8.795000000000000000e+03
2.275000000000000000e+03
2.068000000000000000e+03
1.231700000000000000e+04
1.535000000000000000e+04
2.724000000000000000e+03
9.069000000000000000e+03
4.667000000000000000e+03
7.371000000000000000e+03
1.368700000000000000e+04
2.575000000000000000e+03
1.104500000000000000e+04
1.312700000000000000e+04
1.107400000000000000e+04
6.169000000000000000e+03
8.988000000000000000e+03
1.440500000000000000e+04
1.015600000000000000e+04
5.737000000000000000e+03
4.939000000000000000e+03
5.386000000000000000e+03
1.088600000000000000e+04
9.792000000000000000e+03
5.137000000000000000e+03
1.029600000000000000e+04
1.524200000000000000e+04
9.403000000000000000e+03
7.513000000000000000e+03
6.543000000000000000e+03
1.222000000000000000e+03
6.036000000000000000e+03
9.434000000000000000e+03
1.209000000000000000e+04
1.277000000000000000e+03
1.310400000000000000e+04
3.431000000000000000e+03
1.045400000000000000e+04
3.489000000000000000e+03
1.275200000000000000e+04
9.223000000000000000e+03
1.534500000000000000e+04
1.086500000000000000e+04
2.769000000000000000e+03
5.912000000000000000e+03
8.962000000000000000e+03
5.913000000000000000e+03
1.137800000000000000e+04
1.233000000000000000e+04
1.235800000000000000e+04
1.461700000000000000e+04
1.222600000000000000e+04
5.077000000000000000e+03
1.403200000000000000e+04
8.619000000000000000e+03
3.362000000000000000e+03
1.467800000000000000e+04
1.729400000000000000e+04
7.964000000000000000e+03
8.527000000000000000e+03
8.741000000000000000e+03
5.016000000000000000e+03
1.024400000000000000e+04
2.737000000000000000e+03
5.550000000000000000e+02
1.115400000000000000e+04
1.421700000000000000e+04
1.439400000000000000e+04
1.634400000000000000e+04
1.334500000000000000e+04
1.256400000000000000e+04
1.168500000000000000e+04
1.605100000000000000e+04
1.295100000000000000e+04
1.551100000000000000e+04
3.040000000000000000e+02
7.205000000000000000e+03
1.529800000000000000e+04
5.790000000000000000e+02
1.243200000000000000e+04
5.811000000000000000e+03
1.097600000000000000e+04
1.026100000000000000e+04
4.677000000000000000e+03
9.710000000000000000e+03
1.045800000000000000e+04
2.993000000000000000e+03
4.323000000000000000e+03
2.168000000000000000e+03
1.644300000000000000e+04
1.657900000000000000e+04
1.381400000000000000e+04
1.256300000000000000e+04
2.100000000000000000e+01
7.405000000000000000e+03
1.202700000000000000e+04
3.252000000000000000e+03
1.077000000000000000e+04
1.535100000000000000e+04
1.371900000000000000e+04
9.070000000000000000e+03
1.383600000000000000e+04
1.091000000000000000e+03
8.117000000000000000e+03
3.777000000000000000e+03
5.029000000000000000e+03
1.290100000000000000e+04
4.951000000000000000e+03
4.512000000000000000e+03
7.636000000000000000e+03
4.395000000000000000e+03
2.340000000000000000e+03
1.416900000000000000e+04
1.102000000000000000e+03
1.458000000000000000e+04
3.446000000000000000e+03
1.509300000000000000e+04
4.631000000000000000e+03
8.470000000000000000e+02
4.142000000000000000e+03
7.406000000000000000e+03
1.293400000000000000e+04
1.767000000000000000e+03
5.974000000000000000e+03
4.820000000000000000e+03
4.775000000000000000e+03
9.949000000000000000e+03
1.603800000000000000e+04
1.293500000000000000e+04
1.665100000000000000e+04
8.338000000000000000e+03
8.229000000000000000e+03
6.681000000000000000e+03
1.606600000000000000e+04
1.326200000000000000e+04
1.738700000000000000e+04
1.618000000000000000e+03
7.591000000000000000e+03
1.720300000000000000e+04
5.555000000000000000e+03
2.349000000000000000e+03
6.374000000000000000e+03
1.727900000000000000e+04
3.158000000000000000e+03
3.209000000000000000e+03
6.476000000000000000e+03
5.588000000000000000e+03
1.525600000000000000e+04
1.640800000000000000e+04
1.413300000000000000e+04
1.661800000000000000e+04
5.090000000000000000e+02
5.556000000000000000e+03
1.048000000000000000e+04
1.427500000000000000e+04
1.270100000000000000e+04
6.087000000000000000e+03
9.975000000000000000e+03
4.796000000000000000e+03
4.959000000000000000e+03
1.343900000000000000e+04
1.640900000000000000e+04
1.467900000000000000e+04
2.434000000000000000e+03
1.969000000000000000e+03
9.664000000000000000e+03
4.206000000000000000e+03
1.490600000000000000e+04
9.723000000000000000e+03
1.097500000000000000e+04
1.715800000000000000e+04
1.296600000000000000e+04
1.183500000000000000e+04
1.554000000000000000e+03
9.800000000000000000e+01
1.488600000000000000e+04
1.800000000000000000e+04
3.580000000000000000e+02
1.206500000000000000e+04
1.206600000000000000e+04
2.170000000000000000e+03
1.713800000000000000e+04
1.427300000000000000e+04
1.692200000000000000e+04
1.219800000000000000e+04
9.737000000000000000e+03
4.793000000000000000e+03
3.530000000000000000e+03
1.644700000000000000e+04
4.022000000000000000e+03
2.748000000000000000e+03
1.099100000000000000e+04
1.810800000000000000e+04
6.201000000000000000e+03
1.487000000000000000e+04
9.582000000000000000e+03
9.319000000000000000e+03
9.573000000000000000e+03
9.570000000000000000e+02
7.299000000000000000e+03
1.198500000000000000e+04
7.004000000000000000e+03
6.406000000000000000e+03
1.419600000000000000e+04
1.694500000000000000e+04
1.774800000000000000e+04
1.477700000000000000e+04
1.391600000000000000e+04
1.515600000000000000e+04
1.431900000000000000e+04
9.711000000000000000e+03
1.366000000000000000e+03
1.558800000000000000e+04
8.841000000000000000e+03
9.391000000000000000e+03
1.756800000000000000e+04
1.332600000000000000e+04
4.886000000000000000e+03
1.776700000000000000e+04
1.312600000000000000e+04
1.513600000000000000e+04
7.431000000000000000e+03
3.314000000000000000e+03
3.830000000000000000e+03
1.388000000000000000e+04
1.266900000000000000e+04
6.170000000000000000e+02
2.709000000000000000e+03
6.288000000000000000e+03
1.630100000000000000e+04
1.317600000000000000e+04
1.796000000000000000e+03
1.139800000000000000e+04
1.747600000000000000e+04
6.107000000000000000e+03
1.091900000000000000e+04
1.704600000000000000e+04
1.492100000000000000e+04
1.272200000000000000e+04
3.049000000000000000e+03
9.450000000000000000e+03
1.460200000000000000e+04
1.493000000000000000e+03
5.339000000000000000e+03
1.753600000000000000e+04
7.806000000000000000e+03
1.082600000000000000e+04
3.672000000000000000e+03
3.373000000000000000e+03
6.459000000000000000e+03
4.203000000000000000e+03
1.010000000000000000e+04
1.047200000000000000e+04
7.679000000000000000e+03
1.141700000000000000e+04
7.387000000000000000e+03
1.172900000000000000e+04
1.573300000000000000e+04
1.661700000000000000e+04
7.088000000000000000e+03
1.802900000000000000e+04
1.736900000000000000e+04
1.366200000000000000e+04
1.774700000000000000e+04
1.141800000000000000e+04
9.101000000000000000e+03
1.199900000000000000e+04
8.906000000000000000e+03
4.920000000000000000e+02
9.034000000000000000e+03
7.306000000000000000e+03
4.106000000000000000e+03
6.841000000000000000e+03
1.295000000000000000e+04
1.461600000000000000e+04
9.976000000000000000e+03
1.256100000000000000e+04
1.036300000000000000e+04
2.078000000000000000e+03
1.476400000000000000e+04
1.637800000000000000e+04
7.413000000000000000e+03
1.080200000000000000e+04
2.705000000000000000e+03
1.230700000000000000e+04
1.080300000000000000e+04
9.449000000000000000e+03
1.841700000000000000e+04
1.845600000000000000e+04
