1.400000000000000000e+01
8.000000000000000000e+01
4.500000000000000000e+02
3.400000000000000000e+01
3.320000000000000000e+02
1.500000000000000000e+01
3.500000000000000000e+01
9.100000000000000000e+02
6.860000000000000000e+02
1.370000000000000000e+02
9.120000000000000000e+02
3.820000000000000000e+02
9.440000000000000000e+02
1.850000000000000000e+02
1.610000000000000000e+02
6.230000000000000000e+02
1.249000000000000000e+03
1.930000000000000000e+02
1.215000000000000000e+03
9.380000000000000000e+02
2.898000000000000000e+03
3.100000000000000000e+01
5.060000000000000000e+02
1.363000000000000000e+03
1.026000000000000000e+03
1.387000000000000000e+03
5.980000000000000000e+02
1.200000000000000000e+02
1.925000000000000000e+03
9.370000000000000000e+02
7.240000000000000000e+02
1.028000000000000000e+03
1.544000000000000000e+03
1.362000000000000000e+03
6.870000000000000000e+02
9.000000000000000000e+00
1.020000000000000000e+03
5.400000000000000000e+02
7.730000000000000000e+02
3.410000000000000000e+02
1.439000000000000000e+03
1.892000000000000000e+03
7.710000000000000000e+02
1.056000000000000000e+03
1.422000000000000000e+03
7.090000000000000000e+02
2.061000000000000000e+03
9.070000000000000000e+02
1.035000000000000000e+03
5.118000000000000000e+03
1.333000000000000000e+03
1.980000000000000000e+03
3.572000000000000000e+03
1.408000000000000000e+03
1.907000000000000000e+03
1.694000000000000000e+03
2.455000000000000000e+03
1.558000000000000000e+03
1.400000000000000000e+02
3.185000000000000000e+03
8.650000000000000000e+02
2.584000000000000000e+03
3.084000000000000000e+03
1.552000000000000000e+03
4.687000000000000000e+03
2.570000000000000000e+03
1.340000000000000000e+03
2.174000000000000000e+03
2.060000000000000000e+03
4.830000000000000000e+02
5.680000000000000000e+02
4.480000000000000000e+03
1.645000000000000000e+03
1.448000000000000000e+03
1.421000000000000000e+03
9.240000000000000000e+02
1.550000000000000000e+03
2.821000000000000000e+03
3.083000000000000000e+03
7.100000000000000000e+01
4.190000000000000000e+02
1.716000000000000000e+03
2.015000000000000000e+03
1.570000000000000000e+02
2.463000000000000000e+03
5.594000000000000000e+03
2.370000000000000000e+02
2.210000000000000000e+03
3.172000000000000000e+03
2.669000000000000000e+03
2.469000000000000000e+03
1.247000000000000000e+03
5.632000000000000000e+03
5.688000000000000000e+03
3.029000000000000000e+03
8.110000000000000000e+02
5.419000000000000000e+03
2.894000000000000000e+03
4.900000000000000000e+01
6.240000000000000000e+02
1.116000000000000000e+03
3.282000000000000000e+03
8.270000000000000000e+02
8.280000000000000000e+02
7.210000000000000000e+02
8.160000000000000000e+02
5.261000000000000000e+03
1.212000000000000000e+03
1.040000000000000000e+03
4.354000000000000000e+03
3.751000000000000000e+03
1.492000000000000000e+03
2.936000000000000000e+03
5.307000000000000000e+03
1.156000000000000000e+03
1.341000000000000000e+03
1.648000000000000000e+03
3.981000000000000000e+03
1.447000000000000000e+03
3.325000000000000000e+03
4.269000000000000000e+03
1.783000000000000000e+03
5.710000000000000000e+02
3.324000000000000000e+03
5.484000000000000000e+03
1.052000000000000000e+03
3.995000000000000000e+03
5.180000000000000000e+03
5.889000000000000000e+03
5.634000000000000000e+03
4.760000000000000000e+03
3.174000000000000000e+03
5.599000000000000000e+03
7.118000000000000000e+03
7.360000000000000000e+02
2.820000000000000000e+03
6.580000000000000000e+02
1.623000000000000000e+03
3.482000000000000000e+03
5.168000000000000000e+03
3.010000000000000000e+02
2.899000000000000000e+03
7.859000000000000000e+03
2.703000000000000000e+03
2.587000000000000000e+03
1.768000000000000000e+03
8.341000000000000000e+03
3.999000000000000000e+03
1.419000000000000000e+03
2.599000000000000000e+03
7.133000000000000000e+03
3.750000000000000000e+03
3.826000000000000000e+03
2.422000000000000000e+03
3.447000000000000000e+03
7.440000000000000000e+03
4.459000000000000000e+03
4.798000000000000000e+03
1.300000000000000000e+03
8.642000000000000000e+03
6.336000000000000000e+03
8.480000000000000000e+03
2.790000000000000000e+03
4.194000000000000000e+03
8.807000000000000000e+03
2.449000000000000000e+03
5.877000000000000000e+03
6.881000000000000000e+03
2.924000000000000000e+03
2.988000000000000000e+03
8.713000000000000000e+03
1.285000000000000000e+03
3.859000000000000000e+03
1.106600000000000000e+04
5.674000000000000000e+03
1.127100000000000000e+04
4.420000000000000000e+03
2.660000000000000000e+02
1.979000000000000000e+03
1.700000000000000000e+03
7.037000000000000000e+03
6.960000000000000000e+02
6.069000000000000000e+03
8.628000000000000000e+03
5.685000000000000000e+03
2.945000000000000000e+03
7.150000000000000000e+03
5.032000000000000000e+03
5.595000000000000000e+03
1.143500000000000000e+04
6.506000000000000000e+03
5.976000000000000000e+03
9.910000000000000000e+02
8.391000000000000000e+03
6.801000000000000000e+03
2.290000000000000000e+02
3.951000000000000000e+03
4.174000000000000000e+03
6.816000000000000000e+03
1.145000000000000000e+03
1.944000000000000000e+03
7.396000000000000000e+03
2.942000000000000000e+03
4.565000000000000000e+03
7.652000000000000000e+03
9.452000000000000000e+03
4.384000000000000000e+03
9.597000000000000000e+03
1.868000000000000000e+03
9.148000000000000000e+03
2.653000000000000000e+03
5.112000000000000000e+03
1.045700000000000000e+04
2.998000000000000000e+03
6.726000000000000000e+03
8.095000000000000000e+03
5.584000000000000000e+03
3.280000000000000000e+03
2.337000000000000000e+03
7.904000000000000000e+03
5.503000000000000000e+03
5.067000000000000000e+03
2.736000000000000000e+03
6.293000000000000000e+03
5.085000000000000000e+03
1.055000000000000000e+03
9.627000000000000000e+03
1.100400000000000000e+04
9.306000000000000000e+03
8.542000000000000000e+03
5.837000000000000000e+03
1.058000000000000000e+03
1.136800000000000000e+04
1.204400000000000000e+04
5.600000000000000000e+02
4.781000000000000000e+03
2.185000000000000000e+03
4.685000000000000000e+03
1.076300000000000000e+04
6.143000000000000000e+03
2.448000000000000000e+03
5.450000000000000000e+03
1.350000000000000000e+02
1.123800000000000000e+04
2.276000000000000000e+03
6.932000000000000000e+03
9.201000000000000000e+03
8.760000000000000000e+02
3.043000000000000000e+03
1.580000000000000000e+03
4.227000000000000000e+03
7.979000000000000000e+03
9.646000000000000000e+03
3.570000000000000000e+02
6.850000000000000000e+02
4.570000000000000000e+03
5.125000000000000000e+03
1.154000000000000000e+03
2.050000000000000000e+03
3.404000000000000000e+03
6.936000000000000000e+03
9.147000000000000000e+03
1.055200000000000000e+04
1.064000000000000000e+03
2.663000000000000000e+03
4.173000000000000000e+03
1.030500000000000000e+04
1.165300000000000000e+04
1.248400000000000000e+04
9.874000000000000000e+03
1.013700000000000000e+04
1.221200000000000000e+04
7.077000000000000000e+03
1.060600000000000000e+04
5.381000000000000000e+03
9.729000000000000000e+03
8.816000000000000000e+03
5.984000000000000000e+03
1.473400000000000000e+04
4.263000000000000000e+03
4.627000000000000000e+03
1.208000000000000000e+04
6.330000000000000000e+02
1.279100000000000000e+04
1.357800000000000000e+04
8.079000000000000000e+03
5.149000000000000000e+03
9.396000000000000000e+03
1.205600000000000000e+04
1.367300000000000000e+04
2.502000000000000000e+03
9.978000000000000000e+03
1.389300000000000000e+04
1.098000000000000000e+04
9.072000000000000000e+03
5.282000000000000000e+03
9.996000000000000000e+03
6.693000000000000000e+03
7.832000000000000000e+03
5.655000000000000000e+03
2.487000000000000000e+03
1.291500000000000000e+04
8.656000000000000000e+03
1.559000000000000000e+03
9.366000000000000000e+03
1.591600000000000000e+04
5.437000000000000000e+03
4.847000000000000000e+03
1.442500000000000000e+04
1.321900000000000000e+04
5.330000000000000000e+02
1.342600000000000000e+04
1.470500000000000000e+04
8.280000000000000000e+03
7.734000000000000000e+03
1.022700000000000000e+04
9.202000000000000000e+03
1.192600000000000000e+04
9.704000000000000000e+03
1.266000000000000000e+04
3.269000000000000000e+03
3.643000000000000000e+03
4.845000000000000000e+03
2.830000000000000000e+03
1.021600000000000000e+04
3.025000000000000000e+03
5.967000000000000000e+03
3.835000000000000000e+03
4.360000000000000000e+03
1.370000000000000000e+04
5.633000000000000000e+03
1.108700000000000000e+04
1.397000000000000000e+04
6.151000000000000000e+03
1.460600000000000000e+04
1.643200000000000000e+04
6.761000000000000000e+03
1.438000000000000000e+03
1.000800000000000000e+04
1.821000000000000000e+03
6.173000000000000000e+03
6.586000000000000000e+03
1.576300000000000000e+04
1.355700000000000000e+04
1.162900000000000000e+04
1.055100000000000000e+04
5.385000000000000000e+03
1.080500000000000000e+04
9.232000000000000000e+03
1.040700000000000000e+04
1.159600000000000000e+04
1.447500000000000000e+04
1.295300000000000000e+04
1.396900000000000000e+04
1.113200000000000000e+04
9.169000000000000000e+03
1.609000000000000000e+03
8.893000000000000000e+03
9.262000000000000000e+03
5.280000000000000000e+02
5.301000000000000000e+03
8.264000000000000000e+03
1.308100000000000000e+04
2.024000000000000000e+03
5.367000000000000000e+03
2.613000000000000000e+03
1.403700000000000000e+04
1.413500000000000000e+04
5.730000000000000000e+03
1.108600000000000000e+04
8.002000000000000000e+03
7.893000000000000000e+03
8.080000000000000000e+02
5.546000000000000000e+03
1.284400000000000000e+04
1.530400000000000000e+04
9.902000000000000000e+03
4.699000000000000000e+03
1.346800000000000000e+04
1.464000000000000000e+03
1.074000000000000000e+03
8.940000000000000000e+02
1.250000000000000000e+02
8.553000000000000000e+03
1.663800000000000000e+04
1.470400000000000000e+04
4.470000000000000000e+02
1.063100000000000000e+04
1.484200000000000000e+04
5.611000000000000000e+03
5.995000000000000000e+03
1.633800000000000000e+04
8.066000000000000000e+03
5.707000000000000000e+03
4.647000000000000000e+03
1.570000000000000000e+04
1.308000000000000000e+04
3.164000000000000000e+03
1.530000000000000000e+02
1.070000000000000000e+02
1.571500000000000000e+04
1.680000000000000000e+03
8.554000000000000000e+03
1.598200000000000000e+04
3.012000000000000000e+03
1.662200000000000000e+04
4.741000000000000000e+03
9.495000000000000000e+03
1.002800000000000000e+04
1.623900000000000000e+04
1.271000000000000000e+03
8.797000000000000000e+03
1.735400000000000000e+04
1.499200000000000000e+04
2.483000000000000000e+03
1.584400000000000000e+04
2.962000000000000000e+03
6.870000000000000000e+03
2.514000000000000000e+03
1.752600000000000000e+04
5.903000000000000000e+03
1.442600000000000000e+04
9.474000000000000000e+03
1.237100000000000000e+04
1.040800000000000000e+04
1.176200000000000000e+04
5.148000000000000000e+03
7.126000000000000000e+03
1.471700000000000000e+04
9.665000000000000000e+03
1.351000000000000000e+03
4.930000000000000000e+03
3.939000000000000000e+03
3.990000000000000000e+03
1.591000000000000000e+04
1.102200000000000000e+04
8.147000000000000000e+03
9.020000000000000000e+03
4.383000000000000000e+03
2.371000000000000000e+03
7.163000000000000000e+03
1.786800000000000000e+04
1.461900000000000000e+04
1.204500000000000000e+04
1.480000000000000000e+03
3.428000000000000000e+03
1.627700000000000000e+04
1.696900000000000000e+04
1.676500000000000000e+04
1.420400000000000000e+04
1.345600000000000000e+04
7.851000000000000000e+03
1.760100000000000000e+04
6.052000000000000000e+03
4.589000000000000000e+03
6.352000000000000000e+03
4.883000000000000000e+03
8.150000000000000000e+02
9.190000000000000000e+02
1.728200000000000000e+04
1.567900000000000000e+04
8.907000000000000000e+03
1.002700000000000000e+04
3.455000000000000000e+03
1.359000000000000000e+03
6.273000000000000000e+03
7.789000000000000000e+03
1.279000000000000000e+04
1.240700000000000000e+04
1.482600000000000000e+04
1.453100000000000000e+04
2.918000000000000000e+03
1.152500000000000000e+04
8.457000000000000000e+03
5.900000000000000000e+03
1.132000000000000000e+03
1.392000000000000000e+03
1.611400000000000000e+04
1.020600000000000000e+04
6.320000000000000000e+03
3.099000000000000000e+03
1.194000000000000000e+04
3.210000000000000000e+03
8.020000000000000000e+03
4.088000000000000000e+03
5.014000000000000000e+03
1.504700000000000000e+04
1.114900000000000000e+04
1.332700000000000000e+04
8.570000000000000000e+02
9.300000000000000000e+03
1.726100000000000000e+04
1.364200000000000000e+04
1.192700000000000000e+04
1.440800000000000000e+04
1.514300000000000000e+04
1.545300000000000000e+04
9.533000000000000000e+03
2.866000000000000000e+03
4.678000000000000000e+03
1.455700000000000000e+04
1.044500000000000000e+04
4.364000000000000000e+03
5.624000000000000000e+03
0.000000000000000000e+00
5.290000000000000000e+02
1.611300000000000000e+04
1.020700000000000000e+04
1.639600000000000000e+04
8.594000000000000000e+03
1.740000000000000000e+02
9.225000000000000000e+03
4.442000000000000000e+03
1.237000000000000000e+04
1.229500000000000000e+04
1.275700000000000000e+04
1.805100000000000000e+04
9.019000000000000000e+03
1.549000000000000000e+04
1.138200000000000000e+04
1.148100000000000000e+04
2.885000000000000000e+03
1.585700000000000000e+04
8.894000000000000000e+03
4.519000000000000000e+03
1.717000000000000000e+03
3.042000000000000000e+03
6.920000000000000000e+02
8.732000000000000000e+03
1.323200000000000000e+04
9.131000000000000000e+03
1.842300000000000000e+04
2.822000000000000000e+03
1.617700000000000000e+04
9.697000000000000000e+03
8.072000000000000000e+03
1.692000000000000000e+04
1.048200000000000000e+04
1.038500000000000000e+04
1.777500000000000000e+04
4.530000000000000000e+03
8.102000000000000000e+03
1.991000000000000000e+03
1.760200000000000000e+04
1.299800000000000000e+04
8.733000000000000000e+03
7.338000000000000000e+03
1.800000000000000000e+02
1.195900000000000000e+04
7.846000000000000000e+03
4.200000000000000000e+03
3.021000000000000000e+03
9.666000000000000000e+03
