1.163000000000000000e+03
1.810000000000000000e+02
9.800000000000000000e+01
2.575000000000000000e+03
8.470000000000000000e+02
8.220000000000000000e+02
4.310000000000000000e+02
5.780000000000000000e+02
1.727000000000000000e+03
3.158000000000000000e+03
2.993000000000000000e+03
1.543000000000000000e+03
1.127000000000000000e+03
3.348000000000000000e+03
2.074000000000000000e+03
5.790000000000000000e+02
2.189000000000000000e+03
2.100000000000000000e+01
5.250000000000000000e+02
1.354000000000000000e+03
2.237000000000000000e+03
3.446000000000000000e+03
2.240000000000000000e+03
6.840000000000000000e+02
1.910000000000000000e+02
4.529000000000000000e+03
1.043000000000000000e+03
3.040000000000000000e+02
2.321000000000000000e+03
4.267000000000000000e+03
2.778000000000000000e+03
7.570000000000000000e+02
4.820000000000000000e+03
3.137000000000000000e+03
2.058000000000000000e+03
3.570000000000000000e+03
2.667000000000000000e+03
1.562000000000000000e+03
6.170000000000000000e+02
3.810000000000000000e+03
2.397000000000000000e+03
3.617000000000000000e+03
1.845000000000000000e+03
4.165000000000000000e+03
1.490000000000000000e+02
2.170000000000000000e+02
1.102000000000000000e+03
3.420000000000000000e+03
1.277000000000000000e+03
1.493000000000000000e+03
4.232000000000000000e+03
3.706000000000000000e+03
9.760000000000000000e+02
4.321000000000000000e+03
2.365000000000000000e+03
4.893000000000000000e+03
1.801000000000000000e+03
3.327000000000000000e+03
3.929000000000000000e+03
4.323000000000000000e+03
1.969000000000000000e+03
3.049000000000000000e+03
1.168000000000000000e+03
5.811000000000000000e+03
2.223000000000000000e+03
5.556000000000000000e+03
3.307000000000000000e+03
7.413000000000000000e+03
9.390000000000000000e+02
2.172000000000000000e+03
3.377000000000000000e+03
4.291000000000000000e+03
4.951000000000000000e+03
2.021000000000000000e+03
7.786000000000000000e+03
1.683000000000000000e+03
2.163000000000000000e+03
4.919000000000000000e+03
6.880000000000000000e+02
5.550000000000000000e+02
3.437000000000000000e+03
5.974000000000000000e+03
4.604000000000000000e+03
4.959000000000000000e+03
8.144000000000000000e+03
4.586000000000000000e+03
1.767000000000000000e+03
2.479000000000000000e+03
5.870000000000000000e+02
5.737000000000000000e+03
3.626000000000000000e+03
3.223000000000000000e+03
5.500000000000000000e+03
6.493000000000000000e+03
2.263000000000000000e+03
1.005000000000000000e+03
3.720000000000000000e+03
3.924000000000000000e+03
1.796000000000000000e+03
1.091000000000000000e+03
2.275000000000000000e+03
3.823000000000000000e+03
5.432000000000000000e+03
7.206000000000000000e+03
4.632000000000000000e+03
1.366000000000000000e+03
5.034000000000000000e+03
4.244000000000000000e+03
4.793000000000000000e+03
1.554000000000000000e+03
3.925000000000000000e+03
6.202000000000000000e+03
5.433000000000000000e+03
4.206000000000000000e+03
6.145000000000000000e+03
8.880000000000000000e+03
7.168000000000000000e+03
4.409000000000000000e+03
5.229000000000000000e+03
3.501000000000000000e+03
1.342000000000000000e+03
5.670000000000000000e+03
3.209000000000000000e+03
4.453000000000000000e+03
8.263000000000000000e+03
2.453000000000000000e+03
7.806000000000000000e+03
4.540000000000000000e+03
4.395000000000000000e+03
6.459000000000000000e+03
2.131000000000000000e+03
6.451000000000000000e+03
2.626000000000000000e+03
8.380000000000000000e+03
5.736000000000000000e+03
4.859000000000000000e+03
4.020000000000000000e+02
1.080400000000000000e+04
4.619000000000000000e+03
5.979000000000000000e+03
4.816000000000000000e+03
3.530000000000000000e+03
5.459000000000000000e+03
8.305000000000000000e+03
3.008000000000000000e+03
2.709000000000000000e+03
1.191000000000000000e+03
2.659000000000000000e+03
4.203000000000000000e+03
3.001000000000000000e+03
4.521000000000000000e+03
9.976000000000000000e+03
2.931000000000000000e+03
1.808000000000000000e+03
7.970000000000000000e+02
1.230700000000000000e+04
2.848000000000000000e+03
4.668000000000000000e+03
6.990000000000000000e+03
1.956000000000000000e+03
4.705000000000000000e+03
2.253000000000000000e+03
8.741000000000000000e+03
1.036300000000000000e+04
2.694000000000000000e+03
2.340000000000000000e+03
6.517000000000000000e+03
8.619000000000000000e+03
9.450000000000000000e+03
2.402000000000000000e+03
8.750000000000000000e+03
1.010000000000000000e+04
6.288000000000000000e+03
7.088000000000000000e+03
3.373000000000000000e+03
2.117000000000000000e+03
1.799000000000000000e+03
7.432000000000000000e+03
3.438000000000000000e+03
1.344000000000000000e+04
6.570000000000000000e+03
4.739000000000000000e+03
9.145000000000000000e+03
1.118300000000000000e+04
6.076000000000000000e+03
2.400000000000000000e+03
1.009100000000000000e+04
9.501000000000000000e+03
9.975000000000000000e+03
8.492000000000000000e+03
1.139800000000000000e+04
6.820000000000000000e+03
2.874000000000000000e+03
6.248000000000000000e+03
3.612000000000000000e+03
9.223000000000000000e+03
5.512000000000000000e+03
8.118000000000000000e+03
3.431000000000000000e+03
1.370000000000000000e+03
6.488000000000000000e+03
5.041000000000000000e+03
6.628000000000000000e+03
1.386000000000000000e+03
9.711000000000000000e+03
9.101000000000000000e+03
4.587000000000000000e+03
1.985000000000000000e+03
1.474000000000000000e+03
1.199900000000000000e+04
1.048000000000000000e+04
7.889000000000000000e+03
9.319000000000000000e+03
9.573000000000000000e+03
7.678000000000000000e+03
9.793000000000000000e+03
7.058000000000000000e+03
4.431000000000000000e+03
8.235000000000000000e+03
6.529000000000000000e+03
1.051100000000000000e+04
9.094000000000000000e+03
9.524000000000000000e+03
1.141800000000000000e+04
1.130100000000000000e+04
3.756000000000000000e+03
1.110400000000000000e+04
9.257000000000000000e+03
6.992000000000000000e+03
1.054000000000000000e+04
1.256300000000000000e+04
7.329000000000000000e+03
7.902000000000000000e+03
9.070000000000000000e+03
1.047200000000000000e+04
6.584000000000000000e+03
6.201000000000000000e+03
1.272200000000000000e+04
1.256200000000000000e+04
2.046000000000000000e+03
1.256100000000000000e+04
1.104500000000000000e+04
1.610000000000000000e+03
1.024400000000000000e+04
7.318000000000000000e+03
8.673000000000000000e+03
9.032000000000000000e+03
1.258000000000000000e+03
1.312600000000000000e+04
5.361000000000000000e+03
1.222000000000000000e+03
6.106000000000000000e+03
8.089000000000000000e+03
6.287000000000000000e+03
3.667000000000000000e+03
9.410000000000000000e+03
5.063000000000000000e+03
1.097600000000000000e+04
6.157000000000000000e+03
4.260000000000000000e+02
2.516000000000000000e+03
7.546000000000000000e+03
2.434000000000000000e+03
1.213300000000000000e+04
1.023100000000000000e+04
3.170000000000000000e+03
6.809000000000000000e+03
6.720000000000000000e+02
3.169000000000000000e+03
1.235800000000000000e+04
2.737000000000000000e+03
1.206600000000000000e+04
1.087500000000000000e+04
1.256400000000000000e+04
1.080300000000000000e+04
6.107000000000000000e+03
1.366200000000000000e+04
6.476000000000000000e+03
9.582000000000000000e+03
1.163500000000000000e+04
4.376000000000000000e+03
1.416900000000000000e+04
1.416000000000000000e+03
2.403000000000000000e+03
2.438000000000000000e+03
1.137800000000000000e+04
1.522800000000000000e+04
1.107400000000000000e+04
1.314700000000000000e+04
4.920000000000000000e+02
9.804000000000000000e+03
1.057600000000000000e+04
1.183500000000000000e+04
1.293500000000000000e+04
1.571100000000000000e+04
3.427000000000000000e+03
9.127000000000000000e+03
9.740000000000000000e+02
4.295000000000000000e+03
1.260400000000000000e+04
6.543000000000000000e+03
1.209000000000000000e+04
1.118200000000000000e+04
4.316000000000000000e+03
1.222600000000000000e+04
8.433000000000000000e+03
9.449000000000000000e+03
3.442000000000000000e+03
4.120000000000000000e+02
4.098000000000000000e+03
1.541700000000000000e+04
6.674000000000000000e+03
1.161600000000000000e+04
8.795000000000000000e+03
1.243200000000000000e+04
1.381400000000000000e+04
1.427300000000000000e+04
1.582400000000000000e+04
1.156300000000000000e+04
5.248000000000000000e+03
1.015600000000000000e+04
1.237500000000000000e+04
1.476400000000000000e+04
7.692000000000000000e+03
5.470000000000000000e+03
1.310400000000000000e+04
9.468000000000000000e+03
9.784000000000000000e+03
6.600000000000000000e+03
1.318700000000000000e+04
5.191000000000000000e+03
3.577000000000000000e+03
1.227000000000000000e+03
1.150600000000000000e+04
1.025300000000000000e+04
1.427500000000000000e+04
1.314900000000000000e+04
1.593000000000000000e+04
4.768000000000000000e+03
1.708000000000000000e+03
6.350000000000000000e+02
1.063800000000000000e+04
1.615600000000000000e+04
8.532000000000000000e+03
1.278600000000000000e+04
1.432000000000000000e+04
2.394000000000000000e+03
4.613000000000000000e+03
1.012800000000000000e+04
1.193700000000000000e+04
8.718000000000000000e+03
1.115500000000000000e+04
1.067700000000000000e+04
2.227000000000000000e+03
1.492100000000000000e+04
1.487000000000000000e+04
1.348000000000000000e+04
1.696300000000000000e+04
8.906000000000000000e+03
1.110300000000000000e+04
1.467900000000000000e+04
1.558800000000000000e+04
1.451000000000000000e+03
1.235900000000000000e+04
1.030000000000000000e+02
1.170900000000000000e+04
8.283000000000000000e+03
8.635000000000000000e+03
9.403000000000000000e+03
1.295100000000000000e+04
1.547200000000000000e+04
1.045800000000000000e+04
1.630100000000000000e+04
1.513600000000000000e+04
2.405000000000000000e+03
1.198500000000000000e+04
1.164000000000000000e+03
4.626000000000000000e+03
1.183600000000000000e+04
1.312700000000000000e+04
1.565900000000000000e+04
7.679000000000000000e+03
1.045400000000000000e+04
1.462000000000000000e+03
2.851000000000000000e+03
1.694600000000000000e+04
4.256000000000000000e+03
9.061000000000000000e+03
1.425100000000000000e+04
1.460200000000000000e+04
5.457000000000000000e+03
5.779000000000000000e+03
1.467800000000000000e+04
5.936000000000000000e+03
1.154500000000000000e+04
1.090700000000000000e+04
1.095000000000000000e+04
1.383600000000000000e+04
1.158000000000000000e+04
3.806000000000000000e+03
8.859000000000000000e+03
4.031000000000000000e+03
1.086400000000000000e+04
1.029600000000000000e+04
1.281300000000000000e+04
1.211400000000000000e+04
1.431900000000000000e+04
5.937000000000000000e+03
6.976000000000000000e+03
5.196000000000000000e+03
1.548700000000000000e+04
1.231700000000000000e+04
1.535100000000000000e+04
1.702300000000000000e+04
1.425000000000000000e+04
2.421000000000000000e+03
1.227700000000000000e+04
8.054000000000000000e+03
1.781000000000000000e+04
1.790400000000000000e+04
1.090800000000000000e+04
1.637800000000000000e+04
1.421700000000000000e+04
2.078000000000000000e+03
7.113000000000000000e+03
3.497000000000000000e+03
1.772200000000000000e+04
1.831100000000000000e+04
1.241800000000000000e+04
5.030000000000000000e+03
1.982000000000000000e+03
9.434000000000000000e+03
1.173000000000000000e+04
8.527000000000000000e+03
1.334500000000000000e+04
1.736900000000000000e+04
1.720400000000000000e+04
1.509300000000000000e+04
1.305800000000000000e+04
1.380100000000000000e+04
2.799000000000000000e+03
9.594000000000000000e+03
4.476000000000000000e+03
9.392000000000000000e+03
3.580000000000000000e+02
1.330000000000000000e+04
3.821000000000000000e+03
1.276800000000000000e+04
1.785300000000000000e+04
7.687000000000000000e+03
1.057000000000000000e+04
1.332600000000000000e+04
1.747600000000000000e+04
8.297000000000000000e+03
2.451000000000000000e+03
1.933000000000000000e+03
7.419000000000000000e+03
1.526400000000000000e+04
8.560000000000000000e+03
5.839000000000000000e+03
1.697900000000000000e+04
9.033000000000000000e+03
1.258100000000000000e+04
9.568000000000000000e+03
1.640900000000000000e+04
3.790000000000000000e+02
1.281400000000000000e+04
1.497600000000000000e+04
1.329000000000000000e+03
1.134000000000000000e+03
1.326200000000000000e+04
1.270100000000000000e+04
1.101800000000000000e+04
1.373400000000000000e+04
1.622400000000000000e+04
6.470000000000000000e+03
1.328000000000000000e+03
4.040000000000000000e+02
3.888000000000000000e+03
2.302000000000000000e+03
6.953000000000000000e+03
7.513000000000000000e+03
2.535000000000000000e+03
2.574000000000000000e+03
1.030300000000000000e+04
1.771000000000000000e+04
4.990000000000000000e+03
2.068000000000000000e+03
1.529800000000000000e+04
1.362600000000000000e+04
1.328800000000000000e+04
7.433000000000000000e+03
3.487000000000000000e+03
1.644700000000000000e+04
1.290100000000000000e+04
1.634400000000000000e+04
1.801300000000000000e+04
3.662000000000000000e+03
6.146000000000000000e+03
1.249700000000000000e+04
1.831000000000000000e+04
3.359000000000000000e+03
1.190100000000000000e+04
4.452000000000000000e+03
1.150800000000000000e+04
1.499100000000000000e+04
7.306000000000000000e+03
8.502000000000000000e+03
1.452500000000000000e+04
1.738800000000000000e+04
8.338000000000000000e+03
5.150000000000000000e+02
1.368700000000000000e+04
7.901000000000000000e+03
1.506100000000000000e+04
4.605000000000000000e+03
7.781000000000000000e+03
1.369900000000000000e+04
1.795000000000000000e+03
1.088600000000000000e+04
9.644000000000000000e+03
1.551100000000000000e+04
1.744400000000000000e+04
1.032700000000000000e+04
1.490600000000000000e+04
1.841700000000000000e+04
2.724000000000000000e+03
7.964000000000000000e+03
8.655000000000000000e+03
7.371000000000000000e+03
1.195800000000000000e+04
1.606600000000000000e+04
1.440500000000000000e+04
1.175900000000000000e+04
1.219800000000000000e+04
1.802900000000000000e+04
1.665100000000000000e+04
1.452700000000000000e+04
1.578200000000000000e+04
3.252000000000000000e+03
1.152000000000000000e+03
1.275200000000000000e+04
1.535000000000000000e+04
1.348100000000000000e+04
7.314000000000000000e+03
1.335600000000000000e+04
6.983000000000000000e+03
1.017600000000000000e+04
3.851000000000000000e+03
1.233000000000000000e+04
1.293300000000000000e+04
1.081500000000000000e+04
1.293400000000000000e+04
2.099000000000000000e+03
1.813500000000000000e+04
1.829100000000000000e+04
1.443500000000000000e+04
1.010900000000000000e+04
1.027000000000000000e+03
8.640000000000000000e+03
8.476000000000000000e+03
1.461700000000000000e+04
1.126800000000000000e+04
1.712300000000000000e+04
1.752200000000000000e+04
1.419700000000000000e+04
8.015000000000000000e+03
8.935000000000000000e+03
8.410000000000000000e+02
1.849900000000000000e+04
