9.800000000000000000e+01
4.310000000000000000e+02
1.910000000000000000e+02
1.102000000000000000e+03
2.100000000000000000e+01
2.170000000000000000e+02
2.275000000000000000e+03
3.040000000000000000e+02
8.220000000000000000e+02
1.796000000000000000e+03
1.091000000000000000e+03
1.490000000000000000e+02
2.400000000000000000e+03
5.790000000000000000e+02
5.250000000000000000e+02
1.277000000000000000e+03
1.801000000000000000e+03
2.117000000000000000e+03
2.397000000000000000e+03
2.453000000000000000e+03
8.470000000000000000e+02
5.550000000000000000e+02
1.554000000000000000e+03
3.438000000000000000e+03
1.969000000000000000e+03
2.021000000000000000e+03
1.933000000000000000e+03
3.427000000000000000e+03
2.761000000000000000e+03
1.810000000000000000e+02
1.493000000000000000e+03
2.479000000000000000e+03
3.420000000000000000e+03
3.501000000000000000e+03
2.626000000000000000e+03
2.263000000000000000e+03
5.870000000000000000e+02
1.799000000000000000e+03
6.170000000000000000e+02
2.993000000000000000e+03
3.307000000000000000e+03
1.543000000000000000e+03
3.530000000000000000e+03
3.049000000000000000e+03
1.342000000000000000e+03
5.433000000000000000e+03
6.692000000000000000e+03
6.840000000000000000e+02
2.237000000000000000e+03
2.340000000000000000e+03
2.227000000000000000e+03
4.020000000000000000e+02
2.667000000000000000e+03
2.737000000000000000e+03
2.321000000000000000e+03
1.366000000000000000e+03
5.780000000000000000e+02
4.920000000000000000e+02
3.577000000000000000e+03
4.260000000000000000e+02
3.348000000000000000e+03
3.626000000000000000e+03
1.127000000000000000e+03
2.240000000000000000e+03
6.880000000000000000e+02
1.562000000000000000e+03
4.291000000000000000e+03
4.203000000000000000e+03
4.893000000000000000e+03
4.919000000000000000e+03
9.390000000000000000e+02
4.395000000000000000e+03
3.790000000000000000e+02
1.163000000000000000e+03
2.939000000000000000e+03
1.982000000000000000e+03
3.706000000000000000e+03
6.146000000000000000e+03
5.191000000000000000e+03
4.529000000000000000e+03
1.416000000000000000e+03
1.030000000000000000e+02
3.851000000000000000e+03
2.223000000000000000e+03
3.446000000000000000e+03
8.859000000000000000e+03
4.668000000000000000e+03
5.974000000000000000e+03
3.925000000000000000e+03
7.692000000000000000e+03
2.405000000000000000e+03
2.078000000000000000e+03
4.206000000000000000e+03
6.584000000000000000e+03
2.074000000000000000e+03
7.889000000000000000e+03
3.929000000000000000e+03
7.113000000000000000e+03
4.165000000000000000e+03
2.420000000000000000e+02
3.158000000000000000e+03
3.949000000000000000e+03
2.451000000000000000e+03
3.580000000000000000e+02
4.820000000000000000e+03
2.709000000000000000e+03
3.373000000000000000e+03
5.063000000000000000e+03
1.227000000000000000e+03
2.394000000000000000e+03
3.359000000000000000e+03
2.058000000000000000e+03
8.410000000000000000e+02
9.760000000000000000e+02
7.314000000000000000e+03
5.556000000000000000e+03
5.030000000000000000e+03
3.823000000000000000e+03
6.459000000000000000e+03
2.575000000000000000e+03
4.323000000000000000e+03
4.244000000000000000e+03
2.874000000000000000e+03
2.189000000000000000e+03
2.516000000000000000e+03
6.517000000000000000e+03
3.209000000000000000e+03
3.223000000000000000e+03
4.951000000000000000e+03
7.088000000000000000e+03
1.727000000000000000e+03
1.134000000000000000e+04
3.340000000000000000e+03
7.902000000000000000e+03
5.805000000000000000e+03
1.845000000000000000e+03
3.617000000000000000e+03
1.767000000000000000e+03
5.670000000000000000e+03
4.321000000000000000e+03
7.806000000000000000e+03
6.288000000000000000e+03
9.061000000000000000e+03
6.524000000000000000e+03
8.089000000000000000e+03
3.662000000000000000e+03
3.806000000000000000e+03
1.005000000000000000e+03
3.924000000000000000e+03
1.451000000000000000e+03
5.457000000000000000e+03
1.683000000000000000e+03
4.859000000000000000e+03
1.060300000000000000e+04
7.206000000000000000e+03
2.778000000000000000e+03
3.570000000000000000e+03
5.361000000000000000e+03
3.794000000000000000e+03
1.009100000000000000e+04
5.198000000000000000e+03
3.068000000000000000e+03
7.570000000000000000e+02
5.737000000000000000e+03
6.122000000000000000e+03
6.809000000000000000e+03
6.201000000000000000e+03
5.459000000000000000e+03
5.229000000000000000e+03
7.687000000000000000e+03
4.793000000000000000e+03
4.587000000000000000e+03
6.289000000000000000e+03
4.739000000000000000e+03
1.063800000000000000e+04
2.434000000000000000e+03
6.202000000000000000e+03
8.263000000000000000e+03
2.589000000000000000e+03
4.604000000000000000e+03
1.190100000000000000e+04
8.054000000000000000e+03
3.437000000000000000e+03
5.811000000000000000e+03
9.101000000000000000e+03
6.067000000000000000e+03
3.431000000000000000e+03
3.556000000000000000e+03
8.906000000000000000e+03
1.732000000000000000e+03
3.442000000000000000e+03
7.413000000000000000e+03
6.470000000000000000e+03
6.451000000000000000e+03
9.449000000000000000e+03
3.170000000000000000e+03
7.168000000000000000e+03
5.470000000000000000e+03
1.808000000000000000e+03
1.162600000000000000e+04
1.177300000000000000e+04
9.501000000000000000e+03
4.136000000000000000e+03
2.421000000000000000e+03
8.502000000000000000e+03
1.095000000000000000e+04
2.659000000000000000e+03
1.163500000000000000e+04
4.453000000000000000e+03
9.319000000000000000e+03
1.087500000000000000e+04
2.365000000000000000e+03
1.080300000000000000e+04
1.276800000000000000e+04
1.328800000000000000e+04
9.793000000000000000e+03
1.032700000000000000e+04
1.305800000000000000e+04
1.011300000000000000e+04
1.023100000000000000e+04
1.015600000000000000e+04
1.101800000000000000e+04
4.632000000000000000e+03
1.235900000000000000e+04
6.107000000000000000e+03
6.157000000000000000e+03
1.079100000000000000e+04
6.145000000000000000e+03
1.206700000000000000e+04
7.570000000000000000e+03
1.474000000000000000e+03
1.029600000000000000e+04
1.183500000000000000e+04
1.067700000000000000e+04
5.427000000000000000e+03
1.249700000000000000e+04
6.820000000000000000e+03
4.959000000000000000e+03
8.750000000000000000e+03
1.281400000000000000e+04
1.348100000000000000e+04
1.161600000000000000e+04
4.605000000000000000e+03
9.435000000000000000e+03
4.431000000000000000e+03
9.711000000000000000e+03
1.332600000000000000e+04
1.619200000000000000e+04
1.346200000000000000e+04
1.258100000000000000e+04
1.260400000000000000e+04
2.099000000000000000e+03
3.810000000000000000e+03
9.573000000000000000e+03
9.070000000000000000e+03
6.674000000000000000e+03
2.417000000000000000e+03
2.083000000000000000e+03
6.543000000000000000e+03
6.493000000000000000e+03
1.237500000000000000e+04
1.090800000000000000e+04
1.380100000000000000e+04
9.450000000000000000e+03
8.880000000000000000e+03
4.452000000000000000e+03
9.977000000000000000e+03
1.314700000000000000e+04
1.227700000000000000e+04
1.183600000000000000e+04
4.232000000000000000e+03
8.619000000000000000e+03
8.741000000000000000e+03
8.580000000000000000e+02
1.170900000000000000e+04
1.318700000000000000e+04
1.126800000000000000e+04
9.333000000000000000e+03
6.476000000000000000e+03
2.190000000000000000e+02
1.443500000000000000e+04
1.248100000000000000e+04
7.318000000000000000e+03
9.976000000000000000e+03
1.373400000000000000e+04
7.058000000000000000e+03
9.975000000000000000e+03
1.354000000000000000e+03
1.219800000000000000e+04
1.141800000000000000e+04
1.348000000000000000e+04
7.433000000000000000e+03
1.302900000000000000e+04
1.150800000000000000e+04
8.297000000000000000e+03
5.196000000000000000e+03
8.935000000000000000e+03
4.990000000000000000e+03
4.920000000000000000e+03
2.694000000000000000e+03
1.506100000000000000e+04
1.118300000000000000e+04
5.432000000000000000e+03
1.156300000000000000e+04
1.150700000000000000e+04
4.302000000000000000e+03
7.781000000000000000e+03
1.130100000000000000e+04
1.047200000000000000e+04
1.158000000000000000e+04
1.419700000000000000e+04
1.722000000000000000e+03
1.409700000000000000e+04
9.033000000000000000e+03
6.720000000000000000e+02
1.610000000000000000e+03
1.362600000000000000e+04
1.634500000000000000e+04
7.432000000000000000e+03
1.526400000000000000e+04
1.729000000000000000e+04
4.586000000000000000e+03
1.278600000000000000e+04
1.036300000000000000e+04
1.206600000000000000e+04
1.298800000000000000e+04
6.253000000000000000e+03
1.445200000000000000e+04
6.488000000000000000e+03
8.795000000000000000e+03
1.045800000000000000e+04
1.425000000000000000e+04
1.335600000000000000e+04
1.509000000000000000e+03
9.582000000000000000e+03
8.015000000000000000e+03
8.532000000000000000e+03
1.432000000000000000e+04
2.350000000000000000e+03
1.497600000000000000e+04
1.425100000000000000e+04
9.838000000000000000e+03
9.900000000000000000e+03
1.314900000000000000e+04
6.287000000000000000e+03
1.622400000000000000e+04
4.768000000000000000e+03
1.115500000000000000e+04
3.588000000000000000e+03
2.799000000000000000e+03
4.705000000000000000e+03
1.213300000000000000e+04
1.256100000000000000e+04
1.141900000000000000e+04
1.037400000000000000e+04
3.408000000000000000e+03
3.137000000000000000e+03
1.080400000000000000e+04
9.434000000000000000e+03
1.431900000000000000e+04
1.547200000000000000e+04
1.807700000000000000e+04
1.097600000000000000e+04
1.199900000000000000e+04
1.744400000000000000e+04
1.106100000000000000e+04
6.983000000000000000e+03
1.244700000000000000e+04
1.665000000000000000e+03
2.931000000000000000e+03
4.540000000000000000e+03
9.384000000000000000e+03
1.230000000000000000e+02
1.729500000000000000e+04
2.402000000000000000e+03
1.030300000000000000e+04
1.010000000000000000e+04
1.383200000000000000e+04
1.043000000000000000e+03
6.570000000000000000e+03
1.057600000000000000e+04
1.139800000000000000e+04
1.565900000000000000e+04
1.535200000000000000e+04
1.024500000000000000e+04
3.327000000000000000e+03
1.460200000000000000e+04
3.487000000000000000e+03
2.586000000000000000e+03
6.675000000000000000e+03
7.521000000000000000e+03
8.338000000000000000e+03
1.168000000000000000e+03
9.094000000000000000e+03
1.272200000000000000e+04
6.953000000000000000e+03
1.452500000000000000e+04
3.822000000000000000e+03
7.005000000000000000e+03
7.679000000000000000e+03
1.243200000000000000e+04
1.492100000000000000e+04
1.380200000000000000e+04
5.355000000000000000e+03
1.017500000000000000e+04
1.603900000000000000e+04
9.569000000000000000e+03
4.261000000000000000e+03
1.048000000000000000e+04
2.163000000000000000e+03
1.779300000000000000e+04
1.292500000000000000e+04
1.578200000000000000e+04
1.024400000000000000e+04
1.154500000000000000e+04
4.816000000000000000e+03
1.541700000000000000e+04
1.637800000000000000e+04
1.745500000000000000e+04
1.696400000000000000e+04
1.451300000000000000e+04
1.794000000000000000e+04
1.010100000000000000e+04
1.712300000000000000e+04
1.107400000000000000e+04
2.253000000000000000e+03
9.993000000000000000e+03
6.659000000000000000e+03
1.537100000000000000e+04
6.990000000000000000e+03
4.098000000000000000e+03
9.410000000000000000e+03
1.118200000000000000e+04
9.524000000000000000e+03
6.037000000000000000e+03
1.554800000000000000e+04
5.089000000000000000e+03
1.157300000000000000e+04
1.209000000000000000e+04
6.643000000000000000e+03
1.232800000000000000e+04
4.483000000000000000e+03
1.222600000000000000e+04
1.452600000000000000e+04
1.408100000000000000e+04
1.452700000000000000e+04
2.022000000000000000e+03
1.644700000000000000e+04
1.385000000000000000e+04
4.613000000000000000e+03
3.008000000000000000e+03
4.864000000000000000e+03
2.591000000000000000e+03
9.223000000000000000e+03
1.427500000000000000e+04
1.256200000000000000e+04
1.103100000000000000e+04
1.752200000000000000e+04
1.737000000000000000e+04
6.754000000000000000e+03
2.068000000000000000e+03
6.106000000000000000e+03
1.956000000000000000e+03
5.500000000000000000e+03
1.801300000000000000e+04
1.771000000000000000e+04
2.506000000000000000e+03
1.566000000000000000e+04
1.101900000000000000e+04
1.386000000000000000e+03
1.366200000000000000e+04
1.354300000000000000e+04
1.214400000000000000e+04
8.340000000000000000e+03
1.017600000000000000e+04
1.402200000000000000e+04
5.274000000000000000e+03
1.459200000000000000e+04
1.395500000000000000e+04
4.267000000000000000e+03
1.421700000000000000e+04
8.144000000000000000e+03
1.137800000000000000e+04
6.992000000000000000e+03
1.679000000000000000e+04
1.697900000000000000e+04
8.884000000000000000e+03
7.969000000000000000e+03
1.738800000000000000e+04
1.663200000000000000e+04
8.277000000000000000e+03
5.034000000000000000e+03
5.316000000000000000e+03
8.885000000000000000e+03
1.073800000000000000e+04
1.191000000000000000e+03
2.172000000000000000e+03
1.720400000000000000e+04
1.761800000000000000e+04
1.139900000000000000e+04
2.358000000000000000e+03
3.001000000000000000e+03
9.804000000000000000e+03
1.696300000000000000e+04
1.813500000000000000e+04
1.829100000000000000e+04
1.667800000000000000e+04
1.381500000000000000e+04
3.904000000000000000e+03
6.859000000000000000e+03
9.157000000000000000e+03
5.849000000000000000e+03
6.529000000000000000e+03
1.025300000000000000e+04
1.427300000000000000e+04
1.609900000000000000e+04
1.417000000000000000e+04
1.184800000000000000e+04
1.610900000000000000e+04
1.553400000000000000e+04
1.081500000000000000e+04
1.256300000000000000e+04
1.817800000000000000e+04
5.315000000000000000e+03
1.193800000000000000e+04
9.183000000000000000e+03
1.531500000000000000e+04
1.222000000000000000e+03
2.131000000000000000e+03
8.283000000000000000e+03
9.257000000000000000e+03
1.312600000000000000e+04
1.688000000000000000e+04
1.977000000000000000e+03
7.419000000000000000e+03
9.392000000000000000e+03
1.330000000000000000e+04
8.305000000000000000e+03
6.628000000000000000e+03
9.032000000000000000e+03
1.593000000000000000e+04
1.476400000000000000e+04
1.344000000000000000e+04
8.380000000000000000e+03
1.492200000000000000e+04
1.623600000000000000e+04
1.776800000000000000e+04
9.500000000000000000e+02
2.282000000000000000e+03
1.057000000000000000e+04
1.010900000000000000e+04
1.781000000000000000e+04
9.740000000000000000e+02
6.076000000000000000e+03
5.979000000000000000e+03
3.571000000000000000e+03
6.733000000000000000e+03
6.291000000000000000e+03
1.207800000000000000e+04
3.297000000000000000e+03
2.454000000000000000e+03
9.156000000000000000e+03
2.146000000000000000e+03
7.474000000000000000e+03
1.111500000000000000e+04
