2.100000000000000000e+01
9.800000000000000000e+01
4.920000000000000000e+02
1.933000000000000000e+03
1.490000000000000000e+02
1.910000000000000000e+02
2.170000000000000000e+02
1.227000000000000000e+03
2.227000000000000000e+03
6.170000000000000000e+02
2.078000000000000000e+03
1.554000000000000000e+03
1.509000000000000000e+03
5.550000000000000000e+02
3.794000000000000000e+03
5.250000000000000000e+02
8.580000000000000000e+02
3.040000000000000000e+02
8.470000000000000000e+02
1.102000000000000000e+03
2.420000000000000000e+02
1.982000000000000000e+03
2.117000000000000000e+03
2.417000000000000000e+03
1.030000000000000000e+02
2.400000000000000000e+03
1.722000000000000000e+03
3.580000000000000000e+02
3.297000000000000000e+03
3.790000000000000000e+02
2.340000000000000000e+03
2.083000000000000000e+03
2.263000000000000000e+03
2.453000000000000000e+03
4.260000000000000000e+02
2.190000000000000000e+02
2.761000000000000000e+03
2.394000000000000000e+03
5.790000000000000000e+02
1.366000000000000000e+03
2.021000000000000000e+03
1.493000000000000000e+03
3.588000000000000000e+03
2.939000000000000000e+03
1.277000000000000000e+03
6.880000000000000000e+02
2.405000000000000000e+03
6.720000000000000000e+02
4.302000000000000000e+03
3.359000000000000000e+03
1.091000000000000000e+03
2.589000000000000000e+03
5.870000000000000000e+02
2.479000000000000000e+03
8.220000000000000000e+02
8.410000000000000000e+02
2.434000000000000000e+03
3.571000000000000000e+03
3.068000000000000000e+03
7.005000000000000000e+03
2.282000000000000000e+03
2.737000000000000000e+03
1.416000000000000000e+03
3.577000000000000000e+03
4.261000000000000000e+03
1.767000000000000000e+03
9.390000000000000000e+02
4.605000000000000000e+03
1.799000000000000000e+03
4.020000000000000000e+02
1.969000000000000000e+03
2.626000000000000000e+03
5.470000000000000000e+03
1.801000000000000000e+03
4.310000000000000000e+02
2.451000000000000000e+03
3.556000000000000000e+03
9.500000000000000000e+02
1.796000000000000000e+03
2.275000000000000000e+03
3.949000000000000000e+03
8.100000000000000000e+02
3.806000000000000000e+03
2.709000000000000000e+03
3.427000000000000000e+03
4.203000000000000000e+03
1.230000000000000000e+02
3.501000000000000000e+03
4.136000000000000000e+03
2.506000000000000000e+03
6.840000000000000000e+02
1.543000000000000000e+03
5.063000000000000000e+03
5.427000000000000000e+03
4.587000000000000000e+03
3.373000000000000000e+03
3.925000000000000000e+03
2.421000000000000000e+03
5.198000000000000000e+03
5.196000000000000000e+03
5.030000000000000000e+03
8.297000000000000000e+03
3.340000000000000000e+03
6.643000000000000000e+03
1.342000000000000000e+03
1.451000000000000000e+03
3.822000000000000000e+03
3.530000000000000000e+03
6.809000000000000000e+03
2.223000000000000000e+03
6.146000000000000000e+03
4.864000000000000000e+03
1.665000000000000000e+03
6.289000000000000000e+03
6.692000000000000000e+03
5.457000000000000000e+03
6.122000000000000000e+03
9.569000000000000000e+03
4.206000000000000000e+03
7.314000000000000000e+03
4.668000000000000000e+03
6.859000000000000000e+03
2.667000000000000000e+03
3.662000000000000000e+03
9.033000000000000000e+03
9.993000000000000000e+03
3.049000000000000000e+03
7.687000000000000000e+03
6.524000000000000000e+03
3.851000000000000000e+03
2.189000000000000000e+03
5.191000000000000000e+03
1.017600000000000000e+04
6.470000000000000000e+03
2.240000000000000000e+03
3.209000000000000000e+03
6.201000000000000000e+03
4.990000000000000000e+03
3.438000000000000000e+03
2.099000000000000000e+03
5.805000000000000000e+03
3.823000000000000000e+03
8.054000000000000000e+03
4.483000000000000000e+03
1.845000000000000000e+03
3.420000000000000000e+03
1.810000000000000000e+02
6.067000000000000000e+03
2.358000000000000000e+03
1.474000000000000000e+03
9.333000000000000000e+03
6.157000000000000000e+03
1.030300000000000000e+04
6.000000000000000000e+02
9.977000000000000000e+03
2.008000000000000000e+03
7.113000000000000000e+03
9.838000000000000000e+03
6.291000000000000000e+03
1.111500000000000000e+04
1.207800000000000000e+04
6.476000000000000000e+03
2.350000000000000000e+03
6.699000000000000000e+03
3.408000000000000000e+03
1.732000000000000000e+03
9.900000000000000000e+03
5.089000000000000000e+03
6.107000000000000000e+03
8.906000000000000000e+03
1.037400000000000000e+04
6.584000000000000000e+03
1.057000000000000000e+04
2.591000000000000000e+03
5.990000000000000000e+03
6.754000000000000000e+03
1.452600000000000000e+04
7.157000000000000000e+03
9.435000000000000000e+03
6.674000000000000000e+03
1.683000000000000000e+03
1.103100000000000000e+04
1.292500000000000000e+04
5.315000000000000000e+03
6.983000000000000000e+03
1.011300000000000000e+04
7.679000000000000000e+03
8.089000000000000000e+03
3.223000000000000000e+03
3.442000000000000000e+03
8.277000000000000000e+03
3.431000000000000000e+03
2.321000000000000000e+03
3.924000000000000000e+03
3.240000000000000000e+02
4.920000000000000000e+03
1.152100000000000000e+04
1.106100000000000000e+04
1.029700000000000000e+04
7.140000000000000000e+02
4.098000000000000000e+03
4.291000000000000000e+03
1.214400000000000000e+04
8.015000000000000000e+03
6.543000000000000000e+03
3.170000000000000000e+03
2.146000000000000000e+03
5.361000000000000000e+03
1.411700000000000000e+04
3.626000000000000000e+03
2.586000000000000000e+03
2.516000000000000000e+03
1.562000000000000000e+03
3.348000000000000000e+03
1.293600000000000000e+04
6.037000000000000000e+03
3.487000000000000000e+03
6.517000000000000000e+03
1.060300000000000000e+04
1.017500000000000000e+04
5.501000000000000000e+03
7.433000000000000000e+03
1.004100000000000000e+04
2.441000000000000000e+03
2.068000000000000000e+03
1.115500000000000000e+04
9.061000000000000000e+03
1.126800000000000000e+04
4.452000000000000000e+03
1.383200000000000000e+04
1.127000000000000000e+03
1.306400000000000000e+04
5.316000000000000000e+03
4.323000000000000000e+03
2.160000000000000000e+03
1.032700000000000000e+04
4.244000000000000000e+03
1.027900000000000000e+04
9.400000000000000000e+02
1.079100000000000000e+04
1.024500000000000000e+04
1.354300000000000000e+04
6.659000000000000000e+03
6.220000000000000000e+03
4.165000000000000000e+03
7.692000000000000000e+03
7.521000000000000000e+03
8.950000000000000000e+02
7.781000000000000000e+03
8.884000000000000000e+03
8.381000000000000000e+03
5.229000000000000000e+03
8.502000000000000000e+03
6.581000000000000000e+03
1.090800000000000000e+04
3.409000000000000000e+03
1.101800000000000000e+04
1.492200000000000000e+04
1.150800000000000000e+04
1.193800000000000000e+04
3.843000000000000000e+03
6.675000000000000000e+03
6.288000000000000000e+03
5.355000000000000000e+03
1.184800000000000000e+04
1.150700000000000000e+04
9.384000000000000000e+03
1.302900000000000000e+04
5.409000000000000000e+03
4.919000000000000000e+03
1.298800000000000000e+04
3.604000000000000000e+03
4.453000000000000000e+03
9.924000000000000000e+03
5.274000000000000000e+03
1.937000000000000000e+03
1.459200000000000000e+04
1.010100000000000000e+04
1.141900000000000000e+04
3.315000000000000000e+03
1.005000000000000000e+03
1.067700000000000000e+04
1.510700000000000000e+04
1.206700000000000000e+04
7.570000000000000000e+03
8.340000000000000000e+03
8.935000000000000000e+03
1.177300000000000000e+04
9.449000000000000000e+03
1.047200000000000000e+04
1.186100000000000000e+04
7.168000000000000000e+03
3.904000000000000000e+03
8.730000000000000000e+03
1.553400000000000000e+04
7.088000000000000000e+03
7.902000000000000000e+03
1.123300000000000000e+04
5.471000000000000000e+03
3.446000000000000000e+03
1.408100000000000000e+04
9.156000000000000000e+03
4.951000000000000000e+03
6.253000000000000000e+03
1.335600000000000000e+04
7.969000000000000000e+03
1.248100000000000000e+04
6.439000000000000000e+03
1.840000000000000000e+03
1.232800000000000000e+04
2.200000000000000000e+02
1.385000000000000000e+04
4.768000000000000000e+03
4.395000000000000000e+03
1.440000000000000000e+02
6.459000000000000000e+03
1.380200000000000000e+04
1.882000000000000000e+03
4.529000000000000000e+03
9.200000000000000000e+01
1.045800000000000000e+04
1.977000000000000000e+03
9.769000000000000000e+03
1.244700000000000000e+04
8.885000000000000000e+03
1.133000000000000000e+04
2.454000000000000000e+03
1.101900000000000000e+04
9.034000000000000000e+03
1.146100000000000000e+04
1.445200000000000000e+04
1.609900000000000000e+04
1.249700000000000000e+04
1.214500000000000000e+04
1.073800000000000000e+04
1.146000000000000000e+04
8.113000000000000000e+03
1.623700000000000000e+04
1.304100000000000000e+04
8.922000000000000000e+03
8.750000000000000000e+03
1.162600000000000000e+04
1.609800000000000000e+04
9.183000000000000000e+03
1.202800000000000000e+04
6.460000000000000000e+03
1.402200000000000000e+04
7.058000000000000000e+03
6.451000000000000000e+03
1.278600000000000000e+04
1.258100000000000000e+04
2.874000000000000000e+03
4.959000000000000000e+03
1.655000000000000000e+04
1.547400000000000000e+04
1.158000000000000000e+04
1.139900000000000000e+04
1.157300000000000000e+04
1.010900000000000000e+04
2.022000000000000000e+03
1.362600000000000000e+04
1.161600000000000000e+04
9.157000000000000000e+03
1.451500000000000000e+04
1.409700000000000000e+04
1.182000000000000000e+03
5.132000000000000000e+03
1.362700000000000000e+04
7.006000000000000000e+03
5.886000000000000000e+03
1.301600000000000000e+04
4.793000000000000000e+03
6.953000000000000000e+03
3.307000000000000000e+03
1.623600000000000000e+04
1.095000000000000000e+04
1.531500000000000000e+04
8.674000000000000000e+03
1.227700000000000000e+04
1.033200000000000000e+04
1.808000000000000000e+03
1.535200000000000000e+04
1.666700000000000000e+04
1.443500000000000000e+04
1.501000000000000000e+04
5.780000000000000000e+02
1.452500000000000000e+04
1.688000000000000000e+04
1.134000000000000000e+04
1.554800000000000000e+04
1.395300000000000000e+04
2.564000000000000000e+03
7.889000000000000000e+03
1.419700000000000000e+04
1.570000000000000000e+03
2.440000000000000000e+02
1.395500000000000000e+04
1.156300000000000000e+04
6.734000000000000000e+03
5.737000000000000000e+03
1.603900000000000000e+04
1.526500000000000000e+04
1.481200000000000000e+04
1.381500000000000000e+04
8.627000000000000000e+03
1.170900000000000000e+04
4.705000000000000000e+03
1.063800000000000000e+04
1.761800000000000000e+04
1.537100000000000000e+04
9.292000000000000000e+03
1.219800000000000000e+04
1.023100000000000000e+04
1.679000000000000000e+04
1.281400000000000000e+04
1.346200000000000000e+04
1.167000000000000000e+04
1.348100000000000000e+04
1.663200000000000000e+04
3.831000000000000000e+03
1.451300000000000000e+04
1.183600000000000000e+04
1.578200000000000000e+04
2.397000000000000000e+03
2.575000000000000000e+03
9.070000000000000000e+03
1.373400000000000000e+04
1.596200000000000000e+04
6.733000000000000000e+03
1.566000000000000000e+04
8.795000000000000000e+03
1.715900000000000000e+04
5.834000000000000000e+03
1.610900000000000000e+04
1.369900000000000000e+04
7.546000000000000000e+03
1.756900000000000000e+04
1.354400000000000000e+04
1.210100000000000000e+04
1.015700000000000000e+04
8.390000000000000000e+03
1.452700000000000000e+04
7.250000000000000000e+02
3.706000000000000000e+03
1.018400000000000000e+04
8.999000000000000000e+03
1.215400000000000000e+04
2.058000000000000000e+03
6.202000000000000000e+03
9.101000000000000000e+03
5.556000000000000000e+03
1.727000000000000000e+03
1.752200000000000000e+04
1.738800000000000000e+04
1.361000000000000000e+04
1.734900000000000000e+04
2.074000000000000000e+03
1.696400000000000000e+04
1.737000000000000000e+04
1.417000000000000000e+04
1.170700000000000000e+04
4.209000000000000000e+03
1.496300000000000000e+04
2.237000000000000000e+03
1.305800000000000000e+04
1.328800000000000000e+04
1.627200000000000000e+04
1.015800000000000000e+04
2.551000000000000000e+03
9.364000000000000000e+03
4.321000000000000000e+03
1.425100000000000000e+04
1.834200000000000000e+04
1.838800000000000000e+04
5.210000000000000000e+03
9.573000000000000000e+03
1.190100000000000000e+04
1.080300000000000000e+04
1.776800000000000000e+04
8.859000000000000000e+03
6.660000000000000000e+03
1.178600000000000000e+04
7.570000000000000000e+02
1.712300000000000000e+04
1.667800000000000000e+04
1.425200000000000000e+04
2.157000000000000000e+03
4.431000000000000000e+03
1.235900000000000000e+04
8.880000000000000000e+03
1.282200000000000000e+04
3.778000000000000000e+03
6.954000000000000000e+03
1.548700000000000000e+04
8.619000000000000000e+03
1.237500000000000000e+04
1.497600000000000000e+04
7.474000000000000000e+03
2.993000000000000000e+03
1.817800000000000000e+04
3.250000000000000000e+03
1.144600000000000000e+04
1.647800000000000000e+04
1.838000000000000000e+03
1.314900000000000000e+04
6.145000000000000000e+03
1.048000000000000000e+04
1.087500000000000000e+04
1.506100000000000000e+04
6.290000000000000000e+03
3.093000000000000000e+03
1.210200000000000000e+04
1.088700000000000000e+04
9.839000000000000000e+03
1.367000000000000000e+04
1.393600000000000000e+04
5.670000000000000000e+03
3.617000000000000000e+03
1.276800000000000000e+04
1.425000000000000000e+04
3.365000000000000000e+03
1.431900000000000000e+04
1.745500000000000000e+04
8.710000000000000000e+02
7.587000000000000000e+03
1.529900000000000000e+04
9.656000000000000000e+03
1.383300000000000000e+04
1.240100000000000000e+04
2.699000000000000000e+03
1.163000000000000000e+03
9.582000000000000000e+03
1.526400000000000000e+04
8.602000000000000000e+03
1.584100000000000000e+04
9.128000000000000000e+03
6.038000000000000000e+03
1.164900000000000000e+04
1.154500000000000000e+04
9.711000000000000000e+03
3.570000000000000000e+03
1.718900000000000000e+04
3.390000000000000000e+03
1.067800000000000000e+04
9.760000000000000000e+02
6.493000000000000000e+03
1.492100000000000000e+04
1.213300000000000000e+04
1.163500000000000000e+04
1.380100000000000000e+04
9.450000000000000000e+03
1.460200000000000000e+04
1.239000000000000000e+04
1.706100000000000000e+04
1.773500000000000000e+04
1.520600000000000000e+04
1.753700000000000000e+04
2.694000000000000000e+03
5.811000000000000000e+03
8.741000000000000000e+03
2.659000000000000000e+03
1.547200000000000000e+04
1.794000000000000000e+04
1.634500000000000000e+04
4.526000000000000000e+03
1.821300000000000000e+04
9.502000000000000000e+03
7.553000000000000000e+03
5.400000000000000000e+03
6.570000000000000000e+03
1.209000000000000000e+04
4.739000000000000000e+03
1.332600000000000000e+04
5.034000000000000000e+03
5.974000000000000000e+03
1.318700000000000000e+04
1.771000000000000000e+04
1.260400000000000000e+04
3.198000000000000000e+03
7.875000000000000000e+03
6.667000000000000000e+03
1.642400000000000000e+04
9.120000000000000000e+03
