2.100000000000000000e+01
1.882000000000000000e+03
2.190000000000000000e+02
1.182000000000000000e+03
1.030000000000000000e+02
4.260000000000000000e+02
3.790000000000000000e+02
1.080000000000000000e+02
8.580000000000000000e+02
2.420000000000000000e+02
1.490000000000000000e+02
6.970000000000000000e+02
3.580000000000000000e+02
3.113000000000000000e+03
9.500000000000000000e+02
6.000000000000000000e+02
1.570000000000000000e+03
1.910000000000000000e+02
8.950000000000000000e+02
2.170000000000000000e+02
7.140000000000000000e+02
2.008000000000000000e+03
2.160000000000000000e+03
1.535000000000000000e+03
6.880000000000000000e+02
1.838000000000000000e+03
4.526000000000000000e+03
9.800000000000000000e+01
8.100000000000000000e+02
1.977000000000000000e+03
2.454000000000000000e+03
3.040000000000000000e+02
2.099000000000000000e+03
1.509000000000000000e+03
8.410000000000000000e+02
2.887000000000000000e+03
2.282000000000000000e+03
4.920000000000000000e+02
3.315000000000000000e+03
2.083000000000000000e+03
1.660000000000000000e+02
5.870000000000000000e+02
7.250000000000000000e+02
6.720000000000000000e+02
2.200000000000000000e+02
5.790000000000000000e+02
2.591000000000000000e+03
2.586000000000000000e+03
9.400000000000000000e+02
2.358000000000000000e+03
7.220000000000000000e+02
2.590000000000000000e+03
1.416000000000000000e+03
7.170000000000000000e+02
2.441000000000000000e+03
5.274000000000000000e+03
3.365000000000000000e+03
1.665000000000000000e+03
1.722000000000000000e+03
3.604000000000000000e+03
1.230000000000000000e+02
2.440000000000000000e+02
2.350000000000000000e+03
8.710000000000000000e+02
9.200000000000000000e+01
4.060000000000000000e+02
6.423000000000000000e+03
1.806000000000000000e+03
5.745000000000000000e+03
1.227000000000000000e+03
6.170000000000000000e+02
1.440000000000000000e+02
1.107000000000000000e+03
3.140000000000000000e+02
2.506000000000000000e+03
2.157000000000000000e+03
2.589000000000000000e+03
3.240000000000000000e+02
3.409000000000000000e+03
3.250000000000000000e+03
4.136000000000000000e+03
3.571000000000000000e+03
2.417000000000000000e+03
4.020000000000000000e+02
3.198000000000000000e+03
3.822000000000000000e+03
3.843000000000000000e+03
5.501000000000000000e+03
6.038000000000000000e+03
9.343000000000000000e+03
5.017000000000000000e+03
4.261000000000000000e+03
3.487000000000000000e+03
6.037000000000000000e+03
2.068000000000000000e+03
2.451000000000000000e+03
2.564000000000000000e+03
2.146000000000000000e+03
1.451000000000000000e+03
1.366000000000000000e+03
2.709000000000000000e+03
3.556000000000000000e+03
3.408000000000000000e+03
6.575000000000000000e+03
4.554000000000000000e+03
3.297000000000000000e+03
3.662000000000000000e+03
5.550000000000000000e+02
3.904000000000000000e+03
5.316000000000000000e+03
5.885000000000000000e+03
3.340000000000000000e+03
5.990000000000000000e+03
3.390000000000000000e+03
6.660000000000000000e+03
5.132000000000000000e+03
5.409000000000000000e+03
4.864000000000000000e+03
2.303000000000000000e+03
2.460000000000000000e+02
2.421000000000000000e+03
6.291000000000000000e+03
5.089000000000000000e+03
7.553000000000000000e+03
4.962000000000000000e+03
6.581000000000000000e+03
8.602000000000000000e+03
3.949000000000000000e+03
6.755000000000000000e+03
5.834000000000000000e+03
3.851000000000000000e+03
7.006000000000000000e+03
2.405000000000000000e+03
6.659000000000000000e+03
2.610000000000000000e+03
6.754000000000000000e+03
4.377000000000000000e+03
7.468000000000000000e+03
8.340000000000000000e+03
8.136000000000000000e+03
5.471000000000000000e+03
6.667000000000000000e+03
1.474000000000000000e+03
3.831000000000000000e+03
7.474000000000000000e+03
5.315000000000000000e+03
2.394000000000000000e+03
4.990000000000000000e+03
1.532000000000000000e+03
5.196000000000000000e+03
3.588000000000000000e+03
4.098000000000000000e+03
7.587000000000000000e+03
2.434000000000000000e+03
7.157000000000000000e+03
3.068000000000000000e+03
1.088700000000000000e+04
6.954000000000000000e+03
9.364000000000000000e+03
6.699000000000000000e+03
1.504000000000000000e+03
7.875000000000000000e+03
7.919000000000000000e+03
9.839000000000000000e+03
8.113000000000000000e+03
3.599000000000000000e+03
8.873000000000000000e+03
1.512000000000000000e+03
8.999000000000000000e+03
7.969000000000000000e+03
8.674000000000000000e+03
5.198000000000000000e+03
3.806000000000000000e+03
6.220000000000000000e+03
1.442100000000000000e+04
1.015800000000000000e+04
8.399000000000000000e+03
2.078000000000000000e+03
3.087000000000000000e+03
6.734000000000000000e+03
8.561000000000000000e+03
8.922000000000000000e+03
8.627000000000000000e+03
1.018400000000000000e+04
1.015700000000000000e+04
1.097700000000000000e+04
8.730000000000000000e+03
1.767000000000000000e+03
1.982000000000000000e+03
9.034000000000000000e+03
1.170700000000000000e+04
6.094000000000000000e+03
1.194600000000000000e+04
8.682000000000000000e+03
1.373000000000000000e+03
6.983000000000000000e+03
8.230000000000000000e+03
1.683000000000000000e+03
7.570000000000000000e+03
8.885000000000000000e+03
9.502000000000000000e+03
9.656000000000000000e+03
1.811000000000000000e+03
3.987000000000000000e+03
6.253000000000000000e+03
8.390000000000000000e+03
9.156000000000000000e+03
1.153400000000000000e+04
4.209000000000000000e+03
1.096900000000000000e+04
4.793000000000000000e+03
3.359000000000000000e+03
8.477000000000000000e+03
5.805000000000000000e+03
1.131000000000000000e+04
5.210000000000000000e+02
6.551000000000000000e+03
1.840000000000000000e+03
3.170000000000000000e+03
2.761000000000000000e+03
6.067000000000000000e+03
2.699000000000000000e+03
8.381000000000000000e+03
6.733000000000000000e+03
1.043200000000000000e+04
4.483000000000000000e+03
8.884000000000000000e+03
9.436000000000000000e+03
9.128000000000000000e+03
2.551000000000000000e+03
1.260500000000000000e+04
6.859000000000000000e+03
9.039000000000000000e+03
4.435000000000000000e+03
9.183000000000000000e+03
8.277000000000000000e+03
3.093000000000000000e+03
1.301600000000000000e+04
4.302000000000000000e+03
6.675000000000000000e+03
1.184000000000000000e+03
1.215400000000000000e+04
1.210200000000000000e+04
1.164900000000000000e+04
1.094100000000000000e+04
2.939000000000000000e+03
5.355000000000000000e+03
1.010900000000000000e+04
6.674000000000000000e+03
1.336700000000000000e+04
4.546000000000000000e+03
8.350000000000000000e+03
6.643000000000000000e+03
9.157000000000000000e+03
7.781000000000000000e+03
5.653000000000000000e+03
5.400000000000000000e+03
3.686000000000000000e+03
1.493000000000000000e+03
6.524000000000000000e+03
4.029000000000000000e+03
1.178600000000000000e+04
7.920000000000000000e+03
5.772000000000000000e+03
4.959000000000000000e+03
1.799000000000000000e+03
7.521000000000000000e+03
1.033200000000000000e+04
7.949000000000000000e+03
1.156400000000000000e+04
1.393500000000000000e+04
5.361000000000000000e+03
6.122000000000000000e+03
4.605000000000000000e+03
5.427000000000000000e+03
9.602000000000000000e+03
3.778000000000000000e+03
8.860000000000000000e+03
1.175000000000000000e+04
1.449800000000000000e+04
7.433000000000000000e+03
1.004100000000000000e+04
3.823000000000000000e+03
1.239000000000000000e+04
1.423200000000000000e+04
1.133000000000000000e+04
3.373000000000000000e+03
1.027900000000000000e+04
1.417000000000000000e+04
7.159000000000000000e+03
1.202800000000000000e+04
8.935000000000000000e+03
4.897000000000000000e+03
1.732000000000000000e+03
1.260600000000000000e+04
9.195000000000000000e+03
1.383300000000000000e+04
1.067800000000000000e+04
7.445000000000000000e+03
4.587000000000000000e+03
1.529900000000000000e+04
1.288800000000000000e+04
8.015000000000000000e+03
2.022000000000000000e+03
8.827000000000000000e+03
1.277000000000000000e+03
9.384000000000000000e+03
2.051000000000000000e+03
2.626000000000000000e+03
6.010000000000000000e+02
1.056100000000000000e+04
1.308900000000000000e+04
1.354400000000000000e+04
1.029700000000000000e+04
1.393600000000000000e+04
1.304000000000000000e+04
1.366900000000000000e+04
1.073800000000000000e+04
1.344100000000000000e+04
1.557600000000000000e+04
4.454000000000000000e+03
1.146100000000000000e+04
6.011000000000000000e+03
6.289000000000000000e+03
7.177000000000000000e+03
8.400000000000000000e+02
4.452000000000000000e+03
1.172100000000000000e+04
1.596300000000000000e+04
9.120000000000000000e+03
2.189000000000000000e+03
5.781000000000000000e+03
1.504500000000000000e+04
2.745000000000000000e+03
9.423000000000000000e+03
1.729000000000000000e+03
1.179900000000000000e+04
6.460000000000000000e+03
1.139900000000000000e+04
1.017500000000000000e+04
1.492300000000000000e+04
1.146000000000000000e+04
1.362700000000000000e+04
1.796000000000000000e+03
1.123300000000000000e+04
1.361000000000000000e+04
9.924000000000000000e+03
5.993000000000000000e+03
1.186100000000000000e+04
5.457000000000000000e+03
1.696500000000000000e+04
4.503000000000000000e+03
1.369900000000000000e+04
9.444000000000000000e+03
1.661900000000000000e+04
1.129400000000000000e+04
7.802000000000000000e+03
1.367000000000000000e+04
5.250000000000000000e+02
1.167000000000000000e+04
1.490300000000000000e+04
1.304100000000000000e+04
1.461800000000000000e+04
1.236000000000000000e+04
3.438000000000000000e+03
1.240100000000000000e+04
1.008400000000000000e+04
1.140000000000000000e+03
1.524300000000000000e+04
1.512000000000000000e+04
1.806300000000000000e+04
1.157300000000000000e+04
1.875000000000000000e+03
6.840000000000000000e+02
1.520600000000000000e+04
1.540000000000000000e+04
1.269000000000000000e+04
1.737100000000000000e+04
2.321000000000000000e+03
9.769000000000000000e+03
1.554000000000000000e+03
5.417000000000000000e+03
6.107000000000000000e+03
6.439000000000000000e+03
2.739000000000000000e+03
1.937000000000000000e+03
1.214500000000000000e+04
4.055000000000000000e+03
5.304000000000000000e+03
1.024500000000000000e+04
6.290000000000000000e+03
1.732600000000000000e+04
7.881000000000000000e+03
1.481200000000000000e+04
8.368000000000000000e+03
1.181700000000000000e+04
1.312800000000000000e+04
1.282200000000000000e+04
1.141900000000000000e+04
9.900000000000000000e+03
1.584100000000000000e+04
9.825000000000000000e+03
1.091000000000000000e+03
5.229000000000000000e+03
5.030000000000000000e+03
1.144600000000000000e+04
1.175100000000000000e+04
1.184800000000000000e+04
7.352000000000000000e+03
7.120000000000000000e+02
1.153000000000000000e+03
1.451300000000000000e+04
1.779400000000000000e+04
1.528100000000000000e+04
1.493400000000000000e+04
1.586900000000000000e+04
1.804000000000000000e+04
1.101900000000000000e+04
3.914000000000000000e+03
7.679000000000000000e+03
1.232800000000000000e+04
1.215500000000000000e+04
1.436600000000000000e+04
1.667900000000000000e+04
3.980000000000000000e+03
3.577000000000000000e+03
2.072000000000000000e+03
1.381500000000000000e+04
1.724300000000000000e+04
1.679100000000000000e+04
4.085000000000000000e+03
1.711000000000000000e+03
5.886000000000000000e+03
6.451000000000000000e+03
2.117000000000000000e+03
1.599200000000000000e+04
4.342000000000000000e+03
1.596400000000000000e+04
9.968000000000000000e+03
1.152100000000000000e+04
1.210100000000000000e+04
1.244700000000000000e+04
1.773400000000000000e+04
6.563000000000000000e+03
6.157000000000000000e+03
1.037400000000000000e+04
1.642400000000000000e+04
9.420000000000000000e+02
8.119000000000000000e+03
4.920000000000000000e+03
1.496300000000000000e+04
1.801000000000000000e+03
4.610000000000000000e+02
1.680900000000000000e+04
2.516000000000000000e+03
1.103100000000000000e+04
9.333000000000000000e+03
1.647800000000000000e+04
1.718900000000000000e+04
1.562700000000000000e+04
1.742000000000000000e+04
3.925000000000000000e+03
3.209000000000000000e+03
1.721600000000000000e+04
9.435000000000000000e+03
1.774900000000000000e+04
1.728000000000000000e+04
1.350200000000000000e+04
1.111500000000000000e+04
1.810900000000000000e+04
1.465100000000000000e+04
1.607800000000000000e+04
6.477000000000000000e+03
4.308000000000000000e+03
3.650000000000000000e+02
3.427000000000000000e+03
1.010100000000000000e+04
1.193800000000000000e+04
5.191000000000000000e+03
7.005000000000000000e+03
1.667800000000000000e+04
1.753700000000000000e+04
5.640000000000000000e+02
9.908000000000000000e+03
2.021000000000000000e+03
3.794000000000000000e+03
1.596200000000000000e+04
1.566000000000000000e+04
1.773500000000000000e+04
1.057000000000000000e+04
1.610900000000000000e+04
1.131900000000000000e+04
1.574600000000000000e+04
2.879000000000000000e+03
8.874000000000000000e+03
7.158000000000000000e+03
1.307600000000000000e+04
8.502000000000000000e+03
1.395300000000000000e+04
8.940000000000000000e+03
6.350000000000000000e+03
1.757100000000000000e+04
1.028000000000000000e+04
4.668000000000000000e+03
2.263000000000000000e+03
1.531500000000000000e+04
6.504000000000000000e+03
6.470000000000000000e+03
5.850000000000000000e+02
5.849000000000000000e+03
1.677800000000000000e+04
1.742100000000000000e+04
6.543000000000000000e+03
2.340000000000000000e+03
6.476000000000000000e+03
1.821300000000000000e+04
1.373500000000000000e+04
3.613000000000000000e+03
2.737000000000000000e+03
1.150700000000000000e+04
1.017600000000000000e+04
6.585000000000000000e+03
5.223000000000000000e+03
3.442000000000000000e+03
1.757000000000000000e+04
1.314800000000000000e+04
3.431000000000000000e+03
1.380200000000000000e+04
1.354300000000000000e+04
5.063000000000000000e+03
9.569000000000000000e+03
1.452700000000000000e+04
5.397000000000000000e+03
4.600000000000000000e+02
1.006200000000000000e+04
2.324000000000000000e+03
1.071400000000000000e+04
1.563000000000000000e+04
3.446000000000000000e+03
1.501000000000000000e+04
1.803000000000000000e+04
1.629100000000000000e+04
1.655100000000000000e+04
1.328900000000000000e+04
2.102000000000000000e+03
9.076000000000000000e+03
8.532000000000000000e+03
7.902000000000000000e+03
1.158000000000000000e+04
7.687000000000000000e+03
7.444000000000000000e+03
5.366000000000000000e+03
1.547400000000000000e+04
1.162600000000000000e+04
1.150800000000000000e+04
9.993000000000000000e+03
1.106100000000000000e+04
1.706100000000000000e+04
1.404800000000000000e+04
1.681000000000000000e+04
1.409800000000000000e+04
1.023800000000000000e+04
1.385000000000000000e+04
1.548700000000000000e+04
1.335600000000000000e+04
9.033000000000000000e+03
1.248100000000000000e+04
1.719000000000000000e+04
1.383400000000000000e+04
1.303000000000000000e+03
3.239000000000000000e+03
8.533000000000000000e+03
3.642000000000000000e+03
1.395500000000000000e+04
