1.080000000000000000e+02
1.660000000000000000e+02
9.420000000000000000e+02
1.030000000000000000e+02
1.373000000000000000e+03
2.460000000000000000e+02
1.535000000000000000e+03
7.170000000000000000e+02
2.100000000000000000e+01
7.120000000000000000e+02
3.140000000000000000e+02
1.806000000000000000e+03
1.504000000000000000e+03
7.220000000000000000e+02
5.640000000000000000e+02
5.210000000000000000e+02
7.140000000000000000e+02
6.970000000000000000e+02
1.440000000000000000e+02
7.250000000000000000e+02
1.107000000000000000e+03
8.710000000000000000e+02
2.974000000000000000e+03
1.838000000000000000e+03
1.711000000000000000e+03
3.686000000000000000e+03
8.950000000000000000e+02
9.400000000000000000e+02
4.060000000000000000e+02
2.157000000000000000e+03
9.200000000000000000e+01
4.209000000000000000e+03
8.100000000000000000e+02
3.790000000000000000e+02
3.087000000000000000e+03
5.304000000000000000e+03
1.977000000000000000e+03
1.303000000000000000e+03
1.230000000000000000e+02
1.532000000000000000e+03
2.420000000000000000e+02
2.879000000000000000e+03
1.811000000000000000e+03
2.200000000000000000e+02
9.500000000000000000e+02
3.365000000000000000e+03
2.170000000000000000e+02
2.590000000000000000e+03
8.400000000000000000e+02
3.914000000000000000e+03
2.887000000000000000e+03
2.022000000000000000e+03
2.440000000000000000e+02
2.303000000000000000e+03
2.551000000000000000e+03
2.279000000000000000e+03
1.512000000000000000e+03
1.184000000000000000e+03
3.599000000000000000e+03
1.665000000000000000e+03
6.000000000000000000e+02
1.182000000000000000e+03
2.441000000000000000e+03
1.570000000000000000e+03
3.831000000000000000e+03
2.454000000000000000e+03
6.504000000000000000e+03
4.962000000000000000e+03
2.699000000000000000e+03
5.223000000000000000e+03
1.937000000000000000e+03
2.068000000000000000e+03
5.366000000000000000e+03
4.260000000000000000e+02
2.564000000000000000e+03
2.160000000000000000e+03
2.146000000000000000e+03
3.580000000000000000e+02
3.240000000000000000e+02
6.010000000000000000e+02
6.094000000000000000e+03
5.397000000000000000e+03
3.250000000000000000e+03
5.870000000000000000e+02
2.591000000000000000e+03
4.435000000000000000e+03
8.410000000000000000e+02
1.840000000000000000e+03
4.897000000000000000e+03
7.881000000000000000e+03
6.461000000000000000e+03
2.358000000000000000e+03
2.739000000000000000e+03
2.190000000000000000e+02
6.551000000000000000e+03
2.350000000000000000e+03
6.755000000000000000e+03
3.843000000000000000e+03
5.849000000000000000e+03
1.490000000000000000e+02
3.904000000000000000e+03
3.778000000000000000e+03
2.008000000000000000e+03
4.452000000000000000e+03
5.355000000000000000e+03
5.886000000000000000e+03
4.029000000000000000e+03
5.017000000000000000e+03
7.177000000000000000e+03
8.580000000000000000e+02
4.554000000000000000e+03
7.920000000000000000e+03
6.011000000000000000e+03
7.802000000000000000e+03
6.563000000000000000e+03
3.409000000000000000e+03
3.650000000000000000e+02
3.040000000000000000e+02
3.093000000000000000e+03
9.120000000000000000e+03
7.352000000000000000e+03
7.159000000000000000e+03
3.390000000000000000e+03
4.802000000000000000e+03
4.546000000000000000e+03
8.827000000000000000e+03
8.292000000000000000e+03
1.397000000000000000e+03
2.051000000000000000e+03
1.153000000000000000e+03
4.820000000000000000e+02
5.417000000000000000e+03
5.400000000000000000e+03
4.377000000000000000e+03
1.140000000000000000e+03
5.850000000000000000e+02
1.729000000000000000e+03
3.613000000000000000e+03
5.132000000000000000e+03
2.506000000000000000e+03
1.057700000000000000e+04
5.550000000000000000e+02
4.454000000000000000e+03
5.885000000000000000e+03
3.170000000000000000e+03
5.471000000000000000e+03
3.487000000000000000e+03
4.920000000000000000e+02
7.949000000000000000e+03
4.342000000000000000e+03
5.173000000000000000e+03
2.586000000000000000e+03
5.993000000000000000e+03
5.653000000000000000e+03
4.600000000000000000e+02
6.734000000000000000e+03
4.020000000000000000e+02
3.315000000000000000e+03
7.373000000000000000e+03
4.503000000000000000e+03
8.368000000000000000e+03
7.158000000000000000e+03
6.439000000000000000e+03
5.781000000000000000e+03
2.347000000000000000e+03
4.581000000000000000e+03
3.604000000000000000e+03
2.340000000000000000e+02
6.667000000000000000e+03
7.468000000000000000e+03
3.382000000000000000e+03
9.602000000000000000e+03
6.477000000000000000e+03
1.474000000000000000e+03
6.350000000000000000e+03
9.873000000000000000e+03
5.409000000000000000e+03
4.308000000000000000e+03
3.077000000000000000e+03
6.460000000000000000e+03
4.920000000000000000e+03
3.408000000000000000e+03
4.085000000000000000e+03
6.720000000000000000e+02
1.910000000000000000e+02
1.028000000000000000e+04
7.444000000000000000e+03
5.745000000000000000e+03
2.102000000000000000e+03
8.860000000000000000e+03
1.314800000000000000e+04
2.421000000000000000e+03
3.198000000000000000e+03
7.875000000000000000e+03
3.113000000000000000e+03
1.875000000000000000e+03
3.980000000000000000e+03
2.218000000000000000e+03
8.940000000000000000e+03
1.008400000000000000e+04
6.954000000000000000e+03
1.051200000000000000e+04
9.800000000000000000e+01
9.039000000000000000e+03
1.940000000000000000e+03
6.253000000000000000e+03
1.722000000000000000e+03
2.072000000000000000e+03
6.585000000000000000e+03
9.423000000000000000e+03
4.253000000000000000e+03
6.038000000000000000e+03
5.749000000000000000e+03
2.610000000000000000e+03
8.477000000000000000e+03
6.575000000000000000e+03
6.880000000000000000e+02
8.399000000000000000e+03
1.006200000000000000e+04
6.660000000000000000e+03
4.483000000000000000e+03
4.610000000000000000e+02
9.825000000000000000e+03
5.834000000000000000e+03
9.444000000000000000e+03
2.099000000000000000e+03
2.435000000000000000e+03
8.119000000000000000e+03
8.350000000000000000e+03
1.409000000000000000e+03
6.220000000000000000e+03
2.282000000000000000e+03
9.195000000000000000e+03
1.197000000000000000e+03
1.416000000000000000e+03
1.131900000000000000e+04
8.230000000000000000e+03
5.316000000000000000e+03
4.526000000000000000e+03
8.874000000000000000e+03
5.648000000000000000e+03
3.258000000000000000e+03
8.136000000000000000e+03
2.745000000000000000e+03
2.639000000000000000e+03
7.445000000000000000e+03
3.239000000000000000e+03
4.396000000000000000e+03
5.315000000000000000e+03
8.207000000000000000e+03
1.799000000000000000e+03
9.502000000000000000e+03
1.077900000000000000e+04
1.767000000000000000e+03
9.801000000000000000e+03
7.058000000000000000e+03
6.675000000000000000e+03
8.533000000000000000e+03
1.043200000000000000e+04
9.436000000000000000e+03
8.382000000000000000e+03
1.056100000000000000e+04
8.873000000000000000e+03
9.968000000000000000e+03
8.682000000000000000e+03
1.451000000000000000e+03
4.055000000000000000e+03
5.772000000000000000e+03
1.383400000000000000e+04
1.215500000000000000e+04
9.816000000000000000e+03
1.269000000000000000e+04
1.771000000000000000e+03
4.590000000000000000e+03
1.282200000000000000e+04
7.521000000000000000e+03
1.071400000000000000e+04
6.423000000000000000e+03
1.129400000000000000e+04
7.553000000000000000e+03
1.520000000000000000e+03
3.299000000000000000e+03
2.939000000000000000e+03
5.089000000000000000e+03
2.324000000000000000e+03
1.922000000000000000e+03
1.245000000000000000e+03
1.181700000000000000e+04
1.067800000000000000e+04
1.479700000000000000e+04
1.307600000000000000e+04
8.210000000000000000e+02
2.451000000000000000e+03
1.088700000000000000e+04
9.908000000000000000e+03
1.244000000000000000e+03
8.711000000000000000e+03
5.165000000000000000e+03
7.433000000000000000e+03
1.094100000000000000e+04
1.562800000000000000e+04
7.749000000000000000e+03
8.298000000000000000e+03
1.260600000000000000e+04
1.236000000000000000e+04
1.328900000000000000e+04
2.615000000000000000e+03
1.409800000000000000e+04
2.434000000000000000e+03
9.656000000000000000e+03
1.108300000000000000e+04
9.157000000000000000e+03
5.907000000000000000e+03
1.175000000000000000e+04
1.389200000000000000e+04
1.404800000000000000e+04
1.312800000000000000e+04
1.683000000000000000e+03
1.436600000000000000e+04
7.427000000000000000e+03
6.733000000000000000e+03
7.919000000000000000e+03
1.373500000000000000e+04
1.674400000000000000e+04
7.280000000000000000e+03
3.068000000000000000e+03
8.602000000000000000e+03
9.769000000000000000e+03
1.239100000000000000e+04
9.076000000000000000e+03
1.461800000000000000e+04
1.307400000000000000e+04
4.096000000000000000e+03
1.188600000000000000e+04
1.732000000000000000e+03
6.290000000000000000e+03
1.681000000000000000e+04
9.128000000000000000e+03
1.153400000000000000e+04
8.627000000000000000e+03
5.274000000000000000e+03
1.485600000000000000e+04
1.493400000000000000e+04
1.096900000000000000e+04
9.292000000000000000e+03
8.390000000000000000e+03
1.060000000000000000e+02
1.629100000000000000e+04
2.544000000000000000e+03
5.975000000000000000e+03
2.572000000000000000e+03
1.164900000000000000e+04
1.156400000000000000e+04
9.770000000000000000e+02
1.172100000000000000e+04
1.067900000000000000e+04
4.864000000000000000e+03
1.719000000000000000e+04
1.607800000000000000e+04
6.037000000000000000e+03
1.144600000000000000e+04
1.596400000000000000e+04
1.157400000000000000e+04
7.969000000000000000e+03
2.589000000000000000e+03
5.501000000000000000e+03
1.239000000000000000e+04
3.987000000000000000e+03
1.882000000000000000e+03
7.006000000000000000e+03
2.770000000000000000e+03
1.033200000000000000e+04
1.655100000000000000e+04
7.474000000000000000e+03
1.411800000000000000e+04
1.377800000000000000e+04
3.343000000000000000e+03
6.659000000000000000e+03
2.394000000000000000e+03
1.366900000000000000e+04
1.509000000000000000e+03
5.654000000000000000e+03
1.753800000000000000e+04
1.296700000000000000e+04
1.133100000000000000e+04
1.350200000000000000e+04
8.381000000000000000e+03
1.344100000000000000e+04
6.470000000000000000e+02
4.297000000000000000e+03
1.586900000000000000e+04
1.357700000000000000e+04
8.113000000000000000e+03
1.240100000000000000e+04
1.574600000000000000e+04
1.502200000000000000e+04
3.340000000000000000e+03
1.167000000000000000e+04
1.562700000000000000e+04
1.308900000000000000e+04
1.731100000000000000e+04
1.173100000000000000e+04
3.847000000000000000e+03
3.642000000000000000e+03
1.465100000000000000e+04
2.530000000000000000e+02
1.255000000000000000e+03
9.183000000000000000e+03
7.988000000000000000e+03
6.297000000000000000e+03
1.179900000000000000e+04
1.175100000000000000e+04
1.528100000000000000e+04
1.393900000000000000e+04
1.380300000000000000e+04
1.809600000000000000e+04
1.558900000000000000e+04
1.309000000000000000e+04
8.583000000000000000e+03
1.696700000000000000e+04
2.405000000000000000e+03
1.623800000000000000e+04
4.827000000000000000e+03
1.576000000000000000e+03
1.490300000000000000e+04
1.139900000000000000e+04
8.015000000000000000e+03
1.210200000000000000e+04
1.561500000000000000e+04
1.023800000000000000e+04
1.111500000000000000e+04
8.674000000000000000e+03
1.642400000000000000e+04
1.599200000000000000e+04
4.182000000000000000e+03
3.571000000000000000e+03
1.367000000000000000e+04
1.728000000000000000e+04
1.680900000000000000e+04
1.794100000000000000e+04
1.018400000000000000e+04
1.677800000000000000e+04
1.210100000000000000e+04
9.924000000000000000e+03
1.679100000000000000e+04
2.480000000000000000e+02
8.999000000000000000e+03
1.757100000000000000e+04
1.178700000000000000e+04
1.366300000000000000e+04
1.230800000000000000e+04
1.008500000000000000e+04
1.073900000000000000e+04
3.823000000000000000e+03
3.588000000000000000e+03
2.083000000000000000e+03
3.033000000000000000e+03
1.301600000000000000e+04
1.742100000000000000e+04
9.582000000000000000e+03
1.015800000000000000e+04
3.297000000000000000e+03
1.667900000000000000e+04
1.393500000000000000e+04
3.822000000000000000e+03
7.570000000000000000e+03
1.361000000000000000e+04
1.520600000000000000e+04
1.178600000000000000e+04
1.336700000000000000e+04
9.343000000000000000e+03
6.438000000000000000e+03
6.903000000000000000e+03
3.624000000000000000e+03
1.742000000000000000e+04
1.753700000000000000e+04
1.288800000000000000e+04
1.524300000000000000e+04
1.026200000000000000e+04
4.600000000000000000e+01
2.720000000000000000e+02
1.366000000000000000e+03
1.584100000000000000e+04
5.629000000000000000e+03
1.796700000000000000e+04
7.212000000000000000e+03
1.335700000000000000e+04
1.017500000000000000e+04
1.041600000000000000e+04
1.676100000000000000e+04
1.724400000000000000e+04
1.706200000000000000e+04
1.557600000000000000e+04
7.660000000000000000e+02
1.272300000000000000e+04
3.456000000000000000e+03
6.289000000000000000e+03
5.990000000000000000e+03
1.423200000000000000e+04
1.097700000000000000e+04
1.541800000000000000e+04
1.043300000000000000e+04
1.419800000000000000e+04
1.277000000000000000e+03
1.493000000000000000e+03
4.261000000000000000e+03
8.561000000000000000e+03
6.291000000000000000e+03
1.504500000000000000e+04
1.071300000000000000e+04
2.832000000000000000e+03
1.502300000000000000e+04
4.806000000000000000e+03
9.994000000000000000e+03
1.010100000000000000e+04
7.157000000000000000e+03
1.027900000000000000e+04
1.492300000000000000e+04
1.803000000000000000e+04
1.241900000000000000e+04
8.180000000000000000e+03
9.959000000000000000e+03
9.871000000000000000e+03
5.427000000000000000e+03
8.340000000000000000e+03
1.304100000000000000e+04
1.029700000000000000e+04
1.150900000000000000e+04
1.220800000000000000e+04
1.721700000000000000e+04
8.284000000000000000e+03
1.115000000000000000e+03
6.652000000000000000e+03
9.805000000000000000e+03
3.349000000000000000e+03
1.420000000000000000e+04
8.884000000000000000e+03
1.004100000000000000e+04
4.126000000000000000e+03
3.358000000000000000e+03
1.790500000000000000e+04
