1.080000000000000000e+02
1.660000000000000000e+02
9.200000000000000000e+01
9.420000000000000000e+02
3.140000000000000000e+02
5.640000000000000000e+02
2.974000000000000000e+03
7.120000000000000000e+02
1.030000000000000000e+02
1.303000000000000000e+03
2.460000000000000000e+02
4.060000000000000000e+02
7.170000000000000000e+02
8.710000000000000000e+02
8.400000000000000000e+02
2.279000000000000000e+03
3.650000000000000000e+02
1.373000000000000000e+03
1.107000000000000000e+03
5.210000000000000000e+02
2.435000000000000000e+03
7.140000000000000000e+02
1.440000000000000000e+02
1.197000000000000000e+03
7.250000000000000000e+02
6.010000000000000000e+02
1.711000000000000000e+03
1.184000000000000000e+03
2.879000000000000000e+03
1.397000000000000000e+03
1.532000000000000000e+03
1.512000000000000000e+03
1.504000000000000000e+03
2.551000000000000000e+03
1.840000000000000000e+03
1.230000000000000000e+02
1.806000000000000000e+03
3.087000000000000000e+03
6.970000000000000000e+02
1.940000000000000000e+03
1.937000000000000000e+03
2.200000000000000000e+02
2.072000000000000000e+03
4.085000000000000000e+03
2.699000000000000000e+03
2.051000000000000000e+03
2.022000000000000000e+03
8.100000000000000000e+02
1.140000000000000000e+03
9.400000000000000000e+02
3.613000000000000000e+03
5.850000000000000000e+02
2.739000000000000000e+03
4.802000000000000000e+03
1.729000000000000000e+03
2.420000000000000000e+02
8.950000000000000000e+02
4.581000000000000000e+03
3.239000000000000000e+03
1.153000000000000000e+03
2.218000000000000000e+03
5.849000000000000000e+03
2.157000000000000000e+03
1.060000000000000000e+02
3.077000000000000000e+03
3.914000000000000000e+03
2.564000000000000000e+03
4.253000000000000000e+03
6.585000000000000000e+03
3.778000000000000000e+03
2.639000000000000000e+03
1.535000000000000000e+03
5.223000000000000000e+03
5.749000000000000000e+03
4.820000000000000000e+02
3.686000000000000000e+03
1.811000000000000000e+03
3.093000000000000000e+03
4.029000000000000000e+03
1.922000000000000000e+03
4.096000000000000000e+03
2.102000000000000000e+03
2.146000000000000000e+03
7.220000000000000000e+02
4.454000000000000000e+03
2.340000000000000000e+02
3.980000000000000000e+03
4.377000000000000000e+03
2.590000000000000000e+03
4.546000000000000000e+03
5.173000000000000000e+03
4.503000000000000000e+03
6.000000000000000000e+02
1.245000000000000000e+03
1.875000000000000000e+03
1.409000000000000000e+03
9.770000000000000000e+02
4.308000000000000000e+03
5.397000000000000000e+03
5.417000000000000000e+03
1.732000000000000000e+03
2.440000000000000000e+02
3.790000000000000000e+02
2.347000000000000000e+03
2.190000000000000000e+02
3.258000000000000000e+03
2.303000000000000000e+03
6.477000000000000000e+03
5.304000000000000000e+03
2.530000000000000000e+02
4.897000000000000000e+03
3.382000000000000000e+03
5.648000000000000000e+03
2.068000000000000000e+03
5.653000000000000000e+03
6.290000000000000000e+03
5.629000000000000000e+03
4.342000000000000000e+03
3.349000000000000000e+03
3.847000000000000000e+03
5.886000000000000000e+03
3.599000000000000000e+03
8.410000000000000000e+02
7.988000000000000000e+03
1.570000000000000000e+03
6.011000000000000000e+03
8.298000000000000000e+03
5.165000000000000000e+03
1.008500000000000000e+04
6.350000000000000000e+03
6.297000000000000000e+03
8.382000000000000000e+03
7.158000000000000000e+03
9.076000000000000000e+03
4.590000000000000000e+03
3.390000000000000000e+03
5.993000000000000000e+03
4.396000000000000000e+03
6.461000000000000000e+03
4.435000000000000000e+03
5.781000000000000000e+03
9.873000000000000000e+03
1.771000000000000000e+03
7.749000000000000000e+03
6.923000000000000000e+03
8.533000000000000000e+03
9.500000000000000000e+02
4.600000000000000000e+02
5.400000000000000000e+03
1.178700000000000000e+04
1.407000000000000000e+03
2.441000000000000000e+03
2.720000000000000000e+02
1.665000000000000000e+03
4.600000000000000000e+01
8.292000000000000000e+03
4.920000000000000000e+03
1.115000000000000000e+03
6.504000000000000000e+03
8.711000000000000000e+03
5.975000000000000000e+03
2.615000000000000000e+03
7.352000000000000000e+03
4.209000000000000000e+03
4.827000000000000000e+03
1.520000000000000000e+03
1.838000000000000000e+03
4.182000000000000000e+03
9.816000000000000000e+03
5.366000000000000000e+03
8.207000000000000000e+03
8.119000000000000000e+03
1.255000000000000000e+03
6.551000000000000000e+03
1.051200000000000000e+04
3.040000000000000000e+02
4.452000000000000000e+03
2.887000000000000000e+03
2.572000000000000000e+03
3.343000000000000000e+03
8.874000000000000000e+03
3.642000000000000000e+03
4.020000000000000000e+02
2.695000000000000000e+03
3.170000000000000000e+03
4.260000000000000000e+02
5.654000000000000000e+03
6.563000000000000000e+03
3.250000000000000000e+03
2.454000000000000000e+03
7.444000000000000000e+03
2.544000000000000000e+03
3.240000000000000000e+02
7.373000000000000000e+03
8.180000000000000000e+03
7.881000000000000000e+03
6.460000000000000000e+03
8.940000000000000000e+03
9.801000000000000000e+03
6.094000000000000000e+03
1.041600000000000000e+04
1.173100000000000000e+04
1.150900000000000000e+04
5.550000000000000000e+02
3.409000000000000000e+03
2.336000000000000000e+03
2.324000000000000000e+03
9.423000000000000000e+03
1.230800000000000000e+04
1.296700000000000000e+04
8.368000000000000000e+03
1.272300000000000000e+04
2.350000000000000000e+03
3.904000000000000000e+03
1.077900000000000000e+04
9.871000000000000000e+03
7.427000000000000000e+03
4.806000000000000000e+03
1.071400000000000000e+04
8.210000000000000000e+02
3.487000000000000000e+03
1.175100000000000000e+04
4.962000000000000000e+03
1.047300000000000000e+04
1.144600000000000000e+04
4.554000000000000000e+03
7.280000000000000000e+03
3.358000000000000000e+03
2.745000000000000000e+03
1.028000000000000000e+04
7.445000000000000000e+03
2.770000000000000000e+03
6.470000000000000000e+02
4.055000000000000000e+03
7.159000000000000000e+03
1.182000000000000000e+03
7.949000000000000000e+03
6.903000000000000000e+03
1.799000000000000000e+03
7.802000000000000000e+03
1.006200000000000000e+04
4.126000000000000000e+03
3.088000000000000000e+03
3.785000000000000000e+03
5.450000000000000000e+02
2.506000000000000000e+03
5.870000000000000000e+02
9.195000000000000000e+03
9.825000000000000000e+03
6.733000000000000000e+03
9.444000000000000000e+03
3.791000000000000000e+03
5.224000000000000000e+03
1.108300000000000000e+04
8.350000000000000000e+03
6.598000000000000000e+03
4.297000000000000000e+03
1.411800000000000000e+04
1.281500000000000000e+04
1.045500000000000000e+04
3.408000000000000000e+03
1.328900000000000000e+04
5.885000000000000000e+03
1.188600000000000000e+04
3.299000000000000000e+03
5.017000000000000000e+03
1.244000000000000000e+03
1.181700000000000000e+04
1.576000000000000000e+03
1.357700000000000000e+04
4.483000000000000000e+03
1.085000000000000000e+04
2.170000000000000000e+02
2.421000000000000000e+03
9.908000000000000000e+03
4.610000000000000000e+02
7.177000000000000000e+03
1.057700000000000000e+04
5.772000000000000000e+03
6.950000000000000000e+02
1.380300000000000000e+04
9.968000000000000000e+03
1.474000000000000000e+03
1.008400000000000000e+04
1.026200000000000000e+04
8.230000000000000000e+03
1.241900000000000000e+04
1.551200000000000000e+04
1.485600000000000000e+04
3.831000000000000000e+03
6.667000000000000000e+03
1.131900000000000000e+04
2.832000000000000000e+03
1.419800000000000000e+04
8.477000000000000000e+03
2.358000000000000000e+03
6.439000000000000000e+03
2.160000000000000000e+03
6.675000000000000000e+03
7.920000000000000000e+03
6.720000000000000000e+02
9.769000000000000000e+03
1.502200000000000000e+04
5.355000000000000000e+03
2.610000000000000000e+03
9.128000000000000000e+03
8.860000000000000000e+03
1.562800000000000000e+04
1.541800000000000000e+04
6.077000000000000000e+03
1.350200000000000000e+04
1.239100000000000000e+04
8.682000000000000000e+03
1.043300000000000000e+04
1.810000000000000000e+03
2.586000000000000000e+03
7.212000000000000000e+03
5.907000000000000000e+03
2.008000000000000000e+03
1.133100000000000000e+04
1.307600000000000000e+04
3.456000000000000000e+03
1.676100000000000000e+04
1.642500000000000000e+04
9.436000000000000000e+03
1.307400000000000000e+04
6.438000000000000000e+03
1.451000000000000000e+03
8.561000000000000000e+03
1.377800000000000000e+04
1.335700000000000000e+04
1.066800000000000000e+04
1.129400000000000000e+04
1.404800000000000000e+04
9.959000000000000000e+03
8.620000000000000000e+03
1.140000000000000000e+04
1.467000000000000000e+03
3.624000000000000000e+03
7.468000000000000000e+03
1.373500000000000000e+04
1.558900000000000000e+04
1.152200000000000000e+04
5.834000000000000000e+03
1.561500000000000000e+04
1.625200000000000000e+04
3.365000000000000000e+03
9.817000000000000000e+03
1.157400000000000000e+04
1.747700000000000000e+04
7.542000000000000000e+03
9.451000000000000000e+03
1.309000000000000000e+04
8.583000000000000000e+03
1.056100000000000000e+04
1.215500000000000000e+04
8.827000000000000000e+03
1.071300000000000000e+04
6.955000000000000000e+03
1.073900000000000000e+04
3.414000000000000000e+03
1.097800000000000000e+04
3.198000000000000000e+03
3.113000000000000000e+03
2.800000000000000000e+02
1.023800000000000000e+04
1.685800000000000000e+04
9.582000000000000000e+03
1.465100000000000000e+04
3.033000000000000000e+03
1.563000000000000000e+04
1.722000000000000000e+03
7.426000000000000000e+03
1.409800000000000000e+04
1.502300000000000000e+04
9.292000000000000000e+03
9.738000000000000000e+03
1.179900000000000000e+04
1.312800000000000000e+04
4.920000000000000000e+02
1.389200000000000000e+04
1.067900000000000000e+04
6.253000000000000000e+03
5.409000000000000000e+03
1.479700000000000000e+04
1.220800000000000000e+04
1.724400000000000000e+04
1.623800000000000000e+04
9.994000000000000000e+03
5.004000000000000000e+03
3.604000000000000000e+03
3.987000000000000000e+03
9.039000000000000000e+03
8.136000000000000000e+03
1.562700000000000000e+04
5.471000000000000000e+03
7.660000000000000000e+02
1.322800000000000000e+04
6.652000000000000000e+03
6.755000000000000000e+03
1.354500000000000000e+04
5.733000000000000000e+03
1.548500000000000000e+04
1.074000000000000000e+04
6.575000000000000000e+03
1.383400000000000000e+04
8.284000000000000000e+03
1.706200000000000000e+04
1.393900000000000000e+04
2.591000000000000000e+03
1.074800000000000000e+04
1.696700000000000000e+04
1.366300000000000000e+04
5.610000000000000000e+03
1.077100000000000000e+04
1.060400000000000000e+04
4.428000000000000000e+03
1.574600000000000000e+04
1.721700000000000000e+04
1.564100000000000000e+04
3.068000000000000000e+03
3.580000000000000000e+02
2.100000000000000000e+01
7.553000000000000000e+03
1.067800000000000000e+04
1.803100000000000000e+04
1.496300000000000000e+04
6.660000000000000000e+03
6.038000000000000000e+03
1.528100000000000000e+04
1.282300000000000000e+04
1.452800000000000000e+04
1.977000000000000000e+03
7.875000000000000000e+03
9.120000000000000000e+03
1.009200000000000000e+04
9.872000000000000000e+03
8.828000000000000000e+03
3.215000000000000000e+03
3.136000000000000000e+03
8.071000000000000000e+03
9.157000000000000000e+03
1.384800000000000000e+04
7.638000000000000000e+03
8.602000000000000000e+03
6.954000000000000000e+03
1.796700000000000000e+04
1.717400000000000000e+04
2.120000000000000000e+02
6.060000000000000000e+02
1.010100000000000000e+04
1.436600000000000000e+04
1.655100000000000000e+04
1.794100000000000000e+04
1.307500000000000000e+04
1.809700000000000000e+04
3.310000000000000000e+02
1.346300000000000000e+04
2.900000000000000000e+02
8.801000000000000000e+03
1.809800000000000000e+04
1.688900000000000000e+04
7.058000000000000000e+03
1.599400000000000000e+04
2.810000000000000000e+03
8.381000000000000000e+03
1.210100000000000000e+04
1.033200000000000000e+04
6.423000000000000000e+03
8.627000000000000000e+03
1.799000000000000000e+04
1.767800000000000000e+04
1.586500000000000000e+04
1.742100000000000000e+04
8.674000000000000000e+03
1.493400000000000000e+04
6.734000000000000000e+03
1.474400000000000000e+04
2.254000000000000000e+03
1.978000000000000000e+03
3.590000000000000000e+02
5.089000000000000000e+03
5.745000000000000000e+03
1.677800000000000000e+04
2.480000000000000000e+02
1.011000000000000000e+04
2.582000000000000000e+03
1.118800000000000000e+04
9.334000000000000000e+03
6.220000000000000000e+03
1.172100000000000000e+04
1.366900000000000000e+04
9.394000000000000000e+03
4.183000000000000000e+03
5.843000000000000000e+03
8.500000000000000000e+01
5.132000000000000000e+03
1.236000000000000000e+04
8.113000000000000000e+03
1.607800000000000000e+04
1.284300000000000000e+04
1.338800000000000000e+04
1.644400000000000000e+04
5.315000000000000000e+03
1.490300000000000000e+04
9.502000000000000000e+03
8.399000000000000000e+03
1.599200000000000000e+04
4.240000000000000000e+02
1.476500000000000000e+04
7.592000000000000000e+03
2.939000000000000000e+03
1.175000000000000000e+04
4.864000000000000000e+03
1.674400000000000000e+04
1.318800000000000000e+04
1.312900000000000000e+04
1.614000000000000000e+04
4.759000000000000000e+03
1.742900000000000000e+04
1.790500000000000000e+04
4.534000000000000000e+03
1.767000000000000000e+03
1.024500000000000000e+04
3.340000000000000000e+03
1.239000000000000000e+04
1.520600000000000000e+04
1.757100000000000000e+04
1.809600000000000000e+04
1.606700000000000000e+04
1.432100000000000000e+04
1.649400000000000000e+04
8.692000000000000000e+03
4.934000000000000000e+03
4.526000000000000000e+03
8.873000000000000000e+03
9.924000000000000000e+03
1.667900000000000000e+04
2.646000000000000000e+03
9.095000000000000000e+03
3.689000000000000000e+03
1.226500000000000000e+04
1.470000000000000000e+04
2.030000000000000000e+02
1.215600000000000000e+04
3.155000000000000000e+03
1.586900000000000000e+04
