3.650000000000000000e+02
4.600000000000000000e+01
2.530000000000000000e+02
2.720000000000000000e+02
9.200000000000000000e+01
1.115000000000000000e+03
3.140000000000000000e+02
1.397000000000000000e+03
6.010000000000000000e+02
7.120000000000000000e+02
6.830000000000000000e+02
1.660000000000000000e+02
5.640000000000000000e+02
2.695000000000000000e+03
1.440000000000000000e+02
1.810000000000000000e+03
1.060000000000000000e+02
8.500000000000000000e+01
3.136000000000000000e+03
1.520000000000000000e+03
2.102000000000000000e+03
1.153000000000000000e+03
1.197000000000000000e+03
2.480000000000000000e+02
2.435000000000000000e+03
1.140000000000000000e+03
1.255000000000000000e+03
2.800000000000000000e+02
4.126000000000000000e+03
1.940000000000000000e+03
8.400000000000000000e+02
2.460000000000000000e+02
1.080000000000000000e+02
4.060000000000000000e+02
1.184000000000000000e+03
3.033000000000000000e+03
3.358000000000000000e+03
2.200000000000000000e+02
2.615000000000000000e+03
2.030000000000000000e+02
2.336000000000000000e+03
4.240000000000000000e+02
1.875000000000000000e+03
1.303000000000000000e+03
4.806000000000000000e+03
9.500000000000000000e+01
3.785000000000000000e+03
2.218000000000000000e+03
3.088000000000000000e+03
2.572000000000000000e+03
2.347000000000000000e+03
2.072000000000000000e+03
3.343000000000000000e+03
3.791000000000000000e+03
4.096000000000000000e+03
3.310000000000000000e+02
1.729000000000000000e+03
5.224000000000000000e+03
1.409000000000000000e+03
9.770000000000000000e+02
2.739000000000000000e+03
4.590000000000000000e+03
4.297000000000000000e+03
1.512000000000000000e+03
5.733000000000000000e+03
6.000000000000000000e+02
3.349000000000000000e+03
2.051000000000000000e+03
3.642000000000000000e+03
5.850000000000000000e+02
3.382000000000000000e+03
4.918000000000000000e+03
1.771000000000000000e+03
1.407000000000000000e+03
2.279000000000000000e+03
1.711000000000000000e+03
6.923000000000000000e+03
4.253000000000000000e+03
3.258000000000000000e+03
1.732000000000000000e+03
6.060000000000000000e+02
4.308000000000000000e+03
1.020200000000000000e+04
2.770000000000000000e+03
2.639000000000000000e+03
7.660000000000000000e+02
6.955000000000000000e+03
2.120000000000000000e+02
3.847000000000000000e+03
3.077000000000000000e+03
3.195000000000000000e+03
5.975000000000000000e+03
4.827000000000000000e+03
8.210000000000000000e+02
1.230000000000000000e+02
2.832000000000000000e+03
8.710000000000000000e+02
3.240000000000000000e+02
4.182000000000000000e+03
5.654000000000000000e+03
1.922000000000000000e+03
3.215000000000000000e+03
3.239000000000000000e+03
7.250000000000000000e+02
5.450000000000000000e+02
5.782000000000000000e+03
1.937000000000000000e+03
2.254000000000000000e+03
1.811000000000000000e+03
6.077000000000000000e+03
7.800000000000000000e+02
1.107000000000000000e+03
6.623000000000000000e+03
6.903000000000000000e+03
3.700000000000000000e+02
1.576000000000000000e+03
4.820000000000000000e+02
2.190000000000000000e+02
8.620000000000000000e+03
7.426000000000000000e+03
7.638000000000000000e+03
7.280000000000000000e+03
1.840000000000000000e+03
4.759000000000000000e+03
5.004000000000000000e+03
3.093000000000000000e+03
6.970000000000000000e+02
4.503000000000000000e+03
4.183000000000000000e+03
3.692000000000000000e+03
5.702000000000000000e+03
1.532000000000000000e+03
6.297000000000000000e+03
2.544000000000000000e+03
3.689000000000000000e+03
4.600000000000000000e+02
6.950000000000000000e+02
4.396000000000000000e+03
2.022000000000000000e+03
7.212000000000000000e+03
2.420000000000000000e+02
3.456000000000000000e+03
1.504000000000000000e+03
7.663000000000000000e+03
3.287000000000000000e+03
2.745000000000000000e+03
7.592000000000000000e+03
3.613000000000000000e+03
5.440000000000000000e+02
9.805000000000000000e+03
3.980000000000000000e+03
8.828000000000000000e+03
8.128000000000000000e+03
3.987000000000000000e+03
7.170000000000000000e+02
6.470000000000000000e+02
6.598000000000000000e+03
9.300000000000000000e+01
4.581000000000000000e+03
3.590000000000000000e+02
7.220000000000000000e+02
7.542000000000000000e+03
4.290000000000000000e+03
1.030000000000000000e+02
1.011000000000000000e+04
5.173000000000000000e+03
7.427000000000000000e+03
3.517000000000000000e+03
4.428000000000000000e+03
3.198000000000000000e+03
5.629000000000000000e+03
9.872000000000000000e+03
9.451000000000000000e+03
9.410000000000000000e+02
4.860000000000000000e+02
6.513000000000000000e+03
1.467000000000000000e+03
7.926000000000000000e+03
5.843000000000000000e+03
5.009000000000000000e+03
2.340000000000000000e+02
1.153500000000000000e+04
9.817000000000000000e+03
1.118800000000000000e+04
1.404000000000000000e+03
1.060400000000000000e+04
3.834000000000000000e+03
5.648000000000000000e+03
8.071000000000000000e+03
8.284000000000000000e+03
1.097800000000000000e+04
2.324000000000000000e+03
5.165000000000000000e+03
5.772000000000000000e+03
4.085000000000000000e+03
9.738000000000000000e+03
2.810000000000000000e+03
5.610000000000000000e+03
4.342000000000000000e+03
1.071300000000000000e+04
1.134100000000000000e+04
6.652000000000000000e+03
4.934000000000000000e+03
1.045500000000000000e+04
1.026200000000000000e+04
4.145000000000000000e+03
8.180000000000000000e+03
1.066800000000000000e+04
9.420000000000000000e+02
2.303000000000000000e+03
2.646000000000000000e+03
1.140000000000000000e+04
6.350000000000000000e+03
4.454000000000000000e+03
1.077100000000000000e+04
1.204100000000000000e+04
4.640000000000000000e+03
1.220800000000000000e+04
5.346000000000000000e+03
1.074000000000000000e+04
6.290000000000000000e+03
1.245000000000000000e+03
9.129000000000000000e+03
2.879000000000000000e+03
2.900000000000000000e+02
3.624000000000000000e+03
1.073900000000000000e+04
3.414000000000000000e+03
5.835000000000000000e+03
6.471000000000000000e+03
3.914000000000000000e+03
9.871000000000000000e+03
2.731000000000000000e+03
2.582000000000000000e+03
1.346300000000000000e+04
5.781000000000000000e+03
1.085000000000000000e+04
1.074800000000000000e+04
5.907000000000000000e+03
9.400000000000000000e+02
7.749000000000000000e+03
1.047300000000000000e+04
1.312900000000000000e+04
8.382000000000000000e+03
1.451000000000000000e+03
1.152200000000000000e+04
3.155000000000000000e+03
4.020000000000000000e+02
4.029000000000000000e+03
9.095000000000000000e+03
1.043300000000000000e+04
1.594000000000000000e+03
8.500000000000000000e+02
3.299000000000000000e+03
4.495000000000000000e+03
1.322900000000000000e+04
3.374000000000000000e+03
3.010000000000000000e+03
9.864000000000000000e+03
3.920000000000000000e+03
1.474400000000000000e+04
1.284300000000000000e+04
5.210000000000000000e+02
3.390000000000000000e+03
8.207000000000000000e+03
2.699000000000000000e+03
1.041600000000000000e+04
5.749000000000000000e+03
9.959000000000000000e+03
1.009200000000000000e+04
1.432100000000000000e+04
8.692000000000000000e+03
1.476500000000000000e+04
1.469900000000000000e+04
1.387300000000000000e+04
8.583000000000000000e+03
8.298000000000000000e+03
1.282300000000000000e+04
1.373000000000000000e+03
9.559000000000000000e+03
1.507800000000000000e+04
1.023800000000000000e+04
9.994000000000000000e+03
1.067900000000000000e+04
5.860000000000000000e+02
7.444000000000000000e+03
1.373600000000000000e+04
1.771100000000000000e+04
1.619300000000000000e+04
7.373000000000000000e+03
6.477000000000000000e+03
1.338800000000000000e+04
1.522900000000000000e+04
3.302000000000000000e+03
1.246400000000000000e+04
4.634000000000000000e+03
1.150900000000000000e+04
1.468000000000000000e+03
1.220900000000000000e+04
1.614000000000000000e+04
5.993000000000000000e+03
1.307700000000000000e+04
2.610000000000000000e+03
1.244000000000000000e+03
1.180800000000000000e+04
1.483700000000000000e+04
7.869000000000000000e+03
8.712000000000000000e+03
3.798000000000000000e+03
1.384800000000000000e+04
1.133100000000000000e+04
2.551000000000000000e+03
3.204000000000000000e+03
5.223000000000000000e+03
8.711000000000000000e+03
1.055000000000000000e+04
6.938000000000000000e+03
1.366300000000000000e+04
1.318800000000000000e+04
1.074100000000000000e+04
4.534000000000000000e+03
4.546000000000000000e+03
1.447200000000000000e+04
2.693000000000000000e+03
1.253500000000000000e+04
9.292000000000000000e+03
1.226500000000000000e+04
7.750000000000000000e+03
3.518000000000000000e+03
1.146000000000000000e+03
1.241900000000000000e+04
1.354500000000000000e+04
9.394000000000000000e+03
1.335700000000000000e+04
8.560000000000000000e+02
1.307500000000000000e+04
6.544000000000000000e+03
5.400000000000000000e+03
8.119000000000000000e+03
1.322800000000000000e+04
6.158000000000000000e+03
4.802000000000000000e+03
2.440000000000000000e+02
1.452800000000000000e+04
3.050000000000000000e+02
5.417000000000000000e+03
1.108300000000000000e+04
6.563000000000000000e+03
1.470000000000000000e+04
1.599300000000000000e+04
1.757200000000000000e+04
1.671300000000000000e+04
3.439000000000000000e+03
1.010100000000000000e+04
4.610000000000000000e+02
5.397000000000000000e+03
1.564200000000000000e+04
1.092700000000000000e+04
6.460000000000000000e+03
1.620800000000000000e+04
3.790000000000000000e+02
4.055000000000000000e+03
1.599400000000000000e+04
1.465200000000000000e+04
6.101000000000000000e+03
7.581000000000000000e+03
1.403300000000000000e+04
8.610000000000000000e+02
1.157400000000000000e+04
9.158000000000000000e+03
1.307400000000000000e+04
7.988000000000000000e+03
1.507700000000000000e+04
1.009300000000000000e+04
1.644400000000000000e+04
1.479800000000000000e+04
1.482500000000000000e+04
7.140000000000000000e+02
4.435000000000000000e+03
8.874000000000000000e+03
6.438000000000000000e+03
1.272300000000000000e+04
1.309000000000000000e+04
3.778000000000000000e+03
8.533000000000000000e+03
1.606700000000000000e+04
3.974000000000000000e+03
7.158000000000000000e+03
1.188600000000000000e+04
9.968000000000000000e+03
6.825000000000000000e+03
1.215600000000000000e+04
3.016000000000000000e+03
1.380300000000000000e+04
9.076000000000000000e+03
9.951000000000000000e+03
9.334000000000000000e+03
1.230800000000000000e+04
3.599000000000000000e+03
1.502300000000000000e+04
2.091000000000000000e+03
2.146000000000000000e+03
7.445000000000000000e+03
1.173100000000000000e+04
9.801000000000000000e+03
1.649400000000000000e+04
1.795700000000000000e+04
1.049900000000000000e+04
1.688900000000000000e+04
2.564000000000000000e+03
1.789000000000000000e+04
9.747000000000000000e+03
1.145000000000000000e+04
4.807000000000000000e+03
8.940000000000000000e+03
2.157000000000000000e+03
1.742900000000000000e+04
6.210000000000000000e+03
4.629000000000000000e+03
1.806000000000000000e+03
9.816000000000000000e+03
1.419800000000000000e+04
8.950000000000000000e+02
3.250000000000000000e+03
5.380000000000000000e+03
9.582000000000000000e+03
6.011000000000000000e+03
1.625200000000000000e+04
1.586500000000000000e+04
5.366000000000000000e+03
1.655200000000000000e+04
1.978000000000000000e+03
1.210000000000000000e+02
8.100000000000000000e+02
3.408000000000000000e+03
5.304000000000000000e+03
1.481300000000000000e+04
1.320900000000000000e+04
4.171000000000000000e+03
1.420000000000000000e+04
9.712000000000000000e+03
3.566000000000000000e+03
2.586000000000000000e+03
1.175100000000000000e+04
6.461000000000000000e+03
1.377800000000000000e+04
2.974000000000000000e+03
9.950000000000000000e+03
1.184900000000000000e+04
6.504000000000000000e+03
1.239100000000000000e+04
5.653000000000000000e+03
1.232000000000000000e+03
1.564300000000000000e+04
1.637900000000000000e+04
1.563000000000000000e+04
7.177000000000000000e+03
1.721700000000000000e+04
1.541800000000000000e+04
1.682300000000000000e+04
1.131100000000000000e+04
1.504600000000000000e+04
8.801000000000000000e+03
1.065000000000000000e+04
1.210100000000000000e+04
8.410000000000000000e+02
9.924000000000000000e+03
9.908000000000000000e+03
1.006200000000000000e+04
1.373500000000000000e+04
1.071400000000000000e+04
1.790500000000000000e+04
1.108400000000000000e+04
8.368000000000000000e+03
3.686000000000000000e+03
4.828000000000000000e+03
1.811000000000000000e+04
1.012000000000000000e+04
1.297800000000000000e+04
9.274000000000000000e+03
2.891000000000000000e+03
1.008500000000000000e+04
7.693000000000000000e+03
1.669600000000000000e+04
4.349000000000000000e+03
1.490300000000000000e+04
2.454000000000000000e+03
2.590000000000000000e+03
8.350000000000000000e+03
1.677800000000000000e+04
1.551200000000000000e+04
2.732000000000000000e+03
6.888000000000000000e+03
1.128000000000000000e+03
8.682000000000000000e+03
8.751000000000000000e+03
1.421800000000000000e+04
2.375000000000000000e+03
1.393900000000000000e+04
4.260000000000000000e+02
1.179900000000000000e+04
9.128000000000000000e+03
7.802000000000000000e+03
7.159000000000000000e+03
1.836300000000000000e+04
6.718000000000000000e+03
1.025400000000000000e+04
5.667000000000000000e+03
8.561000000000000000e+03
1.465100000000000000e+04
1.676100000000000000e+04
1.809700000000000000e+04
4.920000000000000000e+03
3.245000000000000000e+03
1.295200000000000000e+04
1.209100000000000000e+04
6.178000000000000000e+03
3.040000000000000000e+02
6.253000000000000000e+03
7.521000000000000000e+03
4.377000000000000000e+03
8.477000000000000000e+03
2.358000000000000000e+03
1.131900000000000000e+04
1.281500000000000000e+04
1.642500000000000000e+04
1.706200000000000000e+04
1.350200000000000000e+04
1.419900000000000000e+04
1.348200000000000000e+04
1.779500000000000000e+04
1.043500000000000000e+04
1.535300000000000000e+04
1.850000000000000000e+04
