4.600000000000000000e+01
2.530000000000000000e+02
8.500000000000000000e+01
2.720000000000000000e+02
6.470000000000000000e+02
2.480000000000000000e+02
4.240000000000000000e+02
3.310000000000000000e+02
2.030000000000000000e+02
2.800000000000000000e+02
5.440000000000000000e+02
6.830000000000000000e+02
1.060000000000000000e+02
8.210000000000000000e+02
1.440000000000000000e+02
3.700000000000000000e+02
1.407000000000000000e+03
7.800000000000000000e+02
9.500000000000000000e+01
1.255000000000000000e+03
5.450000000000000000e+02
3.590000000000000000e+02
1.202000000000000000e+03
9.200000000000000000e+01
3.240000000000000000e+02
2.731000000000000000e+03
2.091000000000000000e+03
2.900000000000000000e+02
9.300000000000000000e+01
6.060000000000000000e+02
1.210000000000000000e+02
1.594000000000000000e+03
4.634000000000000000e+03
2.340000000000000000e+02
1.771000000000000000e+03
1.576000000000000000e+03
8.500000000000000000e+02
1.978000000000000000e+03
2.460000000000000000e+02
2.120000000000000000e+02
3.010000000000000000e+03
7.660000000000000000e+02
3.920000000000000000e+03
2.770000000000000000e+03
9.770000000000000000e+02
4.145000000000000000e+03
1.810000000000000000e+03
3.650000000000000000e+02
2.254000000000000000e+03
1.520000000000000000e+03
8.560000000000000000e+02
6.950000000000000000e+02
1.922000000000000000e+03
1.409000000000000000e+03
1.120000000000000000e+02
1.468000000000000000e+03
1.146000000000000000e+03
3.518000000000000000e+03
3.299000000000000000e+03
3.195000000000000000e+03
3.456000000000000000e+03
7.840000000000000000e+02
1.232000000000000000e+03
7.220000000000000000e+02
3.302000000000000000e+03
9.410000000000000000e+02
2.108000000000000000e+03
5.210000000000000000e+02
3.517000000000000000e+03
4.504000000000000000e+03
4.290000000000000000e+03
9.545000000000000000e+03
3.693000000000000000e+03
9.180000000000000000e+02
5.009000000000000000e+03
2.810000000000000000e+03
1.197000000000000000e+03
4.171000000000000000e+03
1.115000000000000000e+03
3.374000000000000000e+03
5.370000000000000000e+02
7.581000000000000000e+03
6.158000000000000000e+03
3.566000000000000000e+03
1.398000000000000000e+03
3.033000000000000000e+03
3.689000000000000000e+03
4.349000000000000000e+03
6.010000000000000000e+02
4.807000000000000000e+03
5.346000000000000000e+03
3.624000000000000000e+03
2.336000000000000000e+03
4.759000000000000000e+03
2.891000000000000000e+03
1.467000000000000000e+03
1.404000000000000000e+03
2.440000000000000000e+02
3.287000000000000000e+03
4.934000000000000000e+03
8.400000000000000000e+02
3.050000000000000000e+02
7.281000000000000000e+03
4.828000000000000000e+03
7.693000000000000000e+03
6.471000000000000000e+03
8.900000000000000000e+03
5.835000000000000000e+03
8.751000000000000000e+03
2.610000000000000000e+03
1.313000000000000000e+03
3.204000000000000000e+03
3.834000000000000000e+03
3.155000000000000000e+03
3.414000000000000000e+03
3.505000000000000000e+03
4.640000000000000000e+03
3.088000000000000000e+03
2.832000000000000000e+03
1.620000000000000000e+02
6.718000000000000000e+03
7.890000000000000000e+02
2.572000000000000000e+03
6.101000000000000000e+03
4.428000000000000000e+03
1.020300000000000000e+04
5.004000000000000000e+03
1.140000000000000000e+03
1.153000000000000000e+03
5.380000000000000000e+03
1.687000000000000000e+03
6.550000000000000000e+02
2.324000000000000000e+03
9.630000000000000000e+02
4.060000000000000000e+02
2.745000000000000000e+03
2.544000000000000000e+03
9.460000000000000000e+02
2.615000000000000000e+03
4.534000000000000000e+03
3.136000000000000000e+03
5.914000000000000000e+03
3.974000000000000000e+03
6.993000000000000000e+03
3.642000000000000000e+03
5.589000000000000000e+03
4.495000000000000000e+03
3.245000000000000000e+03
3.692000000000000000e+03
1.482000000000000000e+03
3.181000000000000000e+03
2.582000000000000000e+03
6.888000000000000000e+03
6.513000000000000000e+03
2.997000000000000000e+03
8.120000000000000000e+02
7.561000000000000000e+03
3.016000000000000000e+03
6.012000000000000000e+03
3.439000000000000000e+03
1.058400000000000000e+04
2.190000000000000000e+02
4.183000000000000000e+03
8.434000000000000000e+03
5.782000000000000000e+03
2.800000000000000000e+03
4.918000000000000000e+03
3.349000000000000000e+03
2.646000000000000000e+03
6.652000000000000000e+03
1.290000000000000000e+02
6.178000000000000000e+03
8.801000000000000000e+03
1.186200000000000000e+04
1.209100000000000000e+04
3.398000000000000000e+03
5.843000000000000000e+03
5.544000000000000000e+03
5.179000000000000000e+03
4.820000000000000000e+02
3.358000000000000000e+03
9.274000000000000000e+03
6.210000000000000000e+03
5.907000000000000000e+03
4.600000000000000000e+02
3.343000000000000000e+03
9.950000000000000000e+03
2.200000000000000000e+02
9.165000000000000000e+03
7.911000000000000000e+03
5.667000000000000000e+03
2.347000000000000000e+03
3.215000000000000000e+03
1.680000000000000000e+02
3.798000000000000000e+03
2.624000000000000000e+03
1.108400000000000000e+04
1.012000000000000000e+04
4.860000000000000000e+02
3.785000000000000000e+03
9.951000000000000000e+03
8.610000000000000000e+02
1.128000000000000000e+03
4.055000000000000000e+03
2.695000000000000000e+03
5.702000000000000000e+03
7.869000000000000000e+03
2.375000000000000000e+03
4.020000000000000000e+02
7.141000000000000000e+03
1.160400000000000000e+04
4.182000000000000000e+03
7.750000000000000000e+03
2.679000000000000000e+03
1.729000000000000000e+03
1.043500000000000000e+04
5.610000000000000000e+03
8.128000000000000000e+03
1.009300000000000000e+04
2.218000000000000000e+03
3.472000000000000000e+03
1.875000000000000000e+03
9.158000000000000000e+03
2.639000000000000000e+03
8.692000000000000000e+03
6.544000000000000000e+03
9.746000000000000000e+03
3.791000000000000000e+03
3.258000000000000000e+03
1.047400000000000000e+04
1.033300000000000000e+04
2.161000000000000000e+03
7.160000000000000000e+03
6.438000000000000000e+03
1.660000000000000000e+02
2.693000000000000000e+03
1.341200000000000000e+04
8.369000000000000000e+03
1.451000000000000000e+03
9.559000000000000000e+03
9.095000000000000000e+03
2.072000000000000000e+03
9.747000000000000000e+03
5.887000000000000000e+03
5.180000000000000000e+02
9.864000000000000000e+03
9.712000000000000000e+03
3.987000000000000000e+03
9.394000000000000000e+03
6.623000000000000000e+03
1.131100000000000000e+04
3.451000000000000000e+03
1.025400000000000000e+04
4.629000000000000000e+03
2.852000000000000000e+03
1.244000000000000000e+03
4.396000000000000000e+03
1.049900000000000000e+04
9.129000000000000000e+03
7.926000000000000000e+03
1.234400000000000000e+04
1.315900000000000000e+04
3.077000000000000000e+03
1.055000000000000000e+04
6.381000000000000000e+03
1.340400000000000000e+04
1.191400000000000000e+04
9.334000000000000000e+03
5.200000000000000000e+02
3.847000000000000000e+03
1.092700000000000000e+04
1.646200000000000000e+04
1.236000000000000000e+03
5.860000000000000000e+02
1.297800000000000000e+04
5.850000000000000000e+02
2.849000000000000000e+03
6.598000000000000000e+03
6.938000000000000000e+03
3.135000000000000000e+03
5.640000000000000000e+02
1.442200000000000000e+04
1.593000000000000000e+03
4.300000000000000000e+01
5.165000000000000000e+03
7.532000000000000000e+03
1.295200000000000000e+04
1.145000000000000000e+04
7.592000000000000000e+03
1.074100000000000000e+04
7.542000000000000000e+03
6.077000000000000000e+03
4.297000000000000000e+03
2.732000000000000000e+03
1.009200000000000000e+04
1.065900000000000000e+04
2.464000000000000000e+03
1.184900000000000000e+04
1.477800000000000000e+04
1.433600000000000000e+04
1.348200000000000000e+04
1.324100000000000000e+04
9.071000000000000000e+03
4.827000000000000000e+03
5.629000000000000000e+03
6.825000000000000000e+03
1.043400000000000000e+04
1.642600000000000000e+04
4.646000000000000000e+03
1.065000000000000000e+04
1.530000000000000000e+03
3.382000000000000000e+03
1.293700000000000000e+04
4.464000000000000000e+03
8.284000000000000000e+03
1.226500000000000000e+04
4.515000000000000000e+03
1.460300000000000000e+04
1.215600000000000000e+04
1.045900000000000000e+04
3.239000000000000000e+03
9.959000000000000000e+03
7.663000000000000000e+03
1.504600000000000000e+04
1.396400000000000000e+04
1.642700000000000000e+04
1.184000000000000000e+03
5.733000000000000000e+03
5.224000000000000000e+03
1.420000000000000000e+04
1.421800000000000000e+04
6.629000000000000000e+03
6.001000000000000000e+03
1.397000000000000000e+03
3.980000000000000000e+03
9.994000000000000000e+03
1.275300000000000000e+04
1.419900000000000000e+04
1.685200000000000000e+04
5.146000000000000000e+03
5.323000000000000000e+03
1.940000000000000000e+03
8.583000000000000000e+03
1.594300000000000000e+04
1.030400000000000000e+04
1.471400000000000000e+04
3.838000000000000000e+03
1.330000000000000000e+02
1.396500000000000000e+04
1.180800000000000000e+04
8.351000000000000000e+03
2.944000000000000000e+03
4.706000000000000000e+03
4.610000000000000000e+02
1.501100000000000000e+04
1.599500000000000000e+04
8.071000000000000000e+03
1.551300000000000000e+04
5.660000000000000000e+02
2.051000000000000000e+03
1.245000000000000000e+03
7.638000000000000000e+03
1.476600000000000000e+04
3.200000000000000000e+02
1.256500000000000000e+04
1.732000000000000000e+03
7.250000000000000000e+02
1.646300000000000000e+04
1.644500000000000000e+04
6.931000000000000000e+03
1.639500000000000000e+04
1.134100000000000000e+04
1.564300000000000000e+04
4.150000000000000000e+02
1.725700000000000000e+04
1.577800000000000000e+04
2.735000000000000000e+03
1.975000000000000000e+03
1.690000000000000000e+04
1.735000000000000000e+04
1.482500000000000000e+04
3.198000000000000000e+03
5.654000000000000000e+03
6.955000000000000000e+03
1.669600000000000000e+04
1.659500000000000000e+04
1.872000000000000000e+03
1.074800000000000000e+04
7.212000000000000000e+03
1.535300000000000000e+04
1.720500000000000000e+04
1.043300000000000000e+04
1.732700000000000000e+04
1.811000000000000000e+03
1.318800000000000000e+04
1.682300000000000000e+04
1.220900000000000000e+04
8.247000000000000000e+03
8.833000000000000000e+03
1.330100000000000000e+04
1.230000000000000000e+02
2.500000000000000000e+02
1.440700000000000000e+04
9.738000000000000000e+03
1.403400000000000000e+04
1.806400000000000000e+04
9.908000000000000000e+03
1.307700000000000000e+04
3.825000000000000000e+03
1.735100000000000000e+04
5.220000000000000000e+02
1.023800000000000000e+04
1.637900000000000000e+04
6.301000000000000000e+03
4.904000000000000000e+03
1.303000000000000000e+03
4.590000000000000000e+03
1.744500000000000000e+04
1.759700000000000000e+04
2.632000000000000000e+03
1.320900000000000000e+04
1.783600000000000000e+04
1.210100000000000000e+04
1.067900000000000000e+04
1.779500000000000000e+04
1.470000000000000000e+04
9.372000000000000000e+03
8.546000000000000000e+03
1.387300000000000000e+04
1.157400000000000000e+04
4.838000000000000000e+03
6.000000000000000000e+02
5.975000000000000000e+03
8.828000000000000000e+03
3.620000000000000000e+03
1.034000000000000000e+04
5.252000000000000000e+03
1.092000000000000000e+04
9.404000000000000000e+03
8.710000000000000000e+02
9.420000000000000000e+02
5.772000000000000000e+03
2.102000000000000000e+03
4.126000000000000000e+03
5.458000000000000000e+03
1.155500000000000000e+04
6.319000000000000000e+03
5.648000000000000000e+03
1.077100000000000000e+04
4.806000000000000000e+03
9.817000000000000000e+03
1.465200000000000000e+04
4.016000000000000000e+03
1.200000000000000000e+04
5.320000000000000000e+02
4.096000000000000000e+03
1.338800000000000000e+04
1.118800000000000000e+04
1.479800000000000000e+04
6.903000000000000000e+03
1.246400000000000000e+04
7.364000000000000000e+03
4.413000000000000000e+03
1.307500000000000000e+04
1.789100000000000000e+04
1.423300000000000000e+04
9.702000000000000000e+03
1.074000000000000000e+04
1.383500000000000000e+04
1.249800000000000000e+04
3.140000000000000000e+02
1.073900000000000000e+04
1.309000000000000000e+04
1.504000000000000000e+03
1.711000000000000000e+03
7.427000000000000000e+03
3.668000000000000000e+03
9.552000000000000000e+03
7.749000000000000000e+03
7.498000000000000000e+03
4.910000000000000000e+02
1.354500000000000000e+04
1.507700000000000000e+04
1.655200000000000000e+04
1.153500000000000000e+04
1.604000000000000000e+04
1.180900000000000000e+04
8.702000000000000000e+03
6.499000000000000000e+03
1.311500000000000000e+04
1.366300000000000000e+04
1.060400000000000000e+04
1.403300000000000000e+04
1.790500000000000000e+04
2.740000000000000000e+02
1.728100000000000000e+04
6.545000000000000000e+03
4.746000000000000000e+03
1.080000000000000000e+02
1.512000000000000000e+03
9.871000000000000000e+03
9.451000000000000000e+03
1.811000000000000000e+04
1.746800000000000000e+04
3.728000000000000000e+03
1.260700000000000000e+04
5.390000000000000000e+02
1.133100000000000000e+04
1.253500000000000000e+04
9.292000000000000000e+03
2.509000000000000000e+03
1.844500000000000000e+04
1.619400000000000000e+04
1.551400000000000000e+04
5.012000000000000000e+03
1.160300000000000000e+04
6.118000000000000000e+03
7.254000000000000000e+03
1.850100000000000000e+04
