8.500000000000000000e+01
1.060000000000000000e+02
4.600000000000000000e+01
3.310000000000000000e+02
9.180000000000000000e+02
2.030000000000000000e+02
4.240000000000000000e+02
2.480000000000000000e+02
5.370000000000000000e+02
9.500000000000000000e+01
6.470000000000000000e+02
3.590000000000000000e+02
3.700000000000000000e+02
7.800000000000000000e+02
1.210000000000000000e+02
9.300000000000000000e+01
2.800000000000000000e+02
2.900000000000000000e+02
1.232000000000000000e+03
7.840000000000000000e+02
5.450000000000000000e+02
1.202000000000000000e+03
3.398000000000000000e+03
1.404000000000000000e+03
1.594000000000000000e+03
6.550000000000000000e+02
1.398000000000000000e+03
1.120000000000000000e+02
5.179000000000000000e+03
2.091000000000000000e+03
5.440000000000000000e+02
2.997000000000000000e+03
4.171000000000000000e+03
8.210000000000000000e+02
2.340000000000000000e+02
8.120000000000000000e+02
2.720000000000000000e+02
3.240000000000000000e+02
7.660000000000000000e+02
2.440000000000000000e+02
5.589000000000000000e+03
1.576000000000000000e+03
7.890000000000000000e+02
1.978000000000000000e+03
6.830000000000000000e+02
1.482000000000000000e+03
1.440000000000000000e+02
6.060000000000000000e+02
6.950000000000000000e+02
1.290000000000000000e+02
2.810000000000000000e+03
1.687000000000000000e+03
8.560000000000000000e+02
2.800000000000000000e+03
2.120000000000000000e+02
8.500000000000000000e+02
3.620000000000000000e+03
4.910000000000000000e+02
4.807000000000000000e+03
3.050000000000000000e+02
9.770000000000000000e+02
2.108000000000000000e+03
1.313000000000000000e+03
4.504000000000000000e+03
4.898000000000000000e+03
3.518000000000000000e+03
1.407000000000000000e+03
5.914000000000000000e+03
2.530000000000000000e+02
2.731000000000000000e+03
3.920000000000000000e+03
4.828000000000000000e+03
3.974000000000000000e+03
2.200000000000000000e+02
1.330000000000000000e+02
2.375000000000000000e+03
5.210000000000000000e+02
4.860000000000000000e+02
3.302000000000000000e+03
1.146000000000000000e+03
3.693000000000000000e+03
5.660000000000000000e+02
2.944000000000000000e+03
4.300000000000000000e+01
1.468000000000000000e+03
5.200000000000000000e+02
3.374000000000000000e+03
2.852000000000000000e+03
2.632000000000000000e+03
2.849000000000000000e+03
1.409000000000000000e+03
3.204000000000000000e+03
3.010000000000000000e+03
3.287000000000000000e+03
3.181000000000000000e+03
5.544000000000000000e+03
2.460000000000000000e+02
2.464000000000000000e+03
7.160000000000000000e+03
2.797000000000000000e+03
4.646000000000000000e+03
2.254000000000000000e+03
7.281000000000000000e+03
3.566000000000000000e+03
2.891000000000000000e+03
1.467000000000000000e+03
2.324000000000000000e+03
1.680000000000000000e+02
1.033300000000000000e+04
3.624000000000000000e+03
3.416000000000000000e+03
7.254000000000000000e+03
4.349000000000000000e+03
3.195000000000000000e+03
1.087600000000000000e+04
9.630000000000000000e+02
3.451000000000000000e+03
3.838000000000000000e+03
6.718000000000000000e+03
8.369000000000000000e+03
8.351000000000000000e+03
3.155000000000000000e+03
3.016000000000000000e+03
5.180000000000000000e+02
3.517000000000000000e+03
2.679000000000000000e+03
1.128000000000000000e+03
4.327000000000000000e+03
2.624000000000000000e+03
3.439000000000000000e+03
2.582000000000000000e+03
8.247000000000000000e+03
3.135000000000000000e+03
2.161000000000000000e+03
6.210000000000000000e+03
1.620000000000000000e+02
9.460000000000000000e+02
3.299000000000000000e+03
5.667000000000000000e+03
7.911000000000000000e+03
4.495000000000000000e+03
2.740000000000000000e+02
3.798000000000000000e+03
3.245000000000000000e+03
1.975000000000000000e+03
6.931000000000000000e+03
3.692000000000000000e+03
4.934000000000000000e+03
4.820000000000000000e+02
3.834000000000000000e+03
3.414000000000000000e+03
3.825000000000000000e+03
6.993000000000000000e+03
4.534000000000000000e+03
6.629000000000000000e+03
5.390000000000000000e+02
6.158000000000000000e+03
3.456000000000000000e+03
6.438000000000000000e+03
2.610000000000000000e+03
1.922000000000000000e+03
1.810000000000000000e+03
2.960000000000000000e+02
9.410000000000000000e+02
3.505000000000000000e+03
1.593000000000000000e+03
5.887000000000000000e+03
6.888000000000000000e+03
4.838000000000000000e+03
1.244000000000000000e+03
1.530000000000000000e+03
3.215000000000000000e+03
1.255000000000000000e+03
6.381000000000000000e+03
4.640000000000000000e+03
9.071000000000000000e+03
2.336000000000000000e+03
4.183000000000000000e+03
3.689000000000000000e+03
1.236000000000000000e+03
5.567000000000000000e+03
4.055000000000000000e+03
4.634000000000000000e+03
2.509000000000000000e+03
7.498000000000000000e+03
2.745000000000000000e+03
7.561000000000000000e+03
6.178000000000000000e+03
2.832000000000000000e+03
4.515000000000000000e+03
2.735000000000000000e+03
3.472000000000000000e+03
9.200000000000000000e+01
4.290000000000000000e+03
6.101000000000000000e+03
4.020000000000000000e+02
1.771000000000000000e+03
8.610000000000000000e+02
5.835000000000000000e+03
4.145000000000000000e+03
4.016000000000000000e+03
8.701000000000000000e+03
8.801000000000000000e+03
4.904000000000000000e+03
9.712000000000000000e+03
6.012000000000000000e+03
1.180900000000000000e+04
6.118000000000000000e+03
2.500000000000000000e+02
8.900000000000000000e+03
7.532000000000000000e+03
8.434000000000000000e+03
2.450000000000000000e+02
6.544000000000000000e+03
9.158000000000000000e+03
4.600000000000000000e+02
9.702000000000000000e+03
1.240200000000000000e+04
3.987000000000000000e+03
2.572000000000000000e+03
1.020300000000000000e+04
9.274000000000000000e+03
1.065000000000000000e+04
2.770000000000000000e+03
1.249800000000000000e+04
6.001000000000000000e+03
5.009000000000000000e+03
9.165000000000000000e+03
4.629000000000000000e+03
1.045900000000000000e+04
5.836000000000000000e+03
5.380000000000000000e+03
3.200000000000000000e+02
7.750000000000000000e+03
5.610000000000000000e+03
9.951000000000000000e+03
5.702000000000000000e+03
4.428000000000000000e+03
1.191400000000000000e+04
1.160400000000000000e+04
8.751000000000000000e+03
2.732000000000000000e+03
1.007300000000000000e+04
1.064900000000000000e+04
5.346000000000000000e+03
1.031600000000000000e+04
9.334000000000000000e+03
5.458000000000000000e+03
2.750000000000000000e+02
1.260700000000000000e+04
7.141000000000000000e+03
3.668000000000000000e+03
1.043500000000000000e+04
5.323000000000000000e+03
5.860000000000000000e+02
2.615000000000000000e+03
2.646000000000000000e+03
6.825000000000000000e+03
6.938000000000000000e+03
7.220000000000000000e+02
6.319000000000000000e+03
5.220000000000000000e+02
5.843000000000000000e+03
1.234400000000000000e+04
1.256500000000000000e+04
3.728000000000000000e+03
2.475000000000000000e+03
4.706000000000000000e+03
6.545000000000000000e+03
9.394000000000000000e+03
2.639000000000000000e+03
1.155500000000000000e+04
1.025400000000000000e+04
4.464000000000000000e+03
2.693000000000000000e+03
6.471000000000000000e+03
7.492000000000000000e+03
1.043400000000000000e+04
1.030400000000000000e+04
7.869000000000000000e+03
6.301000000000000000e+03
5.320000000000000000e+02
9.746000000000000000e+03
9.747000000000000000e+03
1.324100000000000000e+04
5.006000000000000000e+03
1.145000000000000000e+04
8.833000000000000000e+03
5.278000000000000000e+03
1.656000000000000000e+03
2.544000000000000000e+03
3.650000000000000000e+02
8.702000000000000000e+03
7.581000000000000000e+03
1.065900000000000000e+04
1.599600000000000000e+04
1.327600000000000000e+04
2.218000000000000000e+03
5.146000000000000000e+03
5.252000000000000000e+03
9.583000000000000000e+03
1.396500000000000000e+04
1.197000000000000000e+03
1.012000000000000000e+04
1.379200000000000000e+04
1.115000000000000000e+03
1.047400000000000000e+04
1.551400000000000000e+04
1.092000000000000000e+04
1.200000000000000000e+04
3.088000000000000000e+03
1.520000000000000000e+03
2.268000000000000000e+03
9.320000000000000000e+02
1.383500000000000000e+04
1.875000000000000000e+03
1.275300000000000000e+04
1.460300000000000000e+04
8.546000000000000000e+03
6.010000000000000000e+02
5.850000000000000000e+02
1.660000000000000000e+02
7.693000000000000000e+03
9.372000000000000000e+03
2.620000000000000000e+02
4.746000000000000000e+03
6.945000000000000000e+03
4.610000000000000000e+02
1.729000000000000000e+03
6.623000000000000000e+03
5.004000000000000000e+03
1.745600000000000000e+04
1.293700000000000000e+04
5.783000000000000000e+03
1.092700000000000000e+04
2.194000000000000000e+03
1.627300000000000000e+04
1.311500000000000000e+04
1.423300000000000000e+04
1.147000000000000000e+03
1.276900000000000000e+04
1.297800000000000000e+04
1.160300000000000000e+04
3.847000000000000000e+03
8.692000000000000000e+03
1.740100000000000000e+04
4.759000000000000000e+03
1.421800000000000000e+04
1.551300000000000000e+04
1.738900000000000000e+04
1.074900000000000000e+04
1.419900000000000000e+04
1.403400000000000000e+04
3.033000000000000000e+03
1.184900000000000000e+04
1.058400000000000000e+04
7.940000000000000000e+02
1.034000000000000000e+04
1.616000000000000000e+04
1.440700000000000000e+04
4.918000000000000000e+03
4.150000000000000000e+02
9.545000000000000000e+03
7.592000000000000000e+03
1.477800000000000000e+04
1.476600000000000000e+04
9.552000000000000000e+03
2.398000000000000000e+03
1.295200000000000000e+04
1.646300000000000000e+04
1.663300000000000000e+04
4.413000000000000000e+03
1.245000000000000000e+03
3.343000000000000000e+03
5.782000000000000000e+03
1.577800000000000000e+04
5.907000000000000000e+03
1.140000000000000000e+03
2.695000000000000000e+03
9.864000000000000000e+03
6.123000000000000000e+03
2.902000000000000000e+03
9.950000000000000000e+03
1.131100000000000000e+04
1.659500000000000000e+04
8.193000000000000000e+03
6.499000000000000000e+03
5.540000000000000000e+03
4.297000000000000000e+03
7.926000000000000000e+03
1.604000000000000000e+04
7.364000000000000000e+03
7.988000000000000000e+03
1.535300000000000000e+04
1.471400000000000000e+04
1.728100000000000000e+04
1.330100000000000000e+04
9.750000000000000000e+02
1.597800000000000000e+04
1.335800000000000000e+04
1.253500000000000000e+04
1.215600000000000000e+04
6.965000000000000000e+03
4.342000000000000000e+03
4.182000000000000000e+03
1.055000000000000000e+04
1.186200000000000000e+04
2.840000000000000000e+03
2.932000000000000000e+03
9.095000000000000000e+03
1.599500000000000000e+04
1.340400000000000000e+04
5.012000000000000000e+03
6.186000000000000000e+03
1.811000000000000000e+03
1.393900000000000000e+04
9.559000000000000000e+03
1.112700000000000000e+04
1.016300000000000000e+04
1.341200000000000000e+04
4.099000000000000000e+03
1.639500000000000000e+04
1.153000000000000000e+03
1.049900000000000000e+04
4.894000000000000000e+03
6.966000000000000000e+03
1.321000000000000000e+04
1.746800000000000000e+04
1.282400000000000000e+04
1.634600000000000000e+04
9.404000000000000000e+03
4.827000000000000000e+03
7.427000000000000000e+03
1.735100000000000000e+04
1.619400000000000000e+04
1.452000000000000000e+03
1.147500000000000000e+04
5.640000000000000000e+02
7.796000000000000000e+03
3.785000000000000000e+03
1.009300000000000000e+04
1.789100000000000000e+04
1.776900000000000000e+04
5.369000000000000000e+03
2.577000000000000000e+03
3.239000000000000000e+03
1.009200000000000000e+04
6.513000000000000000e+03
1.209100000000000000e+04
8.400000000000000000e+02
1.318800000000000000e+04
6.652000000000000000e+03
3.642000000000000000e+03
1.320900000000000000e+04
1.735000000000000000e+04
1.783600000000000000e+04
1.732700000000000000e+04
6.994000000000000000e+03
1.482500000000000000e+04
7.807000000000000000e+03
2.741000000000000000e+03
2.583000000000000000e+03
1.669600000000000000e+04
1.594300000000000000e+04
1.720500000000000000e+04
1.477900000000000000e+04
4.522000000000000000e+03
9.385000000000000000e+03
9.511000000000000000e+03
9.959000000000000000e+03
5.165000000000000000e+03
1.557700000000000000e+04
5.224000000000000000e+03
9.129000000000000000e+03
1.844500000000000000e+04
1.315900000000000000e+04
1.797800000000000000e+04
4.324000000000000000e+03
1.193900000000000000e+04
7.322000000000000000e+03
1.451000000000000000e+03
4.060000000000000000e+02
1.786100000000000000e+04
2.110000000000000000e+02
1.230000000000000000e+02
2.347000000000000000e+03
1.442200000000000000e+04
1.642600000000000000e+04
1.642700000000000000e+04
1.759700000000000000e+04
1.725700000000000000e+04
1.655300000000000000e+04
2.069000000000000000e+03
1.210100000000000000e+04
9.908000000000000000e+03
9.994000000000000000e+03
1.396400000000000000e+04
1.615700000000000000e+04
1.915000000000000000e+03
1.433600000000000000e+04
5.733000000000000000e+03
1.134100000000000000e+04
5.620000000000000000e+03
1.130200000000000000e+04
6.306000000000000000e+03
1.960000000000000000e+02
6.729000000000000000e+03
3.980000000000000000e+03
3.522000000000000000e+03
1.515700000000000000e+04
2.865000000000000000e+03
6.180000000000000000e+02
2.516000000000000000e+03
1.504600000000000000e+04
1.644500000000000000e+04
5.064000000000000000e+03
1.469000000000000000e+03
1.563000000000000000e+04
7.749000000000000000e+03
1.226500000000000000e+04
1.744500000000000000e+04
1.391700000000000000e+04
1.846600000000000000e+04
1.532800000000000000e+04
1.497700000000000000e+04
1.513700000000000000e+04
1.530000000000000000e+04
4.170000000000000000e+02
5.773000000000000000e+03
3.216000000000000000e+03
5.287000000000000000e+03
3.198000000000000000e+03
6.077000000000000000e+03
3.791000000000000000e+03
1.077100000000000000e+04
4.396000000000000000e+03
8.071000000000000000e+03
5.750000000000000000e+03
1.133200000000000000e+04
1.292600000000000000e+04
3.258000000000000000e+03
1.470000000000000000e+04
1.835100000000000000e+04
8.562000000000000000e+03
5.941000000000000000e+03
1.334000000000000000e+03
1.256600000000000000e+04
1.332000000000000000e+03
1.061700000000000000e+04
