9.000000000000000000e+00
1.930000000000000000e+02
1.500000000000000000e+01
1.570000000000000000e+02
1.400000000000000000e+01
1.370000000000000000e+02
1.026000000000000000e+03
3.500000000000000000e+01
5.600000000000000000e+02
6.850000000000000000e+02
2.174000000000000000e+03
4.500000000000000000e+02
5.060000000000000000e+02
4.830000000000000000e+02
8.760000000000000000e+02
8.280000000000000000e+02
1.212000000000000000e+03
6.240000000000000000e+02
1.249000000000000000e+03
2.370000000000000000e+02
8.000000000000000000e+01
2.899000000000000000e+03
3.820000000000000000e+02
1.028000000000000000e+03
1.980000000000000000e+03
1.200000000000000000e+02
1.439000000000000000e+03
7.730000000000000000e+02
3.100000000000000000e+01
7.710000000000000000e+02
2.821000000000000000e+03
1.422000000000000000e+03
9.070000000000000000e+02
1.610000000000000000e+02
1.040000000000000000e+03
9.100000000000000000e+02
8.650000000000000000e+02
9.440000000000000000e+02
6.432000000000000000e+03
6.230000000000000000e+02
2.988000000000000000e+03
1.448000000000000000e+03
1.850000000000000000e+02
3.400000000000000000e+01
2.449000000000000000e+03
7.240000000000000000e+02
9.370000000000000000e+02
1.363000000000000000e+03
2.936000000000000000e+03
1.333000000000000000e+03
1.247000000000000000e+03
6.860000000000000000e+02
3.447000000000000000e+03
4.900000000000000000e+01
1.341000000000000000e+03
3.164000000000000000e+03
3.751000000000000000e+03
1.185000000000000000e+03
7.360000000000000000e+02
1.907000000000000000e+03
8.270000000000000000e+02
4.190000000000000000e+02
1.056000000000000000e+03
3.325000000000000000e+03
2.061000000000000000e+03
1.285000000000000000e+03
1.340000000000000000e+03
7.210000000000000000e+02
9.380000000000000000e+02
2.290000000000000000e+02
2.660000000000000000e+02
3.572000000000000000e+03
3.320000000000000000e+02
3.428000000000000000e+03
9.120000000000000000e+02
1.700000000000000000e+03
1.559000000000000000e+03
1.645000000000000000e+03
1.892000000000000000e+03
2.945000000000000000e+03
1.768000000000000000e+03
5.730000000000000000e+03
2.998000000000000000e+03
1.074000000000000000e+03
1.694000000000000000e+03
5.067000000000000000e+03
2.570000000000000000e+03
1.800000000000000000e+02
5.710000000000000000e+02
1.925000000000000000e+03
1.492000000000000000e+03
3.269000000000000000e+03
1.447000000000000000e+03
2.587000000000000000e+03
5.980000000000000000e+02
3.410000000000000000e+02
5.595000000000000000e+03
2.790000000000000000e+03
1.550000000000000000e+03
1.979000000000000000e+03
2.337000000000000000e+03
1.544000000000000000e+03
2.060000000000000000e+03
3.025000000000000000e+03
1.623000000000000000e+03
5.400000000000000000e+02
4.447000000000000000e+03
1.886000000000000000e+03
6.330000000000000000e+02
1.156000000000000000e+03
1.530000000000000000e+02
3.029000000000000000e+03
2.898000000000000000e+03
2.469000000000000000e+03
5.125000000000000000e+03
8.095000000000000000e+03
6.580000000000000000e+02
3.999000000000000000e+03
4.200000000000000000e+03
9.910000000000000000e+02
4.269000000000000000e+03
5.500000000000000000e+02
2.924000000000000000e+03
1.145000000000000000e+03
4.384000000000000000e+03
5.484000000000000000e+03
8.080000000000000000e+02
2.703000000000000000e+03
6.761000000000000000e+03
4.930000000000000000e+03
6.293000000000000000e+03
3.455000000000000000e+03
3.738000000000000000e+03
5.634000000000000000e+03
3.083000000000000000e+03
4.663000000000000000e+03
1.464000000000000000e+03
3.951000000000000000e+03
1.035300000000000000e+04
5.032000000000000000e+03
5.976000000000000000e+03
7.734000000000000000e+03
4.530000000000000000e+03
2.584000000000000000e+03
4.420000000000000000e+03
4.364000000000000000e+03
4.459000000000000000e+03
1.680000000000000000e+03
2.918000000000000000e+03
7.832000000000000000e+03
5.149000000000000000e+03
4.952000000000000000e+03
4.589000000000000000e+03
2.024000000000000000e+03
6.143000000000000000e+03
9.665000000000000000e+03
2.483000000000000000e+03
6.336000000000000000e+03
2.820000000000000000e+03
1.035000000000000000e+03
5.633000000000000000e+03
8.264000000000000000e+03
4.699000000000000000e+03
2.942000000000000000e+03
5.112000000000000000e+03
3.174000000000000000e+03
6.801000000000000000e+03
3.324000000000000000e+03
5.903000000000000000e+03
8.656000000000000000e+03
1.408000000000000000e+03
6.782000000000000000e+03
6.506000000000000000e+03
3.750000000000000000e+03
3.084000000000000000e+03
1.558000000000000000e+03
2.422000000000000000e+03
3.826000000000000000e+03
8.002000000000000000e+03
4.343000000000000000e+03
6.352000000000000000e+03
5.721000000000000000e+03
4.680000000000000000e+02
5.367000000000000000e+03
4.847000000000000000e+03
6.816000000000000000e+03
8.733000000000000000e+03
3.482000000000000000e+03
2.728000000000000000e+03
8.066000000000000000e+03
8.110000000000000000e+02
1.240700000000000000e+04
4.173000000000000000e+03
9.526000000000000000e+03
3.043000000000000000e+03
2.276000000000000000e+03
2.210000000000000000e+03
5.307000000000000000e+03
5.385000000000000000e+03
5.837000000000000000e+03
5.261000000000000000e+03
2.969000000000000000e+03
8.392000000000000000e+03
3.859000000000000000e+03
1.419000000000000000e+03
6.870000000000000000e+02
7.118000000000000000e+03
1.480000000000000000e+03
9.225000000000000000e+03
8.280000000000000000e+03
5.967000000000000000e+03
1.387000000000000000e+03
7.893000000000000000e+03
1.740000000000000000e+02
5.118000000000000000e+03
1.351000000000000000e+03
5.503000000000000000e+03
1.229100000000000000e+04
1.421000000000000000e+03
1.716000000000000000e+03
1.215000000000000000e+03
9.366000000000000000e+03
2.455000000000000000e+03
3.172000000000000000e+03
6.231000000000000000e+03
7.150000000000000000e+03
1.991000000000000000e+03
7.440000000000000000e+03
3.099000000000000000e+03
6.960000000000000000e+02
7.090000000000000000e+02
4.198000000000000000e+03
1.076300000000000000e+04
0.000000000000000000e+00
1.064000000000000000e+03
8.147000000000000000e+03
3.643000000000000000e+03
2.015000000000000000e+03
4.227000000000000000e+03
5.419000000000000000e+03
9.262000000000000000e+03
1.116000000000000000e+03
2.822000000000000000e+03
5.594000000000000000e+03
2.510000000000000000e+03
3.995000000000000000e+03
1.002800000000000000e+04
1.114900000000000000e+04
1.204500000000000000e+04
1.148100000000000000e+04
4.781000000000000000e+03
1.211600000000000000e+04
3.119000000000000000e+03
6.463000000000000000e+03
9.020000000000000000e+03
3.210000000000000000e+03
1.288000000000000000e+04
1.944000000000000000e+03
7.097000000000000000e+03
1.040800000000000000e+04
5.624000000000000000e+03
6.881000000000000000e+03
1.868000000000000000e+03
5.674000000000000000e+03
1.217500000000000000e+04
1.287900000000000000e+04
1.410000000000000000e+02
6.173000000000000000e+03
5.599000000000000000e+03
9.597000000000000000e+03
8.628000000000000000e+03
9.072000000000000000e+03
7.979000000000000000e+03
8.102000000000000000e+03
8.616000000000000000e+03
3.730000000000000000e+03
7.670000000000000000e+02
1.299800000000000000e+04
4.194000000000000000e+03
9.627000000000000000e+03
9.666000000000000000e+03
3.282000000000000000e+03
1.063100000000000000e+04
5.584000000000000000e+03
1.055000000000000000e+03
1.648000000000000000e+03
9.704000000000000000e+03
1.488800000000000000e+04
1.346800000000000000e+04
1.138300000000000000e+04
1.044500000000000000e+04
8.542000000000000000e+03
1.055200000000000000e+04
7.226000000000000000e+03
1.482600000000000000e+04
5.180000000000000000e+03
1.045700000000000000e+04
1.609000000000000000e+03
6.910000000000000000e+02
1.717000000000000000e+03
1.047600000000000000e+04
1.140100000000000000e+04
5.995000000000000000e+03
8.594000000000000000e+03
5.301000000000000000e+03
1.221200000000000000e+04
1.506300000000000000e+04
1.108700000000000000e+04
1.020700000000000000e+04
1.442600000000000000e+04
9.533000000000000000e+03
1.440800000000000000e+04
5.000000000000000000e+00
2.599000000000000000e+03
8.341000000000000000e+03
7.646000000000000000e+03
7.664000000000000000e+03
1.060600000000000000e+04
1.364200000000000000e+04
1.345600000000000000e+04
1.448700000000000000e+04
2.736000000000000000e+03
9.909000000000000000e+03
8.079000000000000000e+03
9.646000000000000000e+03
4.174000000000000000e+03
1.308000000000000000e+04
9.306000000000000000e+03
1.194000000000000000e+04
3.835000000000000000e+03
9.169000000000000000e+03
1.022700000000000000e+04
6.400000000000000000e+01
3.939000000000000000e+03
9.452000000000000000e+03
1.266000000000000000e+04
1.199000000000000000e+04
1.420400000000000000e+04
7.133000000000000000e+03
1.177400000000000000e+04
1.496600000000000000e+04
1.611500000000000000e+04
1.461900000000000000e+04
5.877000000000000000e+03
7.349000000000000000e+03
8.834000000000000000e+03
1.279200000000000000e+04
7.100000000000000000e+01
1.229000000000000000e+04
2.765000000000000000e+03
1.374000000000000000e+03
9.697000000000000000e+03
9.148000000000000000e+03
1.567900000000000000e+04
3.981000000000000000e+03
9.729000000000000000e+03
1.592100000000000000e+04
1.591000000000000000e+04
7.037000000000000000e+03
1.013700000000000000e+04
7.528000000000000000e+03
8.020000000000000000e+03
7.089000000000000000e+03
5.707000000000000000e+03
6.632000000000000000e+03
4.263000000000000000e+03
1.308100000000000000e+04
2.185000000000000000e+03
2.663000000000000000e+03
5.282000000000000000e+03
5.680000000000000000e+02
1.453100000000000000e+04
8.894000000000000000e+03
7.588000000000000000e+03
1.470400000000000000e+04
8.316000000000000000e+03
1.545300000000000000e+04
2.325000000000000000e+03
3.021000000000000000e+03
2.894000000000000000e+03
1.608400000000000000e+04
1.584400000000000000e+04
9.184000000000000000e+03
1.617700000000000000e+04
5.600000000000000000e+03
2.866000000000000000e+03
2.669000000000000000e+03
1.295300000000000000e+04
1.396900000000000000e+04
9.570000000000000000e+03
1.540400000000000000e+04
7.060000000000000000e+02
9.197000000000000000e+03
7.557000000000000000e+03
5.335000000000000000e+03
8.620000000000000000e+02
1.438000000000000000e+03
9.621000000000000000e+03
5.889000000000000000e+03
8.713000000000000000e+03
8.186000000000000000e+03
7.567000000000000000e+03
4.057000000000000000e+03
6.232000000000000000e+03
1.224500000000000000e+04
9.201000000000000000e+03
2.463000000000000000e+03
1.728300000000000000e+04
9.628000000000000000e+03
2.619000000000000000e+03
2.343000000000000000e+03
1.205600000000000000e+04
1.159600000000000000e+04
3.378000000000000000e+03
8.907000000000000000e+03
1.080500000000000000e+04
6.932000000000000000e+03
9.147000000000000000e+03
1.143500000000000000e+04
1.113200000000000000e+04
7.904000000000000000e+03
5.450000000000000000e+03
1.138200000000000000e+04
1.514300000000000000e+04
1.663900000000000000e+04
8.569000000000000000e+03
4.518000000000000000e+03
3.990000000000000000e+03
3.570000000000000000e+02
1.321900000000000000e+04
1.357800000000000000e+04
4.385000000000000000e+03
1.154000000000000000e+03
1.052000000000000000e+03
9.978000000000000000e+03
1.208000000000000000e+04
8.807000000000000000e+03
1.240800000000000000e+04
6.769000000000000000e+03
2.700000000000000000e+01
3.404000000000000000e+03
6.726000000000000000e+03
4.798000000000000000e+03
6.648000000000000000e+03
5.381000000000000000e+03
5.688000000000000000e+03
1.123800000000000000e+04
1.156500000000000000e+04
5.302000000000000000e+03
1.083800000000000000e+04
4.470000000000000000e+02
9.131000000000000000e+03
1.760200000000000000e+04
5.920000000000000000e+02
2.830000000000000000e+03
8.893000000000000000e+03
8.642000000000000000e+03
1.370000000000000000e+04
7.338000000000000000e+03
7.522000000000000000e+03
4.519000000000000000e+03
7.396000000000000000e+03
4.760000000000000000e+03
1.490900000000000000e+04
1.158300000000000000e+04
1.018600000000000000e+04
8.684000000000000000e+03
4.685000000000000000e+03
1.362000000000000000e+03
8.816000000000000000e+03
1.108600000000000000e+04
1.823000000000000000e+04
1.539000000000000000e+03
3.832000000000000000e+03
1.400000000000000000e+02
2.487000000000000000e+03
4.354000000000000000e+03
1.717600000000000000e+04
1.623900000000000000e+04
2.840000000000000000e+02
3.855000000000000000e+03
5.790000000000000000e+03
7.913000000000000000e+03
2.307000000000000000e+03
1.955000000000000000e+03
1.355700000000000000e+04
1.484200000000000000e+04
1.662200000000000000e+04
1.633800000000000000e+04
1.211700000000000000e+04
1.598300000000000000e+04
5.909000000000000000e+03
1.639600000000000000e+04
5.250000000000000000e+03
5.294000000000000000e+03
8.160000000000000000e+02
1.530400000000000000e+04
1.447500000000000000e+04
1.499200000000000000e+04
8.458000000000000000e+03
6.839000000000000000e+03
9.240000000000000000e+02
1.552000000000000000e+03
3.300000000000000000e+01
4.175000000000000000e+03
9.121000000000000000e+03
1.017000000000000000e+03
1.009400000000000000e+04
1.981000000000000000e+03
4.868000000000000000e+03
1.710800000000000000e+04
4.883000000000000000e+03
1.759800000000000000e+04
1.284400000000000000e+04
1.442500000000000000e+04
1.397000000000000000e+04
5.789000000000000000e+03
1.580900000000000000e+04
1.425600000000000000e+04
9.047000000000000000e+03
6.936000000000000000e+03
6.693000000000000000e+03
1.403700000000000000e+04
6.180000000000000000e+03
7.669000000000000000e+03
8.138000000000000000e+03
4.848000000000000000e+03
1.842300000000000000e+04
1.535900000000000000e+04
2.360000000000000000e+03
1.821000000000000000e+03
9.232000000000000000e+03
7.077000000000000000e+03
1.040700000000000000e+04
1.576300000000000000e+04
1.847100000000000000e+04
1.502800000000000000e+04
1.333700000000000000e+04
1.330400000000000000e+04
9.807000000000000000e+03
3.280000000000000000e+03
1.585700000000000000e+04
5.984000000000000000e+03
6.586000000000000000e+03
1.783000000000000000e+03
5.611000000000000000e+03
1.737500000000000000e+04
6.694000000000000000e+03
1.088000000000000000e+04
1.523200000000000000e+04
6.273000000000000000e+03
2.050000000000000000e+03
1.099200000000000000e+04
4.687000000000000000e+03
1.021600000000000000e+04
8.480000000000000000e+03
1.643200000000000000e+04
1.688300000000000000e+04
1.758700000000000000e+04
1.250400000000000000e+04
1.250000000000000000e+02
3.185000000000000000e+03
9.874000000000000000e+03
1.471700000000000000e+04
1.367300000000000000e+04
1.668300000000000000e+04
1.735500000000000000e+04
1.630600000000000000e+04
6.792000000000000000e+03
1.508000000000000000e+03
