8.500000000000000000e+01
1.330000000000000000e+02
2.620000000000000000e+02
3.590000000000000000e+02
1.210000000000000000e+02
5.390000000000000000e+02
4.300000000000000000e+01
5.200000000000000000e+02
5.370000000000000000e+02
9.500000000000000000e+01
2.450000000000000000e+02
4.860000000000000000e+02
9.300000000000000000e+01
2.750000000000000000e+02
1.060000000000000000e+02
1.120000000000000000e+02
4.910000000000000000e+02
9.180000000000000000e+02
3.700000000000000000e+02
1.147000000000000000e+03
1.244000000000000000e+03
2.110000000000000000e+02
7.840000000000000000e+02
2.740000000000000000e+02
2.030000000000000000e+02
9.460000000000000000e+02
2.480000000000000000e+02
8.120000000000000000e+02
2.340000000000000000e+02
2.900000000000000000e+02
2.440000000000000000e+02
2.800000000000000000e+02
2.960000000000000000e+02
4.600000000000000000e+01
5.450000000000000000e+02
4.820000000000000000e+02
1.290000000000000000e+02
1.680000000000000000e+02
8.560000000000000000e+02
2.632000000000000000e+03
6.550000000000000000e+02
1.482000000000000000e+03
3.107000000000000000e+03
1.960000000000000000e+02
1.232000000000000000e+03
2.375000000000000000e+03
1.128000000000000000e+03
2.464000000000000000e+03
6.950000000000000000e+02
2.741000000000000000e+03
3.135000000000000000e+03
2.509000000000000000e+03
3.825000000000000000e+03
4.783000000000000000e+03
1.975000000000000000e+03
2.944000000000000000e+03
5.180000000000000000e+02
1.687000000000000000e+03
2.161000000000000000e+03
3.050000000000000000e+02
4.600000000000000000e+02
5.660000000000000000e+02
2.902000000000000000e+03
7.660000000000000000e+02
4.240000000000000000e+02
1.177000000000000000e+03
8.500000000000000000e+02
2.194000000000000000e+03
1.530000000000000000e+03
3.416000000000000000e+03
4.327000000000000000e+03
3.668000000000000000e+03
3.728000000000000000e+03
1.332000000000000000e+03
2.735000000000000000e+03
2.800000000000000000e+03
2.797000000000000000e+03
8.610000000000000000e+02
6.306000000000000000e+03
1.202000000000000000e+03
7.890000000000000000e+02
2.624000000000000000e+03
2.120000000000000000e+02
1.313000000000000000e+03
1.146000000000000000e+03
3.310000000000000000e+02
2.849000000000000000e+03
2.500000000000000000e+02
3.451000000000000000e+03
1.915000000000000000e+03
4.172000000000000000e+03
3.838000000000000000e+03
3.620000000000000000e+03
5.320000000000000000e+02
5.064000000000000000e+03
4.904000000000000000e+03
9.960000000000000000e+02
2.852000000000000000e+03
1.467000000000000000e+03
1.398000000000000000e+03
2.583000000000000000e+03
2.891000000000000000e+03
9.750000000000000000e+02
6.060000000000000000e+02
6.007000000000000000e+03
1.978000000000000000e+03
5.369000000000000000e+03
2.398000000000000000e+03
1.404000000000000000e+03
4.610000000000000000e+02
2.060000000000000000e+02
4.522000000000000000e+03
2.865000000000000000e+03
4.324000000000000000e+03
4.940000000000000000e+03
2.646000000000000000e+03
5.440000000000000000e+02
1.656000000000000000e+03
7.498000000000000000e+03
1.468000000000000000e+03
7.940000000000000000e+02
5.220000000000000000e+02
5.567000000000000000e+03
3.181000000000000000e+03
7.492000000000000000e+03
2.087000000000000000e+03
4.746000000000000000e+03
2.268000000000000000e+03
7.800000000000000000e+02
3.472000000000000000e+03
3.505000000000000000e+03
2.997000000000000000e+03
4.646000000000000000e+03
4.016000000000000000e+03
6.966000000000000000e+03
1.620000000000000000e+02
6.123000000000000000e+03
6.180000000000000000e+02
5.458000000000000000e+03
2.932000000000000000e+03
8.562000000000000000e+03
3.798000000000000000e+03
6.499000000000000000e+03
1.670000000000000000e+02
2.200000000000000000e+02
2.582000000000000000e+03
8.701000000000000000e+03
4.629000000000000000e+03
4.898000000000000000e+03
3.016000000000000000e+03
6.545000000000000000e+03
3.245000000000000000e+03
6.118000000000000000e+03
6.729000000000000000e+03
1.452000000000000000e+03
3.200000000000000000e+02
4.170000000000000000e+02
4.894000000000000000e+03
8.194000000000000000e+03
1.594000000000000000e+03
4.706000000000000000e+03
4.413000000000000000e+03
5.783000000000000000e+03
7.514000000000000000e+03
9.600000000000000000e+02
2.108000000000000000e+03
6.965000000000000000e+03
5.323000000000000000e+03
9.320000000000000000e+02
8.833000000000000000e+03
2.757000000000000000e+03
8.193000000000000000e+03
5.836000000000000000e+03
4.056000000000000000e+03
2.840000000000000000e+03
5.006000000000000000e+03
3.204000000000000000e+03
5.887000000000000000e+03
5.941000000000000000e+03
5.252000000000000000e+03
6.301000000000000000e+03
5.278000000000000000e+03
6.001000000000000000e+03
4.420000000000000000e+02
8.712000000000000000e+03
4.464000000000000000e+03
5.287000000000000000e+03
9.400000000000000000e+01
3.522000000000000000e+03
3.398000000000000000e+03
6.319000000000000000e+03
6.629000000000000000e+03
1.147500000000000000e+04
5.281000000000000000e+03
9.770000000000000000e+02
3.566000000000000000e+03
4.099000000000000000e+03
6.945000000000000000e+03
2.679000000000000000e+03
3.215000000000000000e+03
3.693000000000000000e+03
4.838000000000000000e+03
2.577000000000000000e+03
5.210000000000000000e+02
2.462000000000000000e+03
8.546000000000000000e+03
2.732000000000000000e+03
6.931000000000000000e+03
5.544000000000000000e+03
3.155000000000000000e+03
1.891000000000000000e+03
5.146000000000000000e+03
4.107000000000000000e+03
1.781000000000000000e+03
3.439000000000000000e+03
9.806000000000000000e+03
7.364000000000000000e+03
5.620000000000000000e+03
1.128200000000000000e+04
3.767000000000000000e+03
4.534000000000000000e+03
2.324000000000000000e+03
8.210000000000000000e+02
1.069900000000000000e+04
2.810000000000000000e+03
5.380000000000000000e+03
6.147000000000000000e+03
9.404000000000000000e+03
6.178000000000000000e+03
6.994000000000000000e+03
1.696000000000000000e+03
3.974000000000000000e+03
1.513700000000000000e+04
9.385000000000000000e+03
9.552000000000000000e+03
7.254000000000000000e+03
7.141000000000000000e+03
6.186000000000000000e+03
1.153600000000000000e+04
6.830000000000000000e+02
1.031600000000000000e+04
1.066000000000000000e+04
5.667000000000000000e+03
1.334000000000000000e+03
9.511000000000000000e+03
6.012000000000000000e+03
4.336000000000000000e+03
3.990000000000000000e+02
5.850000000000000000e+02
1.415900000000000000e+04
6.993000000000000000e+03
2.693000000000000000e+03
1.605200000000000000e+04
1.130200000000000000e+04
1.086600000000000000e+04
2.254000000000000000e+03
9.702000000000000000e+03
1.112700000000000000e+04
3.811000000000000000e+03
3.200000000000000000e+03
1.331300000000000000e+04
1.240300000000000000e+04
2.544000000000000000e+03
3.692000000000000000e+03
8.702000000000000000e+03
3.308000000000000000e+03
9.630000000000000000e+02
7.796000000000000000e+03
3.868000000000000000e+03
2.091000000000000000e+03
3.985000000000000000e+03
1.153900000000000000e+04
1.469000000000000000e+03
5.860000000000000000e+02
3.374000000000000000e+03
1.593000000000000000e+03
1.043400000000000000e+04
1.026800000000000000e+04
5.540000000000000000e+03
1.007300000000000000e+04
7.807000000000000000e+03
1.576000000000000000e+03
6.544000000000000000e+03
3.414000000000000000e+03
4.349000000000000000e+03
5.012000000000000000e+03
1.092000000000000000e+04
5.938000000000000000e+03
5.773000000000000000e+03
6.470000000000000000e+02
1.485700000000000000e+04
1.391700000000000000e+04
5.750000000000000000e+03
4.828000000000000000e+03
6.984000000000000000e+03
1.276900000000000000e+04
1.064900000000000000e+04
2.069000000000000000e+03
4.398000000000000000e+03
7.532000000000000000e+03
1.395400000000000000e+04
6.825000000000000000e+03
6.938000000000000000e+03
6.381000000000000000e+03
1.030400000000000000e+04
4.495000000000000000e+03
3.523000000000000000e+03
4.020000000000000000e+02
1.200000000000000000e+04
9.410000000000000000e+02
1.016300000000000000e+04
1.181000000000000000e+04
7.160000000000000000e+03
7.561000000000000000e+03
1.225200000000000000e+04
5.914000000000000000e+03
1.497700000000000000e+04
1.112800000000000000e+04
1.523000000000000000e+04
2.475000000000000000e+03
3.302000000000000000e+03
4.504000000000000000e+03
1.311500000000000000e+04
9.071000000000000000e+03
8.650000000000000000e+03
7.330000000000000000e+03
1.155500000000000000e+04
1.532800000000000000e+04
1.034000000000000000e+04
4.360000000000000000e+02
1.335800000000000000e+04
1.251500000000000000e+04
9.583000000000000000e+03
1.292600000000000000e+04
1.151000000000000000e+03
3.240000000000000000e+02
6.438000000000000000e+03
1.045900000000000000e+04
1.133200000000000000e+04
1.295000000000000000e+03
1.130300000000000000e+04
4.216000000000000000e+03
7.322000000000000000e+03
7.124000000000000000e+03
6.888000000000000000e+03
8.351000000000000000e+03
8.247000000000000000e+03
1.515700000000000000e+04
1.065900000000000000e+04
1.327600000000000000e+04
1.240200000000000000e+04
1.513900000000000000e+04
1.061700000000000000e+04
3.834000000000000000e+03
7.693000000000000000e+03
1.236000000000000000e+03
1.346400000000000000e+04
1.530000000000000000e+04
1.513800000000000000e+04
4.171000000000000000e+03
9.372000000000000000e+03
3.518000000000000000e+03
1.256600000000000000e+04
5.152000000000000000e+03
9.852000000000000000e+03
1.193900000000000000e+04
1.320900000000000000e+04
1.702400000000000000e+04
1.103200000000000000e+04
6.230000000000000000e+03
7.213000000000000000e+03
4.049000000000000000e+03
1.477900000000000000e+04
1.282400000000000000e+04
1.655300000000000000e+04
5.911000000000000000e+03
1.596500000000000000e+04
1.557700000000000000e+04
5.844000000000000000e+03
1.160300000000000000e+04
3.640000000000000000e+03
2.794000000000000000e+03
1.245000000000000000e+03
2.832000000000000000e+03
9.165000000000000000e+03
6.210000000000000000e+03
1.407000000000000000e+03
3.689000000000000000e+03
1.260700000000000000e+04
1.275400000000000000e+04
1.700000000000000000e+02
4.515000000000000000e+03
1.379200000000000000e+04
1.330100000000000000e+04
1.766400000000000000e+04
2.004000000000000000e+03
1.249900000000000000e+04
1.383500000000000000e+04
4.004000000000000000e+03
1.296800000000000000e+04
5.179000000000000000e+03
3.393000000000000000e+03
1.403400000000000000e+04
1.423300000000000000e+04
7.911000000000000000e+03
2.557000000000000000e+03
4.640000000000000000e+03
1.642800000000000000e+04
3.517000000000000000e+03
3.624000000000000000e+03
1.634600000000000000e+04
2.730000000000000000e+02
6.101000000000000000e+03
1.256500000000000000e+04
1.737200000000000000e+04
1.065000000000000000e+04
6.894000000000000000e+03
1.648100000000000000e+04
2.731000000000000000e+03
1.619400000000000000e+04
1.087600000000000000e+04
1.019200000000000000e+04
1.402300000000000000e+04
2.310000000000000000e+03
1.486000000000000000e+04
1.275300000000000000e+04
9.130000000000000000e+03
1.390100000000000000e+04
1.034000000000000000e+03
1.180900000000000000e+04
1.493500000000000000e+04
6.389000000000000000e+03
1.250000000000000000e+04
1.230000000000000000e+02
1.471400000000000000e+04
1.615700000000000000e+04
5.798000000000000000e+03
3.010000000000000000e+03
4.428000000000000000e+03
1.231800000000000000e+04
1.017700000000000000e+04
4.342000000000000000e+03
1.597800000000000000e+04
9.274000000000000000e+03
1.761900000000000000e+04
6.072000000000000000e+03
8.059000000000000000e+03
3.299000000000000000e+03
1.273600000000000000e+04
1.010000000000000000e+02
5.791000000000000000e+03
4.145000000000000000e+03
2.720000000000000000e+02
1.604000000000000000e+04
1.433600000000000000e+04
1.668000000000000000e+04
1.841100000000000000e+04
4.150000000000000000e+02
1.633400000000000000e+04
1.651300000000000000e+04
1.282500000000000000e+04
7.400000000000000000e+01
8.000000000000000000e+02
1.810000000000000000e+03
1.600000000000000000e+01
1.655400000000000000e+04
1.184900000000000000e+04
8.369000000000000000e+03
1.321000000000000000e+04
1.698000000000000000e+04
9.430000000000000000e+02
9.771000000000000000e+03
1.051300000000000000e+04
1.324100000000000000e+04
4.807000000000000000e+03
1.814600000000000000e+04
9.062000000000000000e+03
1.672400000000000000e+04
8.231000000000000000e+03
1.476600000000000000e+04
1.293700000000000000e+04
1.396500000000000000e+04
6.570000000000000000e+02
1.616000000000000000e+04
1.786100000000000000e+04
1.516800000000000000e+04
1.221000000000000000e+04
1.755400000000000000e+04
1.613000000000000000e+03
8.563000000000000000e+03
1.746800000000000000e+04
1.627300000000000000e+04
1.215600000000000000e+04
1.025400000000000000e+04
1.801400000000000000e+04
1.163600000000000000e+04
3.216000000000000000e+03
2.718000000000000000e+03
5.534000000000000000e+03
3.239000000000000000e+03
5.843000000000000000e+03
1.255000000000000000e+03
1.834300000000000000e+04
5.814000000000000000e+03
2.480000000000000000e+03
3.682000000000000000e+03
1.619500000000000000e+04
2.790000000000000000e+02
1.153700000000000000e+04
1.263800000000000000e+04
9.231000000000000000e+03
3.033000000000000000e+03
4.183000000000000000e+03
1.535300000000000000e+04
9.334000000000000000e+03
6.946000000000000000e+03
1.458100000000000000e+04
1.702500000000000000e+04
1.011400000000000000e+04
9.386000000000000000e+03
4.509000000000000000e+03
1.140000000000000000e+03
1.875000000000000000e+03
5.610000000000000000e+03
6.598000000000000000e+03
6.718000000000000000e+03
9.747000000000000000e+03
6.471000000000000000e+03
1.224100000000000000e+04
9.770000000000000000e+03
1.160500000000000000e+04
1.128300000000000000e+04
1.097000000000000000e+03
7.331000000000000000e+03
4.066000000000000000e+03
9.350000000000000000e+02
4.563000000000000000e+03
4.963000000000000000e+03
1.843800000000000000e+04
3.987000000000000000e+03
9.200000000000000000e+01
3.287000000000000000e+03
2.572000000000000000e+03
1.253500000000000000e+04
1.663300000000000000e+04
1.191400000000000000e+04
5.769000000000000000e+03
1.376500000000000000e+04
5.650000000000000000e+02
5.627000000000000000e+03
9.685000000000000000e+03
1.622500000000000000e+04
3.080000000000000000e+03
2.054000000000000000e+03
9.005000000000000000e+03
5.477000000000000000e+03
