1.330000000000000000e+02
1.960000000000000000e+02
2.500000000000000000e+02
2.110000000000000000e+02
2.620000000000000000e+02
1.980000000000000000e+02
4.300000000000000000e+01
1.620000000000000000e+02
1.332000000000000000e+03
7.400000000000000000e+01
2.750000000000000000e+02
2.960000000000000000e+02
2.060000000000000000e+02
4.910000000000000000e+02
7.940000000000000000e+02
1.120000000000000000e+02
6.180000000000000000e+02
5.200000000000000000e+02
5.390000000000000000e+02
1.210000000000000000e+02
5.180000000000000000e+02
1.670000000000000000e+02
1.290000000000000000e+02
5.220000000000000000e+02
1.613000000000000000e+03
2.450000000000000000e+02
2.087000000000000000e+03
9.750000000000000000e+02
1.097000000000000000e+03
2.740000000000000000e+02
9.300000000000000000e+01
9.500000000000000000e+01
8.610000000000000000e+02
2.004000000000000000e+03
4.610000000000000000e+02
1.680000000000000000e+02
3.990000000000000000e+02
5.650000000000000000e+02
2.191000000000000000e+03
2.120000000000000000e+02
4.420000000000000000e+02
2.583000000000000000e+03
2.900000000000000000e+02
5.320000000000000000e+02
9.960000000000000000e+02
3.050000000000000000e+02
4.600000000000000000e+02
5.660000000000000000e+02
9.400000000000000000e+01
1.656000000000000000e+03
6.390000000000000000e+02
3.200000000000000000e+02
4.860000000000000000e+02
4.170000000000000000e+02
6.072000000000000000e+03
1.530000000000000000e+03
8.120000000000000000e+02
2.340000000000000000e+02
2.865000000000000000e+03
1.915000000000000000e+03
7.890000000000000000e+02
1.147000000000000000e+03
2.268000000000000000e+03
1.177000000000000000e+03
2.398000000000000000e+03
2.462000000000000000e+03
1.891000000000000000e+03
2.480000000000000000e+03
3.767000000000000000e+03
1.128000000000000000e+03
5.152000000000000000e+03
3.080000000000000000e+03
5.850000000000000000e+02
4.216000000000000000e+03
1.151000000000000000e+03
1.452000000000000000e+03
9.320000000000000000e+02
9.460000000000000000e+02
5.370000000000000000e+02
1.700000000000000000e+02
2.080000000000000000e+03
2.735000000000000000e+03
2.509000000000000000e+03
4.056000000000000000e+03
3.443000000000000000e+03
2.741000000000000000e+03
4.360000000000000000e+02
3.308000000000000000e+03
4.522000000000000000e+03
2.002000000000000000e+03
1.236000000000000000e+03
2.557000000000000000e+03
5.860000000000000000e+02
1.696000000000000000e+03
2.965000000000000000e+03
3.811000000000000000e+03
2.194000000000000000e+03
3.107000000000000000e+03
1.975000000000000000e+03
4.413000000000000000e+03
2.577000000000000000e+03
2.757000000000000000e+03
2.054000000000000000e+03
1.642000000000000000e+03
4.324000000000000000e+03
6.550000000000000000e+02
4.820000000000000000e+02
4.398000000000000000e+03
2.693000000000000000e+03
2.069000000000000000e+03
3.682000000000000000e+03
1.482000000000000000e+03
2.902000000000000000e+03
4.940000000000000000e+03
1.469000000000000000e+03
3.640000000000000000e+03
4.004000000000000000e+03
6.402000000000000000e+03
9.600000000000000000e+02
3.200000000000000000e+03
5.287000000000000000e+03
5.281000000000000000e+03
5.006000000000000000e+03
5.938000000000000000e+03
3.157000000000000000e+03
6.147000000000000000e+03
4.706000000000000000e+03
9.350000000000000000e+02
4.016000000000000000e+03
4.808000000000000000e+03
7.331000000000000000e+03
5.278000000000000000e+03
4.107000000000000000e+03
2.730000000000000000e+02
3.393000000000000000e+03
2.161000000000000000e+03
1.398000000000000000e+03
4.894000000000000000e+03
3.985000000000000000e+03
5.814000000000000000e+03
5.773000000000000000e+03
8.500000000000000000e+02
4.515000000000000000e+03
3.668000000000000000e+03
5.400000000000000000e+01
4.172000000000000000e+03
5.012000000000000000e+03
8.560000000000000000e+02
2.014000000000000000e+03
2.030000000000000000e+02
5.941000000000000000e+03
1.781000000000000000e+03
4.099000000000000000e+03
2.732000000000000000e+03
2.840000000000000000e+03
3.523000000000000000e+03
4.563000000000000000e+03
6.389000000000000000e+03
4.783000000000000000e+03
5.440000000000000000e+02
2.797000000000000000e+03
1.313000000000000000e+03
6.060000000000000000e+02
3.216000000000000000e+03
4.746000000000000000e+03
5.540000000000000000e+03
6.186000000000000000e+03
1.701000000000000000e+03
6.950000000000000000e+02
7.322000000000000000e+03
5.064000000000000000e+03
6.894000000000000000e+03
1.034000000000000000e+03
7.840000000000000000e+02
2.133000000000000000e+03
1.244000000000000000e+03
1.334000000000000000e+03
8.239000000000000000e+03
6.007000000000000000e+03
2.310000000000000000e+03
1.687000000000000000e+03
2.852000000000000000e+03
1.146000000000000000e+03
6.230000000000000000e+03
9.630000000000000000e+02
3.781000000000000000e+03
2.624000000000000000e+03
2.790000000000000000e+02
9.005000000000000000e+03
2.440000000000000000e+02
4.464000000000000000e+03
5.369000000000000000e+03
7.514000000000000000e+03
8.000000000000000000e+02
5.844000000000000000e+03
1.608000000000000000e+03
1.061600000000000000e+04
2.932000000000000000e+03
5.798000000000000000e+03
3.868000000000000000e+03
4.963000000000000000e+03
5.252000000000000000e+03
3.728000000000000000e+03
2.616000000000000000e+03
2.794000000000000000e+03
7.796000000000000000e+03
4.838000000000000000e+03
2.464000000000000000e+03
4.336000000000000000e+03
8.650000000000000000e+03
1.019200000000000000e+04
9.062000000000000000e+03
7.330000000000000000e+03
3.930000000000000000e+02
5.684000000000000000e+03
5.146000000000000000e+03
3.505000000000000000e+03
8.215000000000000000e+03
5.115000000000000000e+03
2.800000000000000000e+02
6.994000000000000000e+03
7.174000000000000000e+03
2.718000000000000000e+03
5.769000000000000000e+03
9.685000000000000000e+03
9.130000000000000000e+03
5.627000000000000000e+03
2.849000000000000000e+03
7.364000000000000000e+03
1.160500000000000000e+04
4.066000000000000000e+03
1.202000000000000000e+03
5.475000000000000000e+03
1.436700000000000000e+04
2.224000000000000000e+03
7.910000000000000000e+02
3.700000000000000000e+02
3.522000000000000000e+03
5.323000000000000000e+03
6.001000000000000000e+03
8.059000000000000000e+03
6.947000000000000000e+03
9.386000000000000000e+03
5.237000000000000000e+03
7.213000000000000000e+03
3.541000000000000000e+03
6.499000000000000000e+03
6.965000000000000000e+03
1.295000000000000000e+03
6.984000000000000000e+03
9.372000000000000000e+03
5.783000000000000000e+03
4.562000000000000000e+03
1.467000000000000000e+03
6.319000000000000000e+03
1.468000000000000000e+03
3.416000000000000000e+03
1.103200000000000000e+04
1.010000000000000000e+02
2.679000000000000000e+03
4.023000000000000000e+03
3.432000000000000000e+03
2.207000000000000000e+03
1.026800000000000000e+04
5.620000000000000000e+03
1.128300000000000000e+04
7.124000000000000000e+03
5.477000000000000000e+03
4.362000000000000000e+03
5.942000000000000000e+03
5.911000000000000000e+03
2.128000000000000000e+03
8.510000000000000000e+03
9.410000000000000000e+02
1.217100000000000000e+04
1.133200000000000000e+04
1.221000000000000000e+04
5.791000000000000000e+03
6.945000000000000000e+03
2.544000000000000000e+03
3.439000000000000000e+03
6.301000000000000000e+03
8.194000000000000000e+03
9.852000000000000000e+03
1.562900000000000000e+04
6.900000000000000000e+03
1.017700000000000000e+04
5.458000000000000000e+03
1.224100000000000000e+04
6.729000000000000000e+03
4.158000000000000000e+03
3.245000000000000000e+03
7.807000000000000000e+03
6.946000000000000000e+03
9.812000000000000000e+03
9.770000000000000000e+03
1.163600000000000000e+04
3.889000000000000000e+03
8.443000000000000000e+03
9.385000000000000000e+03
2.053000000000000000e+03
9.290000000000000000e+02
9.806000000000000000e+03
2.475000000000000000e+03
1.130300000000000000e+04
4.049000000000000000e+03
6.000000000000000000e+00
1.112800000000000000e+04
3.016000000000000000e+03
5.142000000000000000e+03
3.472000000000000000e+03
9.511000000000000000e+03
8.563000000000000000e+03
4.509000000000000000e+03
2.582000000000000000e+03
6.118000000000000000e+03
3.135000000000000000e+03
1.011400000000000000e+04
6.196000000000000000e+03
1.281000000000000000e+03
1.245000000000000000e+03
6.381000000000000000e+03
5.836000000000000000e+03
1.153900000000000000e+04
1.181000000000000000e+04
6.123000000000000000e+03
1.275400000000000000e+04
1.016300000000000000e+04
1.231800000000000000e+04
9.771000000000000000e+03
1.593000000000000000e+03
1.069900000000000000e+04
1.282600000000000000e+04
8.130000000000000000e+02
1.296800000000000000e+04
7.660000000000000000e+02
3.181000000000000000e+03
9.430000000000000000e+02
7.787000000000000000e+03
1.153700000000000000e+04
2.108000000000000000e+03
2.632000000000000000e+03
1.487000000000000000e+03
8.702000000000000000e+03
5.567000000000000000e+03
1.273600000000000000e+04
1.429200000000000000e+04
7.374000000000000000e+03
1.782000000000000000e+03
1.230000000000000000e+02
3.451000000000000000e+03
1.066000000000000000e+04
1.256600000000000000e+04
6.306000000000000000e+03
4.904000000000000000e+03
1.251500000000000000e+04
1.249900000000000000e+04
3.590000000000000000e+02
8.562000000000000000e+03
1.432200000000000000e+04
1.061700000000000000e+04
1.510800000000000000e+04
6.966000000000000000e+03
4.690000000000000000e+02
3.310000000000000000e+02
7.532000000000000000e+03
1.600000000000000000e+01
1.376500000000000000e+04
1.282500000000000000e+04
1.458100000000000000e+04
1.086600000000000000e+04
4.150000000000000000e+02
8.546000000000000000e+03
2.944000000000000000e+03
3.838000000000000000e+03
1.577900000000000000e+04
5.641000000000000000e+03
3.414000000000000000e+03
9.583000000000000000e+03
1.225200000000000000e+04
1.516800000000000000e+04
6.570000000000000000e+02
6.825000000000000000e+03
6.462000000000000000e+03
5.488000000000000000e+03
1.051300000000000000e+04
8.500000000000000000e+01
5.750000000000000000e+03
1.128200000000000000e+04
4.898000000000000000e+03
1.493500000000000000e+04
1.263800000000000000e+04
1.367100000000000000e+04
2.850000000000000000e+03
4.051000000000000000e+03
3.592000000000000000e+03
1.321000000000000000e+04
1.160300000000000000e+04
1.346400000000000000e+04
4.073000000000000000e+03
1.193900000000000000e+04
3.620000000000000000e+03
1.250000000000000000e+04
9.552000000000000000e+03
1.130200000000000000e+04
7.800000000000000000e+02
6.012000000000000000e+03
8.315000000000000000e+03
6.221000000000000000e+03
6.545000000000000000e+03
2.891000000000000000e+03
2.476000000000000000e+03
8.534000000000000000e+03
1.452900000000000000e+04
1.486000000000000000e+04
1.633400000000000000e+04
1.119400000000000000e+04
7.141000000000000000e+03
6.629000000000000000e+03
1.665200000000000000e+04
1.468000000000000000e+04
1.627400000000000000e+04
1.002400000000000000e+04
4.537000000000000000e+03
3.566000000000000000e+03
7.527000000000000000e+03
1.762000000000000000e+04
5.509000000000000000e+03
1.352900000000000000e+04
1.513800000000000000e+04
1.031700000000000000e+04
4.358000000000000000e+03
8.752000000000000000e+03
1.060000000000000000e+02
8.193000000000000000e+03
1.735300000000000000e+04
1.402300000000000000e+04
1.034000000000000000e+04
1.292600000000000000e+04
1.668000000000000000e+04
8.651000000000000000e+03
1.655400000000000000e+04
4.652000000000000000e+03
1.831000000000000000e+03
1.614100000000000000e+04
1.192400000000000000e+04
1.475000000000000000e+04
5.450000000000000000e+02
9.618000000000000000e+03
1.702500000000000000e+04
1.390100000000000000e+04
1.693000000000000000e+03
3.834000000000000000e+03
8.956000000000000000e+03
1.709400000000000000e+04
1.619500000000000000e+04
1.672400000000000000e+04
1.395400000000000000e+04
3.782000000000000000e+03
5.534000000000000000e+03
1.590900000000000000e+04
2.804000000000000000e+03
7.380000000000000000e+02
3.582000000000000000e+03
1.978000000000000000e+03
4.629000000000000000e+03
9.404000000000000000e+03
1.698000000000000000e+04
4.731000000000000000e+03
1.589300000000000000e+04
7.803000000000000000e+03
2.081000000000000000e+03
1.007300000000000000e+04
1.112700000000000000e+04
1.694700000000000000e+04
1.655000000000000000e+03
1.970000000000000000e+02
1.153600000000000000e+04
3.275000000000000000e+03
5.983000000000000000e+03
2.862000000000000000e+03
4.646000000000000000e+03
1.523000000000000000e+04
1.377900000000000000e+04
1.755400000000000000e+04
1.183700000000000000e+04
1.147600000000000000e+04
1.512100000000000000e+04
3.658000000000000000e+03
8.516000000000000000e+03
3.398000000000000000e+03
1.615700000000000000e+04
5.667000000000000000e+03
1.240300000000000000e+04
6.452000000000000000e+03
8.100000000000000000e+03
9.180000000000000000e+02
1.651300000000000000e+04
7.965000000000000000e+03
7.890000000000000000e+03
7.561000000000000000e+03
3.825000000000000000e+03
5.590000000000000000e+03
1.671400000000000000e+04
1.537000000000000000e+03
8.231000000000000000e+03
5.980000000000000000e+03
5.058000000000000000e+03
2.827000000000000000e+03
1.066100000000000000e+04
7.688000000000000000e+03
1.243300000000000000e+04
1.015900000000000000e+04
6.178000000000000000e+03
2.800000000000000000e+03
1.589200000000000000e+04
1.159300000000000000e+04
7.693000000000000000e+03
3.693000000000000000e+03
1.330100000000000000e+04
3.798000000000000000e+03
2.092000000000000000e+03
1.560000000000000000e+04
1.163700000000000000e+04
1.735200000000000000e+04
1.681100000000000000e+04
1.596500000000000000e+04
8.712000000000000000e+03
1.631800000000000000e+04
8.129000000000000000e+03
1.625300000000000000e+04
2.916000000000000000e+03
1.641000000000000000e+04
1.331300000000000000e+04
5.591000000000000000e+03
9.703000000000000000e+03
1.232000000000000000e+03
1.415900000000000000e+04
1.823700000000000000e+04
1.622500000000000000e+04
1.112900000000000000e+04
1.404000000000000000e+03
1.379200000000000000e+04
1.092000000000000000e+04
3.155000000000000000e+03
1.530000000000000000e+04
1.569700000000000000e+04
7.353000000000000000e+03
1.275500000000000000e+04
4.817000000000000000e+03
1.473000000000000000e+03
3.638000000000000000e+03
6.108000000000000000e+03
3.204000000000000000e+03
9.071000000000000000e+03
1.761900000000000000e+04
1.602000000000000000e+03
1.316000000000000000e+04
1.672500000000000000e+04
1.582500000000000000e+04
5.384000000000000000e+03
2.646000000000000000e+03
5.914000000000000000e+03
1.064900000000000000e+04
1.814600000000000000e+04
1.513900000000000000e+04
6.424000000000000000e+03
7.741000000000000000e+03
1.454400000000000000e+04
1.630200000000000000e+04
7.715000000000000000e+03
2.521000000000000000e+03
1.180000000000000000e+04
7.930000000000000000e+02
1.440700000000000000e+04
