2.000000000000000000e+00
7.400000000000000000e+01
1.710000000000000000e+02
6.000000000000000000e+00
9.400000000000000000e+01
2.790000000000000000e+02
5.030000000000000000e+02
7.930000000000000000e+02
1.980000000000000000e+02
4.150000000000000000e+02
2.060000000000000000e+02
1.970000000000000000e+02
1.670000000000000000e+02
1.700000000000000000e+02
7.180000000000000000e+02
5.650000000000000000e+02
1.281000000000000000e+03
4.360000000000000000e+02
8.000000000000000000e+02
1.010000000000000000e+02
1.600000000000000000e+01
1.655000000000000000e+03
7.500000000000000000e+01
3.930000000000000000e+02
1.469000000000000000e+03
5.400000000000000000e+01
1.207000000000000000e+03
2.210000000000000000e+02
4.420000000000000000e+02
1.390000000000000000e+02
2.520000000000000000e+02
4.300000000000000000e+01
1.487000000000000000e+03
3.990000000000000000e+02
1.034000000000000000e+03
1.506000000000000000e+03
1.620000000000000000e+02
3.200000000000000000e+02
4.170000000000000000e+02
8.130000000000000000e+02
2.804000000000000000e+03
4.690000000000000000e+02
2.827000000000000000e+03
1.608000000000000000e+03
6.390000000000000000e+02
7.910000000000000000e+02
7.380000000000000000e+02
1.290000000000000000e+02
4.693000000000000000e+03
1.334000000000000000e+03
2.081000000000000000e+03
3.675000000000000000e+03
4.180000000000000000e+03
5.300000000000000000e+01
2.730000000000000000e+02
2.053000000000000000e+03
4.964000000000000000e+03
1.295000000000000000e+03
1.701000000000000000e+03
1.602000000000000000e+03
1.020000000000000000e+02
9.350000000000000000e+02
3.658000000000000000e+03
1.097000000000000000e+03
1.642000000000000000e+03
5.320000000000000000e+02
1.230000000000000000e+02
1.734000000000000000e+03
2.616000000000000000e+03
9.080000000000000000e+02
2.500000000000000000e+02
3.295000000000000000e+03
4.225000000000000000e+03
3.782000000000000000e+03
2.092000000000000000e+03
1.151000000000000000e+03
2.139000000000000000e+03
2.960000000000000000e+02
2.450000000000000000e+02
2.110000000000000000e+02
9.290000000000000000e+02
2.093000000000000000e+03
1.569000000000000000e+03
2.224000000000000000e+03
3.592000000000000000e+03
6.298000000000000000e+03
2.128000000000000000e+03
3.069000000000000000e+03
2.476000000000000000e+03
1.831000000000000000e+03
9.320000000000000000e+02
9.430000000000000000e+02
1.680000000000000000e+02
5.860000000000000000e+02
6.570000000000000000e+02
2.014000000000000000e+03
9.960000000000000000e+02
2.327000000000000000e+03
4.300000000000000000e+02
2.080000000000000000e+03
2.740000000000000000e+02
7.307000000000000000e+03
6.600000000000000000e+01
1.120000000000000000e+02
2.750000000000000000e+02
7.308000000000000000e+03
8.590000000000000000e+02
2.260000000000000000e+03
1.537000000000000000e+03
7.149000000000000000e+03
5.832000000000000000e+03
3.275000000000000000e+03
1.781000000000000000e+03
1.960000000000000000e+02
2.598000000000000000e+03
4.358000000000000000e+03
4.821000000000000000e+03
8.010000000000000000e+02
1.720000000000000000e+02
4.615000000000000000e+03
3.638000000000000000e+03
4.817000000000000000e+03
4.652000000000000000e+03
4.051000000000000000e+03
6.357000000000000000e+03
6.995000000000000000e+03
3.799000000000000000e+03
2.570000000000000000e+02
4.844000000000000000e+03
3.216000000000000000e+03
2.207000000000000000e+03
2.310000000000000000e+03
1.510000000000000000e+03
2.002000000000000000e+03
6.180000000000000000e+02
9.630000000000000000e+02
7.420000000000000000e+03
3.537000000000000000e+03
2.069000000000000000e+03
2.916000000000000000e+03
5.269000000000000000e+03
2.862000000000000000e+03
1.177000000000000000e+03
4.158000000000000000e+03
6.266000000000000000e+03
1.870000000000000000e+02
2.647000000000000000e+03
2.935000000000000000e+03
4.410000000000000000e+02
3.582000000000000000e+03
2.133000000000000000e+03
9.865000000000000000e+03
7.101000000000000000e+03
5.138000000000000000e+03
1.236000000000000000e+03
1.444000000000000000e+03
4.023000000000000000e+03
1.960000000000000000e+03
5.220000000000000000e+02
2.850000000000000000e+03
3.498000000000000000e+03
4.362000000000000000e+03
7.353000000000000000e+03
6.302000000000000000e+03
6.292000000000000000e+03
3.579000000000000000e+03
7.484000000000000000e+03
5.058000000000000000e+03
4.684000000000000000e+03
6.956000000000000000e+03
6.249000000000000000e+03
5.488000000000000000e+03
4.610000000000000000e+02
8.621000000000000000e+03
4.049000000000000000e+03
7.965000000000000000e+03
3.201000000000000000e+03
1.130000000000000000e+02
5.660000000000000000e+02
8.516000000000000000e+03
3.138000000000000000e+03
9.300000000000000000e+01
3.889000000000000000e+03
2.794000000000000000e+03
6.073000000000000000e+03
8.208000000000000000e+03
3.541000000000000000e+03
2.480000000000000000e+03
2.521000000000000000e+03
8.100000000000000000e+03
1.782000000000000000e+03
1.891000000000000000e+03
5.942000000000000000e+03
5.237000000000000000e+03
8.593000000000000000e+03
3.523000000000000000e+03
2.954000000000000000e+03
2.923000000000000000e+03
1.485000000000000000e+03
4.509000000000000000e+03
5.980000000000000000e+03
4.537000000000000000e+03
1.245000000000000000e+03
6.452000000000000000e+03
4.009000000000000000e+03
5.142000000000000000e+03
6.024000000000000000e+03
3.221000000000000000e+03
1.087700000000000000e+04
8.306000000000000000e+03
4.090000000000000000e+02
6.108000000000000000e+03
1.830000000000000000e+02
1.696000000000000000e+03
3.157000000000000000e+03
7.096000000000000000e+03
1.198700000000000000e+04
5.534000000000000000e+03
2.718000000000000000e+03
5.591000000000000000e+03
8.154000000000000000e+03
5.641000000000000000e+03
5.876000000000000000e+03
6.538000000000000000e+03
9.703000000000000000e+03
3.144000000000000000e+03
7.688000000000000000e+03
2.289000000000000000e+03
1.026300000000000000e+04
1.593000000000000000e+03
3.050000000000000000e+02
8.651000000000000000e+03
8.641000000000000000e+03
8.742000000000000000e+03
2.725000000000000000e+03
1.248000000000000000e+03
9.410000000000000000e+02
6.895000000000000000e+03
5.013000000000000000e+03
2.054000000000000000e+03
7.890000000000000000e+03
7.715000000000000000e+03
3.868000000000000000e+03
6.810000000000000000e+03
1.473000000000000000e+03
5.509000000000000000e+03
5.791000000000000000e+03
6.196000000000000000e+03
4.860000000000000000e+03
5.384000000000000000e+03
4.073000000000000000e+03
4.562000000000000000e+03
8.216000000000000000e+03
8.731000000000000000e+03
5.983000000000000000e+03
8.784000000000000000e+03
5.859000000000000000e+03
1.452000000000000000e+03
8.861000000000000000e+03
4.963000000000000000e+03
3.393000000000000000e+03
5.270000000000000000e+02
5.477000000000000000e+03
1.217000000000000000e+03
5.900000000000000000e+02
8.956000000000000000e+03
7.053000000000000000e+03
6.276000000000000000e+03
7.950000000000000000e+03
4.066000000000000000e+03
1.037500000000000000e+04
8.989000000000000000e+03
2.965000000000000000e+03
1.825000000000000000e+03
3.985000000000000000e+03
5.475000000000000000e+03
5.180000000000000000e+02
2.840000000000000000e+03
7.903000000000000000e+03
7.030000000000000000e+02
7.940000000000000000e+02
1.210000000000000000e+02
9.750000000000000000e+02
1.152300000000000000e+04
6.000000000000000000e+01
2.557000000000000000e+03
1.072300000000000000e+04
5.769000000000000000e+03
5.590000000000000000e+03
2.932000000000000000e+03
3.200000000000000000e+03
6.462000000000000000e+03
5.661000000000000000e+03
3.103000000000000000e+03
5.627000000000000000e+03
5.115000000000000000e+03
1.015900000000000000e+04
3.543000000000000000e+03
3.522000000000000000e+03
8.129000000000000000e+03
7.742000000000000000e+03
5.911000000000000000e+03
1.067400000000000000e+04
1.305000000000000000e+03
6.550000000000000000e+02
9.785000000000000000e+03
5.750000000000000000e+03
7.388000000000000000e+03
8.752000000000000000e+03
7.374000000000000000e+03
9.657000000000000000e+03
9.208000000000000000e+03
1.259400000000000000e+04
1.083600000000000000e+04
9.686000000000000000e+03
4.731000000000000000e+03
2.191000000000000000e+03
9.840000000000000000e+03
7.527000000000000000e+03
9.680000000000000000e+03
5.888000000000000000e+03
1.175000000000000000e+03
3.712000000000000000e+03
6.221000000000000000e+03
1.942000000000000000e+03
4.004000000000000000e+03
1.198600000000000000e+04
8.615000000000000000e+03
7.803000000000000000e+03
3.945000000000000000e+03
2.757000000000000000e+03
3.443000000000000000e+03
1.613000000000000000e+03
8.534000000000000000e+03
1.035200000000000000e+04
1.224200000000000000e+04
9.600000000000000000e+02
6.947000000000000000e+03
1.348400000000000000e+04
7.161000000000000000e+03
2.144000000000000000e+03
1.240400000000000000e+04
1.180000000000000000e+04
7.862000000000000000e+03
1.180100000000000000e+04
1.102000000000000000e+04
8.693000000000000000e+03
4.282000000000000000e+03
2.215000000000000000e+03
9.618000000000000000e+03
8.829000000000000000e+03
1.872000000000000000e+03
2.577000000000000000e+03
1.142000000000000000e+04
4.153000000000000000e+03
6.746000000000000000e+03
1.559000000000000000e+04
1.303000000000000000e+04
4.500000000000000000e+03
3.781000000000000000e+03
8.041000000000000000e+03
1.348300000000000000e+04
8.510000000000000000e+03
3.629000000000000000e+03
3.866000000000000000e+03
4.928000000000000000e+03
1.380000000000000000e+03
2.475000000000000000e+03
4.563000000000000000e+03
5.798000000000000000e+03
1.355500000000000000e+04
9.565000000000000000e+03
3.885000000000000000e+03
1.002400000000000000e+04
1.234500000000000000e+04
1.404900000000000000e+04
6.530000000000000000e+03
5.684000000000000000e+03
9.140000000000000000e+02
4.336000000000000000e+03
1.159400000000000000e+04
1.256700000000000000e+04
1.060500000000000000e+04
2.462000000000000000e+03
3.682000000000000000e+03
7.174000000000000000e+03
6.020000000000000000e+03
8.140000000000000000e+02
3.561000000000000000e+03
8.231000000000000000e+03
7.194000000000000000e+03
1.388200000000000000e+04
5.620000000000000000e+03
1.076100000000000000e+04
5.703000000000000000e+03
5.290000000000000000e+03
7.213000000000000000e+03
1.497800000000000000e+04
1.708100000000000000e+04
2.140000000000000000e+02
8.941000000000000000e+03
1.693000000000000000e+03
2.194000000000000000e+03
5.814000000000000000e+03
1.112900000000000000e+04
1.700600000000000000e+04
3.640000000000000000e+03
3.811000000000000000e+03
9.983000000000000000e+03
1.520800000000000000e+04
2.120000000000000000e+02
8.443000000000000000e+03
7.428000000000000000e+03
1.548600000000000000e+04
1.411900000000000000e+04
9.952000000000000000e+03
1.594400000000000000e+04
8.001000000000000000e+03
1.487100000000000000e+04
2.004000000000000000e+03
5.844000000000000000e+03
1.234600000000000000e+04
1.456900000000000000e+04
1.147000000000000000e+03
7.030000000000000000e+03
1.202900000000000000e+04
1.316000000000000000e+04
3.080000000000000000e+03
1.672600000000000000e+04
1.050400000000000000e+04
1.258200000000000000e+04
3.634000000000000000e+03
3.432000000000000000e+03
1.492400000000000000e+04
1.647900000000000000e+04
8.891000000000000000e+03
1.242000000000000000e+04
1.095000000000000000e+03
3.966000000000000000e+03
1.656000000000000000e+03
6.900000000000000000e+03
3.308000000000000000e+03
1.076000000000000000e+04
9.231000000000000000e+03
1.915000000000000000e+03
1.332000000000000000e+03
1.011400000000000000e+04
1.192400000000000000e+04
1.758100000000000000e+04
6.078000000000000000e+03
9.460000000000000000e+02
6.946000000000000000e+03
1.119400000000000000e+04
9.681000000000000000e+03
1.393700000000000000e+04
7.300000000000000000e+01
6.371000000000000000e+03
6.310000000000000000e+03
7.787000000000000000e+03
1.431200000000000000e+04
1.514000000000000000e+04
1.824000000000000000e+03
1.313000000000000000e+03
1.270200000000000000e+04
1.231900000000000000e+04
1.433000000000000000e+03
1.163700000000000000e+04
9.770000000000000000e+03
7.741000000000000000e+03
1.169400000000000000e+04
9.771000000000000000e+03
2.330000000000000000e+02
2.620000000000000000e+02
1.442300000000000000e+04
1.288000000000000000e+03
1.125900000000000000e+04
1.147600000000000000e+04
7.124000000000000000e+03
6.389000000000000000e+03
1.611000000000000000e+04
1.425300000000000000e+04
1.745000000000000000e+03
1.263800000000000000e+04
6.103000000000000000e+03
1.669700000000000000e+04
1.725800000000000000e+04
1.520700000000000000e+04
1.154600000000000000e+04
5.238000000000000000e+03
2.732000000000000000e+03
1.622500000000000000e+04
1.639300000000000000e+04
1.181800000000000000e+04
7.024000000000000000e+03
9.812000000000000000e+03
1.747800000000000000e+04
1.338900000000000000e+04
4.172000000000000000e+03
8.215000000000000000e+03
1.630200000000000000e+04
1.051300000000000000e+04
1.455600000000000000e+04
5.167000000000000000e+03
2.097000000000000000e+03
5.920000000000000000e+03
1.622700000000000000e+04
5.012000000000000000e+03
6.424000000000000000e+03
8.059000000000000000e+03
1.388100000000000000e+04
8.571000000000000000e+03
1.510000000000000000e+02
1.031700000000000000e+04
9.005000000000000000e+03
1.783700000000000000e+04
1.062800000000000000e+04
1.762100000000000000e+04
7.807000000000000000e+03
1.183700000000000000e+04
1.275500000000000000e+04
9.335000000000000000e+03
8.970000000000000000e+03
1.375200000000000000e+04
4.077000000000000000e+03
1.699800000000000000e+04
1.293800000000000000e+04
1.198000000000000000e+03
4.099000000000000000e+03
4.808000000000000000e+03
5.540000000000000000e+03
7.330000000000000000e+03
1.066100000000000000e+04
1.708200000000000000e+04
9.166000000000000000e+03
1.619600000000000000e+04
1.685300000000000000e+04
3.281000000000000000e+03
2.108000000000000000e+03
1.752300000000000000e+04
1.627500000000000000e+04
1.571300000000000000e+04
1.545000000000000000e+03
6.381000000000000000e+03
1.625300000000000000e+04
1.582500000000000000e+04
1.828200000000000000e+04
1.176000000000000000e+04
7.458000000000000000e+03
2.900000000000000000e+02
3.472000000000000000e+03
9.130000000000000000e+03
1.011500000000000000e+04
1.474500000000000000e+04
5.928000000000000000e+03
7.607000000000000000e+03
6.478000000000000000e+03
1.226600000000000000e+04
1.710600000000000000e+04
1.005000000000000000e+04
1.729200000000000000e+04
1.833000000000000000e+03
1.663400000000000000e+04
8.493000000000000000e+03
1.943000000000000000e+03
3.513000000000000000e+03
9.500000000000000000e+01
1.641000000000000000e+04
1.612700000000000000e+04
1.571200000000000000e+04
2.660000000000000000e+03
4.107000000000000000e+03
9.685000000000000000e+03
1.402300000000000000e+04
1.250000000000000000e+04
6.740000000000000000e+02
6.385000000000000000e+03
1.131200000000000000e+04
5.066000000000000000e+03
1.735200000000000000e+04
1.326300000000000000e+04
1.476700000000000000e+04
3.445000000000000000e+03
1.362800000000000000e+04
6.060000000000000000e+02
1.569700000000000000e+04
1.390100000000000000e+04
6.984000000000000000e+03
6.402000000000000000e+03
1.674500000000000000e+04
2.811000000000000000e+03
8.155000000000000000e+03
4.146000000000000000e+03
1.557000000000000000e+03
4.034000000000000000e+03
3.779000000000000000e+03
2.391000000000000000e+03
5.941000000000000000e+03
4.910000000000000000e+02
1.282600000000000000e+04
1.671400000000000000e+04
8.315000000000000000e+03
4.017000000000000000e+03
1.716000000000000000e+04
6.311000000000000000e+03
5.806000000000000000e+03
4.466000000000000000e+03
3.317000000000000000e+03
6.589000000000000000e+03
1.573500000000000000e+04
1.589200000000000000e+04
1.352900000000000000e+04
1.823700000000000000e+04
1.812000000000000000e+04
1.622600000000000000e+04
9.386000000000000000e+03
1.424000000000000000e+03
1.631900000000000000e+04
9.088000000000000000e+03
5.391000000000000000e+03
2.679000000000000000e+03
4.056000000000000000e+03
3.107000000000000000e+03
2.087000000000000000e+03
1.061700000000000000e+04
1.159300000000000000e+04
8.563000000000000000e+03
8.239000000000000000e+03
1.752400000000000000e+04
1.801500000000000000e+04
1.267000000000000000e+04
1.125800000000000000e+04
4.829000000000000000e+03
1.331400000000000000e+04
1.045600000000000000e+04
1.346500000000000000e+04
4.262000000000000000e+03
