6.000000000000000000e+00
2.000000000000000000e+00
6.600000000000000000e+01
5.300000000000000000e+01
1.600000000000000000e+01
2.330000000000000000e+02
7.500000000000000000e+01
2.140000000000000000e+02
1.130000000000000000e+02
1.720000000000000000e+02
4.300000000000000000e+02
1.390000000000000000e+02
1.710000000000000000e+02
4.090000000000000000e+02
6.000000000000000000e+01
9.080000000000000000e+02
5.400000000000000000e+01
1.870000000000000000e+02
1.970000000000000000e+02
2.570000000000000000e+02
2.210000000000000000e+02
1.830000000000000000e+02
1.010000000000000000e+02
7.030000000000000000e+02
1.510000000000000000e+02
8.010000000000000000e+02
6.740000000000000000e+02
7.180000000000000000e+02
4.410000000000000000e+02
4.690000000000000000e+02
7.930000000000000000e+02
2.730000000000000000e+02
1.020000000000000000e+02
7.300000000000000000e+01
1.700000000000000000e+02
4.150000000000000000e+02
3.201000000000000000e+03
2.097000000000000000e+03
9.400000000000000000e+01
1.217000000000000000e+03
9.140000000000000000e+02
2.520000000000000000e+02
1.175000000000000000e+03
5.270000000000000000e+02
1.485000000000000000e+03
7.380000000000000000e+02
4.146000000000000000e+03
6.570000000000000000e+02
1.220000000000000000e+02
2.260000000000000000e+03
2.598000000000000000e+03
1.824000000000000000e+03
8.140000000000000000e+02
1.207000000000000000e+03
1.825000000000000000e+03
3.138000000000000000e+03
1.292000000000000000e+03
1.510000000000000000e+03
2.923000000000000000e+03
3.740000000000000000e+02
3.450000000000000000e+02
1.942000000000000000e+03
3.930000000000000000e+02
2.289000000000000000e+03
2.219000000000000000e+03
1.569000000000000000e+03
8.590000000000000000e+02
2.680000000000000000e+02
5.900000000000000000e+02
3.910000000000000000e+02
5.030000000000000000e+02
1.473000000000000000e+03
1.288000000000000000e+03
4.400000000000000000e+02
1.782000000000000000e+03
4.047000000000000000e+03
1.602000000000000000e+03
1.670000000000000000e+02
7.910000000000000000e+02
1.095000000000000000e+03
1.380000000000000000e+03
2.093000000000000000e+03
3.634000000000000000e+03
2.521000000000000000e+03
1.305000000000000000e+03
1.424000000000000000e+03
1.632000000000000000e+03
1.734000000000000000e+03
5.890000000000000000e+02
1.545000000000000000e+03
4.017000000000000000e+03
2.215000000000000000e+03
2.139000000000000000e+03
2.862000000000000000e+03
3.144000000000000000e+03
4.860000000000000000e+03
2.647000000000000000e+03
5.703000000000000000e+03
1.248000000000000000e+03
3.561000000000000000e+03
8.130000000000000000e+02
5.928000000000000000e+03
4.153000000000000000e+03
1.537000000000000000e+03
3.537000000000000000e+03
3.799000000000000000e+03
1.515000000000000000e+03
3.885000000000000000e+03
5.502000000000000000e+03
1.693000000000000000e+03
1.680000000000000000e+02
3.275000000000000000e+03
3.579000000000000000e+03
5.920000000000000000e+03
9.350000000000000000e+02
5.661000000000000000e+03
4.500000000000000000e+03
2.284000000000000000e+03
3.221000000000000000e+03
2.811000000000000000e+03
2.660000000000000000e+03
9.430000000000000000e+02
1.487000000000000000e+03
3.629000000000000000e+03
1.745000000000000000e+03
1.295000000000000000e+03
2.081000000000000000e+03
3.069000000000000000e+03
2.327000000000000000e+03
9.290000000000000000e+02
2.092000000000000000e+03
1.872000000000000000e+03
2.144000000000000000e+03
5.384000000000000000e+03
3.498000000000000000e+03
2.725000000000000000e+03
1.557000000000000000e+03
2.790000000000000000e+02
5.013000000000000000e+03
3.131000000000000000e+03
3.966000000000000000e+03
7.269000000000000000e+03
1.593000000000000000e+03
3.103000000000000000e+03
7.007000000000000000e+03
3.200000000000000000e+02
3.712000000000000000e+03
1.943000000000000000e+03
2.954000000000000000e+03
1.444000000000000000e+03
1.538000000000000000e+03
5.590000000000000000e+03
8.000000000000000000e+02
5.770000000000000000e+03
2.850000000000000000e+03
1.034000000000000000e+03
2.726000000000000000e+03
4.009000000000000000e+03
6.385000000000000000e+03
4.360000000000000000e+02
2.475000000000000000e+03
3.990000000000000000e+02
8.155000000000000000e+03
3.582000000000000000e+03
1.831000000000000000e+03
1.230000000000000000e+02
2.916000000000000000e+03
6.311000000000000000e+03
2.391000000000000000e+03
6.276000000000000000e+03
4.300000000000000000e+01
3.118000000000000000e+03
1.960000000000000000e+03
4.928000000000000000e+03
1.198000000000000000e+03
1.433000000000000000e+03
5.290000000000000000e+03
2.935000000000000000e+03
3.866000000000000000e+03
6.078000000000000000e+03
3.295000000000000000e+03
6.530000000000000000e+03
2.824000000000000000e+03
7.428000000000000000e+03
1.833000000000000000e+03
4.684000000000000000e+03
5.238000000000000000e+03
3.445000000000000000e+03
3.543000000000000000e+03
9.650000000000000000e+02
2.128000000000000000e+03
7.290000000000000000e+02
4.282000000000000000e+03
5.434000000000000000e+03
3.638000000000000000e+03
8.137000000000000000e+03
7.261000000000000000e+03
6.746000000000000000e+03
4.077000000000000000e+03
5.167000000000000000e+03
4.537000000000000000e+03
6.310000000000000000e+03
1.506000000000000000e+03
3.945000000000000000e+03
2.261000000000000000e+03
1.622000000000000000e+03
7.458000000000000000e+03
1.989000000000000000e+03
7.469000000000000000e+03
6.020000000000000000e+03
4.821000000000000000e+03
5.888000000000000000e+03
1.011500000000000000e+04
2.207000000000000000e+03
7.030000000000000000e+03
6.371000000000000000e+03
5.391000000000000000e+03
4.225000000000000000e+03
9.063000000000000000e+03
1.125800000000000000e+04
3.675000000000000000e+03
4.466000000000000000e+03
6.250000000000000000e+03
6.589000000000000000e+03
1.980000000000000000e+02
6.292000000000000000e+03
7.194000000000000000e+03
2.567000000000000000e+03
8.970000000000000000e+03
4.844000000000000000e+03
7.607000000000000000e+03
8.941000000000000000e+03
2.804000000000000000e+03
9.088000000000000000e+03
1.045600000000000000e+04
8.693000000000000000e+03
4.180000000000000000e+03
6.249000000000000000e+03
6.424000000000000000e+03
4.615000000000000000e+03
6.357000000000000000e+03
1.215700000000000000e+04
3.281000000000000000e+03
8.942000000000000000e+03
6.302000000000000000e+03
5.320000000000000000e+02
5.066000000000000000e+03
1.317000000000000000e+03
2.310000000000000000e+03
8.891000000000000000e+03
5.860000000000000000e+02
4.034000000000000000e+03
1.452000000000000000e+03
5.806000000000000000e+03
6.462000000000000000e+03
5.876000000000000000e+03
7.903000000000000000e+03
2.130000000000000000e+03
1.053000000000000000e+04
1.147700000000000000e+04
3.779000000000000000e+03
5.269000000000000000e+03
1.131200000000000000e+04
5.492000000000000000e+03
4.170000000000000000e+02
2.053000000000000000e+03
9.565000000000000000e+03
5.980000000000000000e+03
8.001000000000000000e+03
7.950000000000000000e+03
5.859000000000000000e+03
3.512000000000000000e+03
5.534000000000000000e+03
1.062900000000000000e+04
8.493000000000000000e+03
3.781000000000000000e+03
2.060000000000000000e+02
5.065000000000000000e+03
7.388000000000000000e+03
7.593000000000000000e+03
7.742000000000000000e+03
6.538000000000000000e+03
6.024000000000000000e+03
3.592000000000000000e+03
1.655000000000000000e+03
9.840000000000000000e+03
1.196800000000000000e+04
4.073000000000000000e+03
5.192000000000000000e+03
5.591000000000000000e+03
7.862000000000000000e+03
1.696000000000000000e+03
1.050400000000000000e+04
9.335000000000000000e+03
1.125900000000000000e+04
1.379300000000000000e+04
7.053000000000000000e+03
1.198800000000000000e+04
6.103000000000000000e+03
4.732000000000000000e+03
6.860000000000000000e+03
2.718000000000000000e+03
8.571000000000000000e+03
2.961000000000000000e+03
9.300000000000000000e+01
9.166000000000000000e+03
1.393800000000000000e+04
1.608000000000000000e+03
1.293800000000000000e+04
1.060500000000000000e+04
8.041000000000000000e+03
2.014000000000000000e+03
6.810000000000000000e+03
3.513000000000000000e+03
9.657000000000000000e+03
6.478000000000000000e+03
8.784000000000000000e+03
9.983000000000000000e+03
7.234000000000000000e+03
4.970000000000000000e+03
8.208000000000000000e+03
1.267000000000000000e+04
8.971000000000000000e+03
9.174000000000000000e+03
1.225300000000000000e+04
8.615000000000000000e+03
1.181800000000000000e+04
3.917000000000000000e+03
1.231900000000000000e+04
7.876000000000000000e+03
4.066000000000000000e+03
8.829000000000000000e+03
4.829000000000000000e+03
5.270000000000000000e+03
5.660000000000000000e+03
8.603000000000000000e+03
1.180100000000000000e+04
6.918000000000000000e+03
2.280000000000000000e+03
5.821000000000000000e+03
8.216000000000000000e+03
1.176000000000000000e+04
7.024000000000000000e+03
7.699000000000000000e+03
1.154600000000000000e+04
3.317000000000000000e+03
4.731000000000000000e+03
4.817000000000000000e+03
9.952000000000000000e+03
6.909000000000000000e+03
2.665000000000000000e+03
6.266000000000000000e+03
5.058000000000000000e+03
1.137900000000000000e+04
7.161000000000000000e+03
9.785000000000000000e+03
1.380400000000000000e+04
4.866000000000000000e+03
6.073000000000000000e+03
7.400000000000000000e+01
2.450000000000000000e+02
1.270300000000000000e+04
2.827000000000000000e+03
1.005000000000000000e+04
1.270200000000000000e+04
1.338900000000000000e+04
1.326300000000000000e+04
1.120000000000000000e+02
8.306000000000000000e+03
1.246500000000000000e+04
3.050000000000000000e+02
1.151000000000000000e+03
7.101000000000000000e+03
9.405000000000000000e+03
1.346500000000000000e+04
1.334000000000000000e+03
1.102000000000000000e+04
1.591500000000000000e+04
1.258200000000000000e+04
7.680000000000000000e+03
4.262000000000000000e+03
9.600000000000000000e+02
1.388100000000000000e+04
1.076000000000000000e+04
6.221000000000000000e+03
6.108000000000000000e+03
1.584200000000000000e+04
9.208000000000000000e+03
7.149000000000000000e+03
1.242000000000000000e+04
3.522000000000000000e+03
7.803000000000000000e+03
1.035200000000000000e+04
1.465300000000000000e+04
1.288900000000000000e+04
1.453000000000000000e+04
1.476700000000000000e+04
1.353000000000000000e+04
1.800000000000000000e+03
1.781000000000000000e+03
3.782000000000000000e+03
1.281000000000000000e+03
7.308000000000000000e+03
5.138000000000000000e+03
3.854000000000000000e+03
1.906000000000000000e+03
6.630000000000000000e+03
9.681000000000000000e+03
3.557000000000000000e+03
3.980000000000000000e+02
1.514100000000000000e+04
1.245000000000000000e+03
1.236000000000000000e+03
1.215800000000000000e+04
1.012100000000000000e+04
9.410000000000000000e+02
1.234600000000000000e+04
1.676200000000000000e+04
9.686000000000000000e+03
2.002000000000000000e+03
4.023000000000000000e+03
7.741000000000000000e+03
6.895000000000000000e+03
7.716000000000000000e+03
1.155600000000000000e+04
3.216000000000000000e+03
1.062800000000000000e+04
4.486000000000000000e+03
1.204200000000000000e+04
3.159000000000000000e+03
1.393700000000000000e+04
1.311600000000000000e+04
1.722900000000000000e+04
1.425300000000000000e+04
3.094000000000000000e+03
5.641000000000000000e+03
2.616000000000000000e+03
2.418000000000000000e+03
8.641000000000000000e+03
1.671500000000000000e+04
1.363900000000000000e+04
1.224200000000000000e+04
6.298000000000000000e+03
1.474500000000000000e+04
1.644600000000000000e+04
6.676000000000000000e+03
5.752000000000000000e+03
1.165000000000000000e+04
1.240400000000000000e+04
4.652000000000000000e+03
1.331400000000000000e+04
4.509000000000000000e+03
1.606800000000000000e+04
5.478000000000000000e+03
6.956000000000000000e+03
5.832000000000000000e+03
1.072300000000000000e+04
1.605300000000000000e+04
1.327700000000000000e+04
1.765200000000000000e+04
1.689000000000000000e+04
1.005100000000000000e+04
1.285400000000000000e+04
2.740000000000000000e+02
8.752000000000000000e+03
1.501200000000000000e+04
1.531600000000000000e+04
1.483800000000000000e+04
1.478000000000000000e+04
7.850000000000000000e+03
2.224000000000000000e+03
8.731000000000000000e+03
1.359400000000000000e+04
7.743000000000000000e+03
4.193000000000000000e+03
1.463800000000000000e+04
4.158000000000000000e+03
1.701000000000000000e+03
7.096000000000000000e+03
1.571200000000000000e+04
1.663400000000000000e+04
1.631900000000000000e+04
1.716000000000000000e+04
1.786200000000000000e+04
5.751000000000000000e+03
5.098000000000000000e+03
9.224000000000000000e+03
1.057800000000000000e+04
5.475000000000000000e+03
1.514000000000000000e+04
1.612700000000000000e+04
5.387000000000000000e+03
1.217300000000000000e+04
7.374000000000000000e+03
5.477000000000000000e+03
4.693000000000000000e+03
3.541000000000000000e+03
1.724500000000000000e+04
1.362800000000000000e+04
1.226600000000000000e+04
1.571300000000000000e+04
7.214000000000000000e+03
1.311700000000000000e+04
1.573500000000000000e+04
2.137000000000000000e+03
9.626000000000000000e+03
1.202900000000000000e+04
3.658000000000000000e+03
4.964000000000000000e+03
1.795800000000000000e+04
5.313000000000000000e+03
9.630000000000000000e+02
2.500000000000000000e+02
6.196000000000000000e+03
1.594400000000000000e+04
1.087700000000000000e+04
1.627500000000000000e+04
1.699800000000000000e+04
1.749800000000000000e+04
8.154000000000000000e+03
1.807800000000000000e+04
7.102000000000000000e+03
1.447300000000000000e+04
4.051000000000000000e+03
1.348400000000000000e+04
1.388200000000000000e+04
1.700700000000000000e+04
1.786300000000000000e+04
1.282700000000000000e+04
8.209000000000000000e+03
5.049000000000000000e+03
5.509000000000000000e+03
7.715000000000000000e+03
1.685300000000000000e+04
1.219900000000000000e+04
5.403000000000000000e+03
1.121200000000000000e+04
7.527000000000000000e+03
1.729200000000000000e+04
1.731200000000000000e+04
5.535000000000000000e+03
5.488000000000000000e+03
5.142000000000000000e+03
5.237000000000000000e+03
1.622700000000000000e+04
1.830100000000000000e+04
1.018500000000000000e+04
7.485000000000000000e+03
1.224100000000000000e+04
1.316000000000000000e+04
1.520700000000000000e+04
1.801500000000000000e+04
1.277000000000000000e+04
1.375200000000000000e+04
1.839300000000000000e+04
2.267000000000000000e+03
6.021000000000000000e+03
2.762000000000000000e+03
4.923000000000000000e+03
1.431200000000000000e+04
1.067400000000000000e+04
1.720600000000000000e+04
1.708300000000000000e+04
8.022000000000000000e+03
2.194000000000000000e+03
8.651000000000000000e+03
4.358000000000000000e+03
1.180000000000000000e+04
1.256700000000000000e+04
6.332000000000000000e+03
1.820200000000000000e+04
1.753900000000000000e+04
1.232900000000000000e+04
1.177000000000000000e+03
7.965000000000000000e+03
8.621000000000000000e+03
1.076100000000000000e+04
1.456900000000000000e+04
5.418000000000000000e+03
1.485800000000000000e+04
1.142100000000000000e+04
1.435200000000000000e+04
5.249000000000000000e+03
8.528000000000000000e+03
5.620000000000000000e+03
1.210000000000000000e+02
1.097000000000000000e+03
4.420000000000000000e+02
1.112900000000000000e+04
9.320000000000000000e+02
7.131000000000000000e+03
1.063900000000000000e+04
1.540100000000000000e+04
1.465400000000000000e+04
2.577000000000000000e+03
2.794000000000000000e+03
8.534000000000000000e+03
6.389000000000000000e+03
6.390000000000000000e+02
1.783700000000000000e+04
1.411900000000000000e+04
1.263800000000000000e+04
3.267000000000000000e+03
9.231000000000000000e+03
1.406900000000000000e+04
