7.300000000000000000e+01
2.000000000000000000e+00
3.980000000000000000e+02
6.000000000000000000e+01
1.220000000000000000e+02
1.600000000000000000e+01
2.680000000000000000e+02
1.510000000000000000e+02
1.020000000000000000e+02
3.740000000000000000e+02
3.450000000000000000e+02
3.910000000000000000e+02
4.400000000000000000e+02
7.290000000000000000e+02
6.000000000000000000e+00
5.890000000000000000e+02
1.130000000000000000e+02
1.870000000000000000e+02
1.830000000000000000e+02
9.650000000000000000e+02
5.300000000000000000e+01
1.317000000000000000e+03
7.500000000000000000e+01
2.330000000000000000e+02
1.720000000000000000e+02
2.140000000000000000e+02
2.418000000000000000e+03
1.906000000000000000e+03
5.270000000000000000e+02
2.137000000000000000e+03
3.066000000000000000e+03
8.140000000000000000e+02
3.268000000000000000e+03
1.800000000000000000e+03
1.198000000000000000e+03
2.267000000000000000e+03
1.433000000000000000e+03
5.400000000000000000e+01
5.900000000000000000e+02
2.520000000000000000e+02
2.280000000000000000e+03
1.390000000000000000e+02
2.130000000000000000e+03
2.762000000000000000e+03
2.570000000000000000e+02
4.410000000000000000e+02
6.740000000000000000e+02
2.665000000000000000e+03
6.600000000000000000e+01
3.267000000000000000e+03
1.095000000000000000e+03
1.538000000000000000e+03
1.010000000000000000e+02
1.833000000000000000e+03
3.159000000000000000e+03
1.989000000000000000e+03
1.622000000000000000e+03
1.424000000000000000e+03
1.515000000000000000e+03
1.557000000000000000e+03
4.090000000000000000e+02
1.292000000000000000e+03
3.094000000000000000e+03
2.261000000000000000e+03
2.567000000000000000e+03
2.210000000000000000e+02
2.961000000000000000e+03
1.545000000000000000e+03
1.288000000000000000e+03
1.745000000000000000e+03
4.424000000000000000e+03
9.140000000000000000e+02
3.557000000000000000e+03
3.871000000000000000e+03
1.632000000000000000e+03
1.943000000000000000e+03
3.317000000000000000e+03
1.380000000000000000e+03
3.281000000000000000e+03
1.305000000000000000e+03
4.262000000000000000e+03
8.590000000000000000e+02
1.248000000000000000e+03
7.030000000000000000e+02
3.854000000000000000e+03
2.391000000000000000e+03
4.034000000000000000e+03
3.917000000000000000e+03
2.284000000000000000e+03
4.923000000000000000e+03
9.600000000000000000e+02
3.512000000000000000e+03
2.824000000000000000e+03
2.726000000000000000e+03
5.249000000000000000e+03
4.486000000000000000e+03
3.118000000000000000e+03
5.049000000000000000e+03
6.335000000000000000e+03
1.217000000000000000e+03
2.219000000000000000e+03
4.193000000000000000e+03
5.313000000000000000e+03
3.513000000000000000e+03
1.970000000000000000e+02
5.018000000000000000e+03
5.403000000000000000e+03
3.445000000000000000e+03
3.779000000000000000e+03
1.693000000000000000e+03
5.098000000000000000e+03
2.144000000000000000e+03
6.021000000000000000e+03
6.203000000000000000e+03
4.829000000000000000e+03
2.811000000000000000e+03
5.698000000000000000e+03
5.751000000000000000e+03
6.924000000000000000e+03
5.752000000000000000e+03
2.660000000000000000e+03
1.960000000000000000e+03
5.387000000000000000e+03
1.444000000000000000e+03
1.175000000000000000e+03
5.270000000000000000e+03
4.970000000000000000e+03
5.418000000000000000e+03
5.065000000000000000e+03
4.732000000000000000e+03
1.872000000000000000e+03
5.478000000000000000e+03
9.430000000000000000e+02
3.131000000000000000e+03
7.131000000000000000e+03
5.535000000000000000e+03
5.660000000000000000e+03
2.215000000000000000e+03
6.332000000000000000e+03
5.192000000000000000e+03
6.630000000000000000e+03
8.200000000000000000e+03
7.571000000000000000e+03
1.942000000000000000e+03
4.466000000000000000e+03
5.066000000000000000e+03
7.102000000000000000e+03
1.473000000000000000e+03
1.710000000000000000e+02
6.676000000000000000e+03
5.821000000000000000e+03
8.299000000000000000e+03
5.391000000000000000e+03
1.824000000000000000e+03
5.492000000000000000e+03
3.866000000000000000e+03
8.528000000000000000e+03
8.370000000000000000e+03
2.097000000000000000e+03
8.209000000000000000e+03
6.250000000000000000e+03
8.267000000000000000e+03
7.850000000000000000e+03
3.103000000000000000e+03
5.434000000000000000e+03
4.866000000000000000e+03
4.077000000000000000e+03
9.310000000000000000e+03
8.022000000000000000e+03
8.584000000000000000e+03
4.300000000000000000e+02
6.909000000000000000e+03
7.214000000000000000e+03
8.010000000000000000e+02
5.806000000000000000e+03
1.016400000000000000e+04
7.547000000000000000e+03
9.290000000000000000e+02
6.918000000000000000e+03
6.478000000000000000e+03
7.485000000000000000e+03
1.012900000000000000e+04
8.963000000000000000e+03
6.570000000000000000e+02
1.485000000000000000e+03
3.543000000000000000e+03
2.730000000000000000e+02
6.103000000000000000e+03
3.945000000000000000e+03
2.289000000000000000e+03
7.743000000000000000e+03
2.725000000000000000e+03
6.860000000000000000e+03
7.234000000000000000e+03
9.626000000000000000e+03
1.537000000000000000e+03
1.050000000000000000e+04
7.699000000000000000e+03
7.380000000000000000e+02
7.680000000000000000e+03
7.716000000000000000e+03
5.238000000000000000e+03
9.694000000000000000e+03
8.130000000000000000e+02
2.935000000000000000e+03
1.510000000000000000e+03
9.261000000000000000e+03
1.825000000000000000e+03
1.569000000000000000e+03
3.712000000000000000e+03
7.024000000000000000e+03
3.966000000000000000e+03
7.876000000000000000e+03
7.161000000000000000e+03
6.589000000000000000e+03
9.224000000000000000e+03
3.561000000000000000e+03
1.189400000000000000e+04
1.081600000000000000e+04
2.954000000000000000e+03
4.017000000000000000e+03
1.063900000000000000e+04
8.603000000000000000e+03
5.167000000000000000e+03
3.629000000000000000e+03
1.183800000000000000e+04
4.282000000000000000e+03
1.242100000000000000e+04
1.220000000000000000e+04
1.022600000000000000e+04
1.126000000000000000e+04
1.018500000000000000e+04
4.690000000000000000e+02
4.731000000000000000e+03
7.593000000000000000e+03
1.012100000000000000e+04
4.047000000000000000e+03
5.770000000000000000e+03
1.831000000000000000e+03
8.971000000000000000e+03
5.290000000000000000e+03
4.153000000000000000e+03
1.142100000000000000e+04
9.405000000000000000e+03
1.005100000000000000e+04
7.180000000000000000e+02
1.057800000000000000e+04
1.121200000000000000e+04
1.237600000000000000e+04
6.310000000000000000e+03
3.634000000000000000e+03
7.741000000000000000e+03
1.326400000000000000e+04
1.293900000000000000e+04
9.231000000000000000e+03
2.327000000000000000e+03
6.078000000000000000e+03
1.506000000000000000e+03
2.521000000000000000e+03
1.232900000000000000e+04
2.647000000000000000e+03
1.219900000000000000e+04
2.916000000000000000e+03
7.607000000000000000e+03
2.475000000000000000e+03
6.385000000000000000e+03
3.885000000000000000e+03
1.403500000000000000e+04
1.285500000000000000e+04
1.432300000000000000e+04
1.700000000000000000e+02
7.469000000000000000e+03
1.204200000000000000e+04
9.681000000000000000e+03
1.201800000000000000e+04
6.020000000000000000e+03
8.493000000000000000e+03
1.353100000000000000e+04
1.226600000000000000e+04
4.928000000000000000e+03
7.458000000000000000e+03
1.155600000000000000e+04
1.277000000000000000e+04
1.217300000000000000e+04
6.311000000000000000e+03
1.355600000000000000e+04
1.165000000000000000e+04
1.344200000000000000e+04
1.502400000000000000e+04
9.166000000000000000e+03
7.261000000000000000e+03
8.137000000000000000e+03
1.440600000000000000e+04
5.502000000000000000e+03
1.782000000000000000e+03
1.435200000000000000e+04
6.538000000000000000e+03
1.137900000000000000e+04
1.311700000000000000e+04
5.030000000000000000e+02
4.500000000000000000e+03
1.215800000000000000e+04
1.465400000000000000e+04
1.533000000000000000e+04
1.485800000000000000e+04
7.030000000000000000e+03
1.270300000000000000e+04
1.285400000000000000e+04
3.221000000000000000e+03
7.194000000000000000e+03
1.636400000000000000e+04
2.092000000000000000e+03
6.024000000000000000e+03
1.331400000000000000e+04
1.586600000000000000e+04
2.260000000000000000e+03
1.282700000000000000e+04
1.493600000000000000e+04
5.859000000000000000e+03
1.546300000000000000e+04
1.005000000000000000e+04
1.362800000000000000e+04
8.001000000000000000e+03
1.053000000000000000e+04
9.063000000000000000e+03
8.942000000000000000e+03
4.150000000000000000e+02
4.009000000000000000e+03
1.598000000000000000e+04
1.363900000000000000e+04
6.424000000000000000e+03
2.790000000000000000e+02
6.530000000000000000e+03
2.923000000000000000e+03
1.176000000000000000e+04
1.483800000000000000e+04
1.311600000000000000e+04
1.288900000000000000e+04
1.406900000000000000e+04
9.335000000000000000e+03
1.781000000000000000e+03
1.062800000000000000e+04
7.269000000000000000e+03
5.509000000000000000e+03
1.196800000000000000e+04
4.146000000000000000e+03
1.353000000000000000e+04
1.478000000000000000e+04
1.447300000000000000e+04
8.571000000000000000e+03
5.888000000000000000e+03
1.540100000000000000e+04
7.862000000000000000e+03
1.246500000000000000e+04
1.615900000000000000e+04
1.225300000000000000e+04
8.041000000000000000e+03
1.062900000000000000e+04
1.463800000000000000e+04
3.522000000000000000e+03
3.930000000000000000e+02
1.359400000000000000e+04
1.501200000000000000e+04
9.952000000000000000e+03
4.684000000000000000e+03
1.837100000000000000e+04
1.807900000000000000e+04
1.531600000000000000e+04
1.543500000000000000e+04
2.081000000000000000e+03
3.200000000000000000e+02
2.850000000000000000e+03
8.615000000000000000e+03
1.708300000000000000e+04
5.928000000000000000e+03
9.400000000000000000e+01
1.215700000000000000e+04
7.803000000000000000e+03
9.174000000000000000e+03
1.720600000000000000e+04
1.753900000000000000e+04
1.820300000000000000e+04
5.661000000000000000e+03
7.007000000000000000e+03
6.371000000000000000e+03
1.452000000000000000e+03
3.579000000000000000e+03
1.700700000000000000e+04
1.815800000000000000e+04
6.746000000000000000e+03
1.327700000000000000e+04
2.139000000000000000e+03
5.920000000000000000e+03
7.910000000000000000e+02
2.207000000000000000e+03
4.537000000000000000e+03
4.615000000000000000e+03
6.221000000000000000e+03
6.810000000000000000e+03
1.242000000000000000e+04
1.326300000000000000e+04
6.108000000000000000e+03
9.657000000000000000e+03
1.734000000000000000e+03
2.053000000000000000e+03
3.498000000000000000e+03
1.571300000000000000e+04
1.125900000000000000e+04
1.346500000000000000e+04
1.820200000000000000e+04
1.236000000000000000e+03
1.627500000000000000e+04
1.474500000000000000e+04
9.088000000000000000e+03
2.310000000000000000e+03
2.128000000000000000e+03
7.308000000000000000e+03
1.076100000000000000e+04
1.207000000000000000e+03
9.840000000000000000e+03
1.380400000000000000e+04
1.147700000000000000e+04
1.181800000000000000e+04
7.742000000000000000e+03
1.731200000000000000e+04
1.543600000000000000e+04
