9.000000000000000000e+00
1.530000000000000000e+02
1.500000000000000000e+01
1.570000000000000000e+02
4.680000000000000000e+02
8.760000000000000000e+02
1.740000000000000000e+02
1.930000000000000000e+02
1.800000000000000000e+02
5.600000000000000000e+02
1.285000000000000000e+03
6.850000000000000000e+02
8.280000000000000000e+02
1.341000000000000000e+03
8.620000000000000000e+02
3.300000000000000000e+01
7.710000000000000000e+02
1.074000000000000000e+03
7.210000000000000000e+02
1.185000000000000000e+03
4.830000000000000000e+02
1.464000000000000000e+03
1.247000000000000000e+03
2.370000000000000000e+02
6.240000000000000000e+02
7.060000000000000000e+02
2.290000000000000000e+02
2.918000000000000000e+03
1.559000000000000000e+03
3.500000000000000000e+01
5.940000000000000000e+02
2.024000000000000000e+03
1.040000000000000000e+03
2.660000000000000000e+02
3.119000000000000000e+03
8.080000000000000000e+02
3.100000000000000000e+01
5.000000000000000000e+00
1.200000000000000000e+02
2.728000000000000000e+03
1.447000000000000000e+03
2.483000000000000000e+03
7.730000000000000000e+02
4.456000000000000000e+03
7.670000000000000000e+02
6.580000000000000000e+02
2.822000000000000000e+03
1.827000000000000000e+03
6.330000000000000000e+02
6.400000000000000000e+01
1.212000000000000000e+03
1.410000000000000000e+02
1.609000000000000000e+03
1.979000000000000000e+03
8.270000000000000000e+02
3.730000000000000000e+03
5.060000000000000000e+02
4.447000000000000000e+03
1.680000000000000000e+03
9.910000000000000000e+02
1.374000000000000000e+03
3.099000000000000000e+03
3.021000000000000000e+03
5.800000000000000000e+01
2.765000000000000000e+03
2.449000000000000000e+03
5.789000000000000000e+03
7.360000000000000000e+02
4.343000000000000000e+03
1.480000000000000000e+03
4.364000000000000000e+03
4.190000000000000000e+02
0.000000000000000000e+00
3.455000000000000000e+03
7.349000000000000000e+03
1.981000000000000000e+03
2.790000000000000000e+03
1.717000000000000000e+03
3.269000000000000000e+03
5.967000000000000000e+03
4.927000000000000000e+03
3.428000000000000000e+03
8.650000000000000000e+02
7.240000000000000000e+02
1.208000000000000000e+03
4.518000000000000000e+03
1.145000000000000000e+03
2.969000000000000000e+03
1.695000000000000000e+03
1.991000000000000000e+03
2.337000000000000000e+03
3.164000000000000000e+03
3.738000000000000000e+03
5.500000000000000000e+02
6.910000000000000000e+02
1.370000000000000000e+02
2.307000000000000000e+03
2.942000000000000000e+03
3.210000000000000000e+03
7.097000000000000000e+03
4.036000000000000000e+03
6.648000000000000000e+03
1.623000000000000000e+03
3.025000000000000000e+03
4.198000000000000000e+03
1.492000000000000000e+03
4.057000000000000000e+03
2.325000000000000000e+03
1.156000000000000000e+03
3.303000000000000000e+03
4.385000000000000000e+03
1.610000000000000000e+02
1.550000000000000000e+03
2.700000000000000000e+01
4.530000000000000000e+03
6.352000000000000000e+03
1.422000000000000000e+03
1.768000000000000000e+03
5.250000000000000000e+03
4.200000000000000000e+03
4.952000000000000000e+03
4.848000000000000000e+03
2.998000000000000000e+03
4.589000000000000000e+03
4.868000000000000000e+03
5.995000000000000000e+03
6.632000000000000000e+03
2.510000000000000000e+03
1.056000000000000000e+03
5.721000000000000000e+03
2.587000000000000000e+03
2.866000000000000000e+03
2.164000000000000000e+03
8.684000000000000000e+03
5.909000000000000000e+03
6.792000000000000000e+03
2.945000000000000000e+03
7.557000000000000000e+03
7.089000000000000000e+03
3.378000000000000000e+03
4.173000000000000000e+03
6.180000000000000000e+03
6.463000000000000000e+03
4.930000000000000000e+03
1.028000000000000000e+03
5.633000000000000000e+03
1.886000000000000000e+03
5.128000000000000000e+03
5.920000000000000000e+02
1.694000000000000000e+03
6.839000000000000000e+03
4.663000000000000000e+03
6.231000000000000000e+03
5.385000000000000000e+03
8.594000000000000000e+03
6.782000000000000000e+03
7.664000000000000000e+03
1.539000000000000000e+03
7.338000000000000000e+03
3.110000000000000000e+03
1.700000000000000000e+03
4.465000000000000000e+03
1.439000000000000000e+03
3.750000000000000000e+03
2.936000000000000000e+03
4.913000000000000000e+03
5.624000000000000000e+03
2.703000000000000000e+03
7.646000000000000000e+03
3.447000000000000000e+03
9.621000000000000000e+03
1.868000000000000000e+03
8.020000000000000000e+03
1.980000000000000000e+03
2.988000000000000000e+03
1.055000000000000000e+03
3.826000000000000000e+03
2.899000000000000000e+03
8.555000000000000000e+03
5.503000000000000000e+03
5.149000000000000000e+03
2.619000000000000000e+03
1.408000000000000000e+03
8.569000000000000000e+03
7.522000000000000000e+03
2.343000000000000000e+03
1.526800000000000000e+04
7.588000000000000000e+03
3.990000000000000000e+03
2.276000000000000000e+03
9.370000000000000000e+02
4.384000000000000000e+03
9.184000000000000000e+03
5.837000000000000000e+03
1.351000000000000000e+03
8.894000000000000000e+03
6.769000000000000000e+03
7.840000000000000000e+03
8.392000000000000000e+03
8.834000000000000000e+03
1.448000000000000000e+03
3.855000000000000000e+03
3.029000000000000000e+03
9.070000000000000000e+02
2.174000000000000000e+03
4.784000000000000000e+03
5.600000000000000000e+03
5.367000000000000000e+03
9.666000000000000000e+03
3.643000000000000000e+03
6.232000000000000000e+03
1.171200000000000000e+04
6.143000000000000000e+03
1.955000000000000000e+03
3.043000000000000000e+03
3.461000000000000000e+03
7.669000000000000000e+03
8.072000000000000000e+03
3.482000000000000000e+03
5.903000000000000000e+03
3.020000000000000000e+03
9.628000000000000000e+03
5.302000000000000000e+03
8.147000000000000000e+03
1.020700000000000000e+04
7.893000000000000000e+03
8.186000000000000000e+03
1.018600000000000000e+04
9.121000000000000000e+03
2.840000000000000000e+02
1.340000000000000000e+03
5.730000000000000000e+03
9.570000000000000000e+03
1.047600000000000000e+04
3.939000000000000000e+03
4.399000000000000000e+03
3.832000000000000000e+03
2.924000000000000000e+03
9.397000000000000000e+03
1.014000000000000000e+03
2.060000000000000000e+03
4.459000000000000000e+03
1.156500000000000000e+04
3.726000000000000000e+03
3.951000000000000000e+03
2.422000000000000000e+03
9.020000000000000000e+03
2.570000000000000000e+03
9.533000000000000000e+03
1.002900000000000000e+04
1.083800000000000000e+04
5.125000000000000000e+03
9.909000000000000000e+03
1.249000000000000000e+03
4.227000000000000000e+03
1.240800000000000000e+04
5.790000000000000000e+03
7.520000000000000000e+02
6.704000000000000000e+03
9.131000000000000000e+03
1.044500000000000000e+04
7.528000000000000000e+03
1.106700000000000000e+04
2.951000000000000000e+03
5.672000000000000000e+03
5.307000000000000000e+03
4.599000000000000000e+03
1.645000000000000000e+03
1.337100000000000000e+04
1.061900000000000000e+04
1.064000000000000000e+03
1.359600000000000000e+04
8.138000000000000000e+03
8.616000000000000000e+03
8.316000000000000000e+03
1.138300000000000000e+04
3.324000000000000000e+03
6.761000000000000000e+03
1.292700000000000000e+04
3.325000000000000000e+03
4.517000000000000000e+03
8.102000000000000000e+03
4.733000000000000000e+03
1.211700000000000000e+04
6.694000000000000000e+03
2.700000000000000000e+03
1.017000000000000000e+03
1.558000000000000000e+03
4.847000000000000000e+03
4.420000000000000000e+03
5.175000000000000000e+03
6.089000000000000000e+03
8.330000000000000000e+03
9.225000000000000000e+03
9.697000000000000000e+03
5.595000000000000000e+03
1.949000000000000000e+03
6.445000000000000000e+03
4.500000000000000000e+02
1.224500000000000000e+04
4.175000000000000000e+03
7.226000000000000000e+03
7.567000000000000000e+03
5.335000000000000000e+03
8.066000000000000000e+03
1.010200000000000000e+04
1.363000000000000000e+03
1.177400000000000000e+04
9.807000000000000000e+03
3.751000000000000000e+03
9.010000000000000000e+02
7.734000000000000000e+03
9.197000000000000000e+03
1.352000000000000000e+03
1.502800000000000000e+04
7.215000000000000000e+03
9.866000000000000000e+03
3.220000000000000000e+02
1.158300000000000000e+04
1.108600000000000000e+04
1.022700000000000000e+04
9.526000000000000000e+03
6.848000000000000000e+03
1.250400000000000000e+04
4.519000000000000000e+03
4.900000000000000000e+01
2.501000000000000000e+03
1.134200000000000000e+04
8.580000000000000000e+03
5.980000000000000000e+02
6.173000000000000000e+03
1.199000000000000000e+04
1.138200000000000000e+04
4.313000000000000000e+03
8.002000000000000000e+03
1.425600000000000000e+04
1.499300000000000000e+04
1.490900000000000000e+04
1.508000000000000000e+03
4.883000000000000000e+03
1.140100000000000000e+04
1.519300000000000000e+04
3.410000000000000000e+02
1.517900000000000000e+04
1.403800000000000000e+04
5.707000000000000000e+03
1.009400000000000000e+04
9.262000000000000000e+03
1.395700000000000000e+04
1.333700000000000000e+04
5.294000000000000000e+03
8.000000000000000000e+01
5.484000000000000000e+03
4.699000000000000000e+03
3.859000000000000000e+03
1.229100000000000000e+04
6.293000000000000000e+03
1.194000000000000000e+04
1.330400000000000000e+04
1.279200000000000000e+04
6.230000000000000000e+02
1.333000000000000000e+03
8.733000000000000000e+03
1.488900000000000000e+04
1.571600000000000000e+04
5.710000000000000000e+02
3.999000000000000000e+03
7.315000000000000000e+03
1.419000000000000000e+03
1.217500000000000000e+04
1.090000000000000000e+04
1.233200000000000000e+04
4.404000000000000000e+03
5.261000000000000000e+03
7.350000000000000000e+03
5.827000000000000000e+03
1.152500000000000000e+04
4.269000000000000000e+03
9.169000000000000000e+03
5.067000000000000000e+03
1.040800000000000000e+04
1.088000000000000000e+04
1.745700000000000000e+04
4.781000000000000000e+03
5.400000000000000000e+02
1.561600000000000000e+04
2.360000000000000000e+03
1.114300000000000000e+04
1.666000000000000000e+03
1.499400000000000000e+04
9.047000000000000000e+03
7.090000000000000000e+03
2.821000000000000000e+03
1.688300000000000000e+04
1.720900000000000000e+04
1.211600000000000000e+04
1.535900000000000000e+04
1.630600000000000000e+04
1.478200000000000000e+04
1.229000000000000000e+04
7.913000000000000000e+03
1.288000000000000000e+04
2.833000000000000000e+03
8.458000000000000000e+03
1.184000000000000000e+04
3.174000000000000000e+03
6.801000000000000000e+03
9.072000000000000000e+03
2.773000000000000000e+03
1.892000000000000000e+03
1.580900000000000000e+04
1.674700000000000000e+04
1.598300000000000000e+04
1.095100000000000000e+04
3.462000000000000000e+03
5.584000000000000000e+03
8.264000000000000000e+03
1.035300000000000000e+04
1.512400000000000000e+04
1.692000000000000000e+04
1.002800000000000000e+04
2.469000000000000000e+03
1.676600000000000000e+04
8.280000000000000000e+03
6.996000000000000000e+03
5.239000000000000000e+03
6.960000000000000000e+02
9.366000000000000000e+03
3.488000000000000000e+03
1.496700000000000000e+04
4.960000000000000000e+02
6.727000000000000000e+03
1.403900000000000000e+04
1.287900000000000000e+04
1.737500000000000000e+04
1.758800000000000000e+04
1.496600000000000000e+04
5.350000000000000000e+02
1.713900000000000000e+04
8.110000000000000000e+02
3.399000000000000000e+03
8.300000000000000000e+01
2.788000000000000000e+03
1.063100000000000000e+04
1.589000000000000000e+03
9.387000000000000000e+03
1.016000000000000000e+03
9.840000000000000000e+02
6.432000000000000000e+03
1.108700000000000000e+04
3.995000000000000000e+03
1.299800000000000000e+04
1.639600000000000000e+04
1.788000000000000000e+04
1.051000000000000000e+03
1.308100000000000000e+04
1.758700000000000000e+04
1.735500000000000000e+04
8.542000000000000000e+03
1.710800000000000000e+04
1.279300000000000000e+04
9.984000000000000000e+03
3.022000000000000000e+03
1.660800000000000000e+04
6.560000000000000000e+02
1.632100000000000000e+04
9.147000000000000000e+03
1.448700000000000000e+04
8.187000000000000000e+03
2.035000000000000000e+03
4.438000000000000000e+03
5.976000000000000000e+03
9.665000000000000000e+03
8.713000000000000000e+03
8.656000000000000000e+03
1.747000000000000000e+04
1.085200000000000000e+04
1.418400000000000000e+04
3.820000000000000000e+02
8.628000000000000000e+03
1.514300000000000000e+04
1.453100000000000000e+04
4.574000000000000000e+03
1.284400000000000000e+04
1.717600000000000000e+04
6.466000000000000000e+03
7.766000000000000000e+03
8.114000000000000000e+03
1.825400000000000000e+04
9.380000000000000000e+02
1.566200000000000000e+04
8.079000000000000000e+03
1.345600000000000000e+04
1.907000000000000000e+03
1.608500000000000000e+04
1.408400000000000000e+04
1.784200000000000000e+04
3.160000000000000000e+02
1.717700000000000000e+04
1.744000000000000000e+03
1.148200000000000000e+04
6.932000000000000000e+03
1.308000000000000000e+04
6.336000000000000000e+03
1.148100000000000000e+04
4.416000000000000000e+03
1.449000000000000000e+03
4.386000000000000000e+03
3.083000000000000000e+03
1.925000000000000000e+03
4.174000000000000000e+03
1.204500000000000000e+04
1.617700000000000000e+04
1.540400000000000000e+04
1.842400000000000000e+04
3.795000000000000000e+03
2.820000000000000000e+03
5.301000000000000000e+03
1.114900000000000000e+04
7.979000000000000000e+03
7.832000000000000000e+03
3.959000000000000000e+03
1.295400000000000000e+04
3.350000000000000000e+03
1.545400000000000000e+04
1.104600000000000000e+04
3.084000000000000000e+03
1.716000000000000000e+03
6.881000000000000000e+03
1.321900000000000000e+04
1.045700000000000000e+04
7.179000000000000000e+03
1.337200000000000000e+04
9.627000000000000000e+03
1.488800000000000000e+04
9.646000000000000000e+03
8.714000000000000000e+03
1.468400000000000000e+04
9.704000000000000000e+03
2.061000000000000000e+03
1.592200000000000000e+04
1.561700000000000000e+04
3.030000000000000000e+03
8.359000000000000000e+03
6.816000000000000000e+03
1.364200000000000000e+04
5.118000000000000000e+03
1.545300000000000000e+04
1.668300000000000000e+04
4.710000000000000000e+02
8.847000000000000000e+03
8.611000000000000000e+03
4.895000000000000000e+03
1.341300000000000000e+04
3.669000000000000000e+03
1.759800000000000000e+04
9.452000000000000000e+03
1.387000000000000000e+03
1.420400000000000000e+04
1.663900000000000000e+04
1.518000000000000000e+04
4.757000000000000000e+03
1.216000000000000000e+04
6.564000000000000000e+03
8.529000000000000000e+03
4.086000000000000000e+03
4.986000000000000000e+03
7.771000000000000000e+03
1.442500000000000000e+04
1.113200000000000000e+04
1.461900000000000000e+04
1.440800000000000000e+04
1.608400000000000000e+04
1.847100000000000000e+04
1.823100000000000000e+04
4.870000000000000000e+02
1.229600000000000000e+04
1.733100000000000000e+04
8.290000000000000000e+02
3.078000000000000000e+03
