2.700000000000000000e+01
5.800000000000000000e+01
9.000000000000000000e+00
1.740000000000000000e+02
3.300000000000000000e+01
1.530000000000000000e+02
3.750000000000000000e+02
6.400000000000000000e+01
0.000000000000000000e+00
1.589000000000000000e+03
1.800000000000000000e+02
6.560000000000000000e+02
4.680000000000000000e+02
7.670000000000000000e+02
1.410000000000000000e+02
1.500000000000000000e+01
6.330000000000000000e+02
5.000000000000000000e+00
7.060000000000000000e+02
8.080000000000000000e+02
5.500000000000000000e+02
7.520000000000000000e+02
2.290000000000000000e+02
2.660000000000000000e+02
1.570000000000000000e+02
5.940000000000000000e+02
1.827000000000000000e+03
1.609000000000000000e+03
1.074000000000000000e+03
1.374000000000000000e+03
2.325000000000000000e+03
1.014000000000000000e+03
9.010000000000000000e+02
6.466000000000000000e+03
2.501000000000000000e+03
1.208000000000000000e+03
8.620000000000000000e+02
1.480000000000000000e+03
4.416000000000000000e+03
1.981000000000000000e+03
4.190000000000000000e+02
3.990000000000000000e+03
1.508000000000000000e+03
8.300000000000000000e+01
1.695000000000000000e+03
1.017000000000000000e+03
3.021000000000000000e+03
6.580000000000000000e+02
2.540000000000000000e+02
1.200000000000000000e+02
2.307000000000000000e+03
4.830000000000000000e+02
1.955000000000000000e+03
3.110000000000000000e+03
1.145000000000000000e+03
2.035000000000000000e+03
1.411000000000000000e+03
9.840000000000000000e+02
1.185000000000000000e+03
3.490000000000000000e+03
2.765000000000000000e+03
9.910000000000000000e+02
1.949000000000000000e+03
1.680000000000000000e+03
6.910000000000000000e+02
1.464000000000000000e+03
3.303000000000000000e+03
3.124000000000000000e+03
3.832000000000000000e+03
4.456000000000000000e+03
7.360000000000000000e+02
7.090000000000000000e+03
4.036000000000000000e+03
2.840000000000000000e+02
3.462000000000000000e+03
2.989000000000000000e+03
5.920000000000000000e+02
3.114000000000000000e+03
1.066000000000000000e+03
4.465000000000000000e+03
2.833000000000000000e+03
7.210000000000000000e+02
4.399000000000000000e+03
5.600000000000000000e+02
1.666000000000000000e+03
3.461000000000000000e+03
4.757000000000000000e+03
4.313000000000000000e+03
4.404000000000000000e+03
5.335000000000000000e+03
1.930000000000000000e+02
2.773000000000000000e+03
8.359000000000000000e+03
3.210000000000000000e+03
6.849000000000000000e+03
6.850000000000000000e+02
1.449000000000000000e+03
1.539000000000000000e+03
4.710000000000000000e+02
4.086000000000000000e+03
1.717000000000000000e+03
4.733000000000000000e+03
4.900000000000000000e+01
2.510000000000000000e+03
3.488000000000000000e+03
8.032000000000000000e+03
4.784000000000000000e+03
1.016000000000000000e+03
4.385000000000000000e+03
5.128000000000000000e+03
4.927000000000000000e+03
4.057000000000000000e+03
3.959000000000000000e+03
2.619000000000000000e+03
5.294000000000000000e+03
8.270000000000000000e+02
3.350000000000000000e+03
2.700000000000000000e+03
2.951000000000000000e+03
6.240000000000000000e+02
4.517000000000000000e+03
4.960000000000000000e+02
2.728000000000000000e+03
3.030000000000000000e+03
7.350000000000000000e+03
1.744000000000000000e+03
4.438000000000000000e+03
6.694000000000000000e+03
9.629000000000000000e+03
2.343000000000000000e+03
3.100000000000000000e+01
4.599000000000000000e+03
7.315000000000000000e+03
9.598000000000000000e+03
6.180000000000000000e+03
3.022000000000000000e+03
4.868000000000000000e+03
9.503000000000000000e+03
3.160000000000000000e+02
3.726000000000000000e+03
2.969000000000000000e+03
5.175000000000000000e+03
1.886000000000000000e+03
6.445000000000000000e+03
7.770000000000000000e+03
4.870000000000000000e+02
1.064000000000000000e+03
1.991000000000000000e+03
7.840000000000000000e+03
3.855000000000000000e+03
5.250000000000000000e+03
5.302000000000000000e+03
4.198000000000000000e+03
1.151200000000000000e+04
8.611000000000000000e+03
1.346000000000000000e+03
2.360000000000000000e+03
3.220000000000000000e+02
6.633000000000000000e+03
4.519000000000000000e+03
1.056000000000000000e+03
2.483000000000000000e+03
4.848000000000000000e+03
5.790000000000000000e+03
2.561000000000000000e+03
2.822000000000000000e+03
8.529000000000000000e+03
5.350000000000000000e+02
1.492000000000000000e+03
8.330000000000000000e+03
7.710000000000000000e+02
4.518000000000000000e+03
4.794000000000000000e+03
4.386000000000000000e+03
4.895000000000000000e+03
8.714000000000000000e+03
2.924000000000000000e+03
5.600000000000000000e+03
3.669000000000000000e+03
1.550000000000000000e+03
5.909000000000000000e+03
7.179000000000000000e+03
7.215000000000000000e+03
3.378000000000000000e+03
2.024000000000000000e+03
1.559000000000000000e+03
1.088000000000000000e+04
2.957000000000000000e+03
4.597000000000000000e+03
8.290000000000000000e+02
5.878000000000000000e+03
7.653000000000000000e+03
8.187000000000000000e+03
1.273700000000000000e+04
8.847000000000000000e+03
4.883000000000000000e+03
1.351000000000000000e+03
6.769000000000000000e+03
6.792000000000000000e+03
9.378000000000000000e+03
9.367000000000000000e+03
5.624000000000000000e+03
3.399000000000000000e+03
7.528000000000000000e+03
1.096000000000000000e+03
1.352000000000000000e+03
3.043000000000000000e+03
2.164000000000000000e+03
4.913000000000000000e+03
3.020000000000000000e+03
3.730000000000000000e+03
1.192800000000000000e+04
4.175000000000000000e+03
6.839000000000000000e+03
2.362000000000000000e+03
5.225000000000000000e+03
5.239000000000000000e+03
1.460000000000000000e+02
6.089000000000000000e+03
5.308000000000000000e+03
6.787000000000000000e+03
7.669000000000000000e+03
8.072000000000000000e+03
8.812000000000000000e+03
6.564000000000000000e+03
6.232000000000000000e+03
8.907000000000000000e+03
9.984000000000000000e+03
3.738000000000000000e+03
3.119000000000000000e+03
4.227000000000000000e+03
1.277100000000000000e+04
1.114300000000000000e+04
9.397000000000000000e+03
7.338000000000000000e+03
1.184000000000000000e+04
9.131000000000000000e+03
8.138000000000000000e+03
7.766000000000000000e+03
5.707000000000000000e+03
5.789000000000000000e+03
6.996000000000000000e+03
6.704000000000000000e+03
6.028000000000000000e+03
1.156000000000000000e+03
7.567000000000000000e+03
1.447000000000000000e+03
1.252400000000000000e+04
9.387000000000000000e+03
1.216000000000000000e+04
1.643000000000000000e+03
8.280000000000000000e+02
7.451000000000000000e+03
4.589000000000000000e+03
4.173000000000000000e+03
5.827000000000000000e+03
7.183000000000000000e+03
1.420500000000000000e+04
1.108800000000000000e+04
4.123000000000000000e+03
3.099000000000000000e+03
4.986000000000000000e+03
6.417000000000000000e+03
5.672000000000000000e+03
8.555000000000000000e+03
1.051000000000000000e+03
1.002900000000000000e+04
8.114000000000000000e+03
1.768000000000000000e+03
6.727000000000000000e+03
4.421000000000000000e+03
5.301000000000000000e+03
9.866000000000000000e+03
3.795000000000000000e+03
4.448000000000000000e+03
7.665000000000000000e+03
8.186000000000000000e+03
7.522000000000000000e+03
1.630700000000000000e+04
8.307000000000000000e+03
1.040000000000000000e+03
1.419000000000000000e+03
3.025000000000000000e+03
1.035400000000000000e+04
1.095100000000000000e+04
9.121000000000000000e+03
1.465500000000000000e+04
3.643000000000000000e+03
6.735000000000000000e+03
9.047000000000000000e+03
1.029800000000000000e+04
8.680000000000000000e+02
1.979000000000000000e+03
7.913000000000000000e+03
9.197000000000000000e+03
2.400000000000000000e+01
1.148200000000000000e+04
8.316000000000000000e+03
6.848000000000000000e+03
7.460000000000000000e+03
4.378000000000000000e+03
1.010200000000000000e+04
7.240000000000000000e+02
1.247000000000000000e+03
8.102000000000000000e+03
4.200000000000000000e+03
1.107700000000000000e+04
1.090000000000000000e+04
8.580000000000000000e+03
5.143000000000000000e+03
3.939000000000000000e+03
1.295400000000000000e+04
1.279300000000000000e+04
9.807000000000000000e+03
5.060000000000000000e+02
2.423000000000000000e+03
4.574000000000000000e+03
1.134200000000000000e+04
1.085200000000000000e+04
5.470000000000000000e+02
1.104600000000000000e+04
3.455000000000000000e+03
1.526900000000000000e+04
8.786000000000000000e+03
2.945000000000000000e+03
4.699000000000000000e+03
5.367000000000000000e+03
4.384000000000000000e+03
7.588000000000000000e+03
6.632000000000000000e+03
5.630000000000000000e+02
1.233200000000000000e+04
1.009400000000000000e+04
1.190000000000000000e+02
8.650000000000000000e+02
6.231000000000000000e+03
4.930000000000000000e+03
6.571000000000000000e+03
1.152500000000000000e+04
4.847000000000000000e+03
5.995000000000000000e+03
4.530000000000000000e+03
1.061900000000000000e+04
6.900000000000000000e+02
7.770000000000000000e+02
8.458000000000000000e+03
2.838000000000000000e+03
1.055000000000000000e+03
4.364000000000000000e+03
1.437000000000000000e+04
6.416000000000000000e+03
1.158300000000000000e+04
1.468400000000000000e+04
1.094200000000000000e+04
4.118000000000000000e+03
1.171400000000000000e+04
2.337000000000000000e+03
1.561700000000000000e+04
1.403900000000000000e+04
3.078000000000000000e+03
2.788000000000000000e+03
7.646000000000000000e+03
1.229600000000000000e+04
7.999000000000000000e+03
1.597000000000000000e+03
1.337200000000000000e+04
4.663000000000000000e+03
5.903000000000000000e+03
8.569000000000000000e+03
1.250400000000000000e+04
9.875000000000000000e+03
7.771000000000000000e+03
9.969000000000000000e+03
7.089000000000000000e+03
5.721000000000000000e+03
1.400700000000000000e+04
1.055300000000000000e+04
4.176000000000000000e+03
1.062000000000000000e+04
4.952000000000000000e+03
1.591100000000000000e+04
8.616000000000000000e+03
1.301700000000000000e+04
6.648000000000000000e+03
8.084000000000000000e+03
1.114900000000000000e+04
1.212000000000000000e+03
1.422000000000000000e+03
9.184000000000000000e+03
1.478200000000000000e+04
3.485000000000000000e+03
1.418400000000000000e+04
9.773000000000000000e+03
8.020000000000000000e+03
1.106700000000000000e+04
1.330400000000000000e+04
1.496700000000000000e+04
1.686200000000000000e+04
1.365400000000000000e+04
5.503000000000000000e+03
1.432400000000000000e+04
1.694000000000000000e+03
2.422000000000000000e+03
1.566200000000000000e+04
1.317700000000000000e+04
4.373000000000000000e+03
7.557000000000000000e+03
9.697000000000000000e+03
6.463000000000000000e+03
7.664000000000000000e+03
6.082000000000000000e+03
1.282900000000000000e+04
1.623000000000000000e+03
1.765500000000000000e+04
8.060000000000000000e+03
8.834000000000000000e+03
2.998000000000000000e+03
2.942000000000000000e+03
1.702600000000000000e+04
1.395700000000000000e+04
1.714200000000000000e+04
1.243400000000000000e+04
6.173000000000000000e+03
1.408400000000000000e+04
3.458000000000000000e+03
4.978000000000000000e+03
8.510000000000000000e+02
8.760000000000000000e+02
9.909000000000000000e+03
1.545400000000000000e+04
9.940000000000000000e+03
9.940000000000000000e+02
1.229000000000000000e+04
3.269000000000000000e+03
2.918000000000000000e+03
1.018600000000000000e+04
1.632100000000000000e+04
1.564400000000000000e+04
3.433000000000000000e+03
4.420000000000000000e+03
8.684000000000000000e+03
1.645000000000000000e+03
1.512400000000000000e+04
4.074000000000000000e+03
1.138400000000000000e+04
4.220000000000000000e+03
8.762000000000000000e+03
1.602100000000000000e+04
5.262000000000000000e+03
1.341300000000000000e+04
1.511000000000000000e+04
1.700000000000000000e+03
1.403800000000000000e+04
1.792600000000000000e+04
1.589700000000000000e+04
1.733100000000000000e+04
3.951000000000000000e+03
1.340000000000000000e+03
7.226000000000000000e+03
9.628000000000000000e+03
1.717700000000000000e+04
1.509500000000000000e+04
5.240000000000000000e+02
1.357000000000000000e+03
1.408000000000000000e+03
2.988000000000000000e+03
8.894000000000000000e+03
1.611600000000000000e+04
1.762500000000000000e+04
1.481500000000000000e+04
1.604100000000000000e+04
3.750000000000000000e+03
1.148100000000000000e+04
2.703000000000000000e+03
2.587000000000000000e+03
1.518000000000000000e+04
1.823100000000000000e+04
1.815000000000000000e+04
1.868000000000000000e+03
6.782000000000000000e+03
2.866000000000000000e+03
1.083800000000000000e+04
1.645000000000000000e+04
9.705000000000000000e+03
1.519300000000000000e+04
4.609000000000000000e+03
1.088800000000000000e+04
1.994000000000000000e+03
1.017900000000000000e+04
3.751000000000000000e+03
1.630600000000000000e+04
9.379000000000000000e+03
1.423600000000000000e+04
1.224500000000000000e+04
1.608500000000000000e+04
2.790000000000000000e+03
1.333700000000000000e+04
1.784200000000000000e+04
1.499400000000000000e+04
2.320000000000000000e+03
6.057000000000000000e+03
1.638100000000000000e+04
1.140300000000000000e+04
1.199000000000000000e+04
1.138200000000000000e+04
1.292700000000000000e+04
5.932000000000000000e+03
1.842800000000000000e+04
1.682700000000000000e+04
1.789400000000000000e+04
1.058600000000000000e+04
8.177000000000000000e+03
1.140100000000000000e+04
1.340500000000000000e+04
1.850000000000000000e+02
9.100000000000000000e+02
3.164000000000000000e+03
8.713000000000000000e+03
1.156500000000000000e+04
1.561600000000000000e+04
1.504800000000000000e+04
1.080500000000000000e+04
3.826000000000000000e+03
5.599000000000000000e+03
1.108600000000000000e+04
4.447000000000000000e+03
1.240800000000000000e+04
3.428000000000000000e+03
7.349000000000000000e+03
1.710800000000000000e+04
8.044000000000000000e+03
8.285000000000000000e+03
3.468000000000000000e+03
5.656000000000000000e+03
1.341000000000000000e+03
2.174000000000000000e+03
5.385000000000000000e+03
9.570000000000000000e+03
8.066000000000000000e+03
5.872000000000000000e+03
1.168600000000000000e+04
6.770000000000000000e+03
6.359000000000000000e+03
2.511000000000000000e+03
5.373000000000000000e+03
1.035800000000000000e+04
1.380700000000000000e+04
3.147000000000000000e+03
8.665000000000000000e+03
1.032800000000000000e+04
2.816000000000000000e+03
5.125000000000000000e+03
9.169000000000000000e+03
5.149000000000000000e+03
1.448700000000000000e+04
6.352000000000000000e+03
1.425600000000000000e+04
1.337100000000000000e+04
1.674700000000000000e+04
1.324500000000000000e+04
1.817900000000000000e+04
9.250000000000000000e+02
3.096000000000000000e+03
1.296900000000000000e+04
7.091000000000000000e+03
1.460700000000000000e+04
1.346900000000000000e+04
1.759800000000000000e+04
