0.000000000000000000e+00
2.540000000000000000e+02
8.300000000000000000e+01
3.300000000000000000e+01
3.220000000000000000e+02
5.240000000000000000e+02
5.800000000000000000e+01
2.700000000000000000e+01
6.900000000000000000e+02
5.000000000000000000e+00
1.410000000000000000e+02
6.400000000000000000e+01
1.357000000000000000e+03
2.840000000000000000e+02
1.066000000000000000e+03
3.750000000000000000e+02
1.804000000000000000e+03
1.105000000000000000e+03
9.840000000000000000e+02
5.470000000000000000e+02
2.423000000000000000e+03
1.096000000000000000e+03
4.710000000000000000e+02
1.377000000000000000e+03
2.511000000000000000e+03
2.300000000000000000e+02
1.854000000000000000e+03
3.160000000000000000e+02
6.560000000000000000e+02
1.643000000000000000e+03
2.362000000000000000e+03
8.090000000000000000e+02
1.016000000000000000e+03
1.411000000000000000e+03
3.468000000000000000e+03
3.485000000000000000e+03
5.920000000000000000e+02
1.017000000000000000e+03
1.449000000000000000e+03
9.010000000000000000e+02
2.320000000000000000e+03
4.378000000000000000e+03
1.324000000000000000e+03
7.770000000000000000e+02
8.290000000000000000e+02
1.460000000000000000e+02
4.960000000000000000e+02
3.147000000000000000e+03
2.838000000000000000e+03
1.190000000000000000e+02
4.978000000000000000e+03
1.346000000000000000e+03
3.600000000000000000e+01
6.730000000000000000e+02
1.014000000000000000e+03
1.666000000000000000e+03
8.680000000000000000e+02
7.520000000000000000e+02
4.547000000000000000e+03
9.000000000000000000e+00
2.175000000000000000e+03
3.421000000000000000e+03
2.035000000000000000e+03
1.351000000000000000e+03
3.089000000000000000e+03
2.561000000000000000e+03
6.910000000000000000e+02
1.352000000000000000e+03
2.788000000000000000e+03
5.630000000000000000e+02
3.022000000000000000e+03
3.433000000000000000e+03
6.930000000000000000e+02
5.164000000000000000e+03
5.350000000000000000e+02
3.350000000000000000e+03
2.290000000000000000e+02
1.800000000000000000e+02
1.032000000000000000e+03
1.994000000000000000e+03
5.500000000000000000e+02
4.074000000000000000e+03
8.260000000000000000e+02
4.822000000000000000e+03
1.208000000000000000e+03
4.123000000000000000e+03
4.448000000000000000e+03
6.028000000000000000e+03
1.508000000000000000e+03
4.220000000000000000e+03
9.940000000000000000e+02
4.890000000000000000e+02
3.795000000000000000e+03
5.807000000000000000e+03
2.400000000000000000e+01
3.078000000000000000e+03
5.373000000000000000e+03
3.458000000000000000e+03
3.020000000000000000e+03
2.957000000000000000e+03
4.118000000000000000e+03
7.091000000000000000e+03
2.989000000000000000e+03
2.856000000000000000e+03
2.773000000000000000e+03
2.360000000000000000e+03
4.986000000000000000e+03
3.285000000000000000e+03
3.132000000000000000e+03
6.359000000000000000e+03
2.343000000000000000e+03
8.164000000000000000e+03
9.020000000000000000e+02
2.700000000000000000e+03
5.872000000000000000e+03
1.133000000000000000e+03
2.866000000000000000e+03
4.285000000000000000e+03
2.335000000000000000e+03
6.057000000000000000e+03
3.096000000000000000e+03
6.582000000000000000e+03
1.756000000000000000e+03
5.262000000000000000e+03
2.395000000000000000e+03
3.030000000000000000e+03
5.139000000000000000e+03
3.530000000000000000e+02
1.419000000000000000e+03
1.597000000000000000e+03
7.127000000000000000e+03
6.274000000000000000e+03
4.597000000000000000e+03
4.176000000000000000e+03
4.977000000000000000e+03
7.060000000000000000e+02
8.011000000000000000e+03
4.035000000000000000e+03
2.104000000000000000e+03
8.285000000000000000e+03
3.863000000000000000e+03
2.833000000000000000e+03
2.277000000000000000e+03
4.373000000000000000e+03
4.669000000000000000e+03
3.669000000000000000e+03
9.241000000000000000e+03
8.923000000000000000e+03
8.060000000000000000e+03
4.769000000000000000e+03
6.530000000000000000e+02
8.620000000000000000e+02
2.164000000000000000e+03
5.940000000000000000e+02
4.609000000000000000e+03
2.619000000000000000e+03
5.616000000000000000e+03
2.177000000000000000e+03
2.011000000000000000e+03
5.932000000000000000e+03
8.511000000000000000e+03
3.114000000000000000e+03
1.949000000000000000e+03
2.951000000000000000e+03
1.039000000000000000e+03
4.143000000000000000e+03
3.462000000000000000e+03
1.087000000000000000e+03
5.878000000000000000e+03
8.177000000000000000e+03
4.895000000000000000e+03
4.421000000000000000e+03
1.740000000000000000e+02
6.787000000000000000e+03
1.038600000000000000e+04
1.017900000000000000e+04
3.510000000000000000e+02
9.330000000000000000e+02
5.143000000000000000e+03
6.416000000000000000e+03
8.165000000000000000e+03
4.900000000000000000e+01
8.415000000000000000e+03
1.472000000000000000e+03
6.188000000000000000e+03
1.035800000000000000e+04
9.048000000000000000e+03
4.386000000000000000e+03
1.955000000000000000e+03
1.695000000000000000e+03
1.024700000000000000e+04
9.379000000000000000e+03
1.050700000000000000e+04
3.488000000000000000e+03
4.190000000000000000e+02
3.630000000000000000e+03
3.959000000000000000e+03
9.250000000000000000e+02
4.734000000000000000e+03
1.709000000000000000e+03
2.510000000000000000e+03
6.082000000000000000e+03
1.744000000000000000e+03
8.044000000000000000e+03
9.725000000000000000e+03
3.399000000000000000e+03
6.440000000000000000e+03
7.999000000000000000e+03
8.056000000000000000e+03
1.539000000000000000e+03
7.323000000000000000e+03
1.011100000000000000e+04
5.279000000000000000e+03
8.657000000000000000e+03
7.771000000000000000e+03
9.682000000000000000e+03
9.116000000000000000e+03
1.146400000000000000e+04
7.735000000000000000e+03
8.170000000000000000e+03
9.320000000000000000e+03
9.910000000000000000e+03
8.444000000000000000e+03
8.084000000000000000e+03
1.185000000000000000e+04
1.863000000000000000e+03
1.886000000000000000e+03
3.224000000000000000e+03
6.417000000000000000e+03
5.225000000000000000e+03
1.717000000000000000e+03
3.726000000000000000e+03
4.175000000000000000e+03
5.672000000000000000e+03
9.773000000000000000e+03
5.520000000000000000e+02
4.086000000000000000e+03
7.905000000000000000e+03
8.665000000000000000e+03
7.460000000000000000e+03
3.165000000000000000e+03
1.051000000000000000e+03
4.883000000000000000e+03
1.305900000000000000e+04
1.143700000000000000e+04
8.950000000000000000e+03
5.656000000000000000e+03
5.301000000000000000e+03
1.991000000000000000e+03
5.827000000000000000e+03
2.501000000000000000e+03
9.705000000000000000e+03
3.538000000000000000e+03
8.103000000000000000e+03
6.735000000000000000e+03
1.171300000000000000e+04
1.143600000000000000e+04
3.855000000000000000e+03
5.254000000000000000e+03
1.208100000000000000e+04
4.574000000000000000e+03
3.378000000000000000e+03
3.124000000000000000e+03
4.517000000000000000e+03
1.094300000000000000e+04
6.330000000000000000e+02
1.042200000000000000e+04
1.846000000000000000e+03
1.121400000000000000e+04
6.875000000000000000e+03
5.155000000000000000e+03
8.080000000000000000e+02
4.680000000000000000e+02
6.564000000000000000e+03
1.153800000000000000e+04
7.169000000000000000e+03
2.307000000000000000e+03
1.443800000000000000e+04
5.239000000000000000e+03
1.235000000000000000e+04
8.114000000000000000e+03
1.204600000000000000e+04
9.969000000000000000e+03
6.308000000000000000e+03
7.451000000000000000e+03
2.018000000000000000e+03
1.061000000000000000e+03
3.461000000000000000e+03
1.026400000000000000e+04
8.510000000000000000e+02
1.591000000000000000e+03
1.055000000000000000e+03
8.786000000000000000e+03
1.140300000000000000e+04
1.058600000000000000e+04
6.848000000000000000e+03
7.179000000000000000e+03
1.374000000000000000e+03
6.571000000000000000e+03
1.094200000000000000e+04
4.794000000000000000e+03
3.643000000000000000e+03
9.035000000000000000e+03
7.763000000000000000e+03
9.875000000000000000e+03
9.842000000000000000e+03
7.766000000000000000e+03
1.296900000000000000e+04
1.242200000000000000e+04
1.216000000000000000e+03
5.308000000000000000e+03
1.324500000000000000e+04
1.115000000000000000e+04
1.224600000000000000e+04
4.757000000000000000e+03
1.411100000000000000e+04
4.607000000000000000e+03
1.120400000000000000e+04
7.067000000000000000e+03
1.355800000000000000e+04
1.088800000000000000e+04
9.794000000000000000e+03
6.633000000000000000e+03
8.611000000000000000e+03
1.273800000000000000e+04
8.517000000000000000e+03
7.226000000000000000e+03
8.458000000000000000e+03
7.183000000000000000e+03
1.062000000000000000e+04
2.386000000000000000e+03
8.778000000000000000e+03
1.103300000000000000e+04
1.272600000000000000e+04
6.744000000000000000e+03
1.248500000000000000e+04
1.340000000000000000e+03
7.913000000000000000e+03
6.089000000000000000e+03
8.104000000000000000e+03
1.607900000000000000e+04
4.438000000000000000e+03
1.194800000000000000e+04
1.168600000000000000e+04
1.386100000000000000e+04
1.138400000000000000e+04
1.443900000000000000e+04
1.243400000000000000e+04
6.770000000000000000e+03
1.214600000000000000e+04
1.950000000000000000e+03
6.727000000000000000e+03
1.598400000000000000e+04
1.346900000000000000e+04
9.940000000000000000e+03
1.465600000000000000e+04
1.003500000000000000e+04
1.559300000000000000e+04
1.519500000000000000e+04
1.275000000000000000e+03
1.056000000000000000e+03
6.580000000000000000e+02
1.480000000000000000e+03
4.913000000000000000e+03
8.307000000000000000e+03
1.112000000000000000e+03
4.313000000000000000e+03
4.233000000000000000e+03
1.340500000000000000e+04
4.699000000000000000e+03
1.600000000000000000e+04
1.460700000000000000e+04
1.132000000000000000e+04
4.835000000000000000e+03
4.519000000000000000e+03
1.035400000000000000e+04
3.631000000000000000e+03
6.773000000000000000e+03
5.336000000000000000e+03
9.910000000000000000e+02
1.981000000000000000e+03
7.350000000000000000e+03
1.634900000000000000e+04
1.475200000000000000e+04
5.294000000000000000e+03
1.519400000000000000e+04
1.576500000000000000e+04
2.220000000000000000e+03
1.301700000000000000e+04
7.098000000000000000e+03
5.725000000000000000e+03
1.478300000000000000e+04
1.790900000000000000e+04
8.317000000000000000e+03
1.530000000000000000e+02
4.416000000000000000e+03
8.580000000000000000e+03
1.341300000000000000e+04
1.171400000000000000e+04
1.329200000000000000e+04
1.218800000000000000e+04
4.467000000000000000e+03
4.785000000000000000e+03
5.795000000000000000e+03
1.191600000000000000e+04
7.000000000000000000e+02
1.533100000000000000e+04
3.110000000000000000e+03
5.603000000000000000e+03
9.730000000000000000e+03
1.006000000000000000e+03
1.347000000000000000e+04
8.139000000000000000e+03
1.064000000000000000e+03
1.645100000000000000e+04
8.169000000000000000e+03
1.625700000000000000e+04
7.653000000000000000e+03
1.218700000000000000e+04
1.413600000000000000e+04
1.055300000000000000e+04
1.481500000000000000e+04
1.508100000000000000e+04
1.698300000000000000e+04
8.762000000000000000e+03
8.714000000000000000e+03
7.665000000000000000e+03
1.660900000000000000e+04
1.380700000000000000e+04
3.226000000000000000e+03
6.587000000000000000e+03
2.580000000000000000e+02
1.760300000000000000e+04
5.314000000000000000e+03
1.633900000000000000e+04
1.454600000000000000e+04
1.560300000000000000e+04
7.864000000000000000e+03
4.599000000000000000e+03
1.642900000000000000e+04
6.996000000000000000e+03
7.770000000000000000e+03
1.365400000000000000e+04
1.766800000000000000e+04
4.979000000000000000e+03
7.572000000000000000e+03
1.568100000000000000e+04
1.180000000000000000e+03
4.848000000000000000e+03
1.222800000000000000e+04
3.796000000000000000e+03
1.222700000000000000e+04
1.282900000000000000e+04
1.655700000000000000e+04
4.060000000000000000e+03
1.547500000000000000e+04
3.490000000000000000e+03
1.571700000000000000e+04
1.818000000000000000e+04
6.937000000000000000e+03
3.977000000000000000e+03
2.363000000000000000e+03
4.399000000000000000e+03
1.710900000000000000e+04
1.785500000000000000e+04
2.348000000000000000e+03
1.408400000000000000e+04
8.529000000000000000e+03
1.620000000000000000e+04
2.470000000000000000e+03
8.812000000000000000e+03
1.638100000000000000e+04
1.801800000000000000e+04
2.660000000000000000e+02
7.215000000000000000e+03
1.576400000000000000e+04
1.639700000000000000e+04
1.698400000000000000e+04
1.468500000000000000e+04
1.495000000000000000e+03
4.790000000000000000e+02
1.556200000000000000e+04
7.822000000000000000e+03
6.445000000000000000e+03
1.057000000000000000e+03
1.451600000000000000e+04
4.953000000000000000e+03
5.600000000000000000e+02
1.509500000000000000e+04
1.437000000000000000e+04
1.839000000000000000e+04
1.082700000000000000e+04
1.095100000000000000e+04
9.047000000000000000e+03
1.564400000000000000e+04
6.704000000000000000e+03
1.740400000000000000e+04
1.158400000000000000e+04
2.969000000000000000e+03
4.733000000000000000e+03
1.457000000000000000e+04
8.504000000000000000e+03
7.670000000000000000e+03
1.512500000000000000e+04
1.025600000000000000e+04
3.043000000000000000e+03
1.604400000000000000e+04
9.460000000000000000e+03
1.711000000000000000e+04
1.635000000000000000e+04
5.574000000000000000e+03
1.400700000000000000e+04
4.870000000000000000e+02
4.400000000000000000e+03
5.081000000000000000e+03
6.669000000000000000e+03
5.335000000000000000e+03
5.707000000000000000e+03
1.768000000000000000e+03
8.359000000000000000e+03
1.831300000000000000e+04
1.840900000000000000e+04
9.110000000000000000e+02
8.734000000000000000e+03
5.398000000000000000e+03
4.784000000000000000e+03
4.036000000000000000e+03
7.891000000000000000e+03
1.227800000000000000e+04
1.453000000000000000e+03
7.210000000000000000e+02
1.145000000000000000e+03
6.849000000000000000e+03
1.817900000000000000e+04
6.833000000000000000e+03
1.758900000000000000e+04
1.568000000000000000e+04
1.773700000000000000e+04
1.027100000000000000e+04
1.566300000000000000e+04
1.108900000000000000e+04
2.568000000000000000e+03
6.232000000000000000e+03
1.009000000000000000e+03
9.920000000000000000e+02
1.721000000000000000e+03
1.570000000000000000e+02
2.765000000000000000e+03
7.567000000000000000e+03
5.600000000000000000e+03
1.423600000000000000e+04
7.506000000000000000e+03
1.104600000000000000e+04
1.511000000000000000e+04
2.243000000000000000e+03
8.802000000000000000e+03
3.544000000000000000e+03
3.004000000000000000e+03
1.210400000000000000e+04
6.376000000000000000e+03
8.034000000000000000e+03
7.420000000000000000e+02
5.302000000000000000e+03
5.790000000000000000e+03
9.807000000000000000e+03
1.645000000000000000e+04
1.794600000000000000e+04
1.107700000000000000e+04
4.404000000000000000e+03
1.773600000000000000e+04
1.021700000000000000e+04
1.459300000000000000e+04
