0.000000000000000000e+00
5.000000000000000000e+00
8.300000000000000000e+01
5.240000000000000000e+02
1.804000000000000000e+03
3.300000000000000000e+01
4.960000000000000000e+02
2.540000000000000000e+02
5.470000000000000000e+02
2.300000000000000000e+02
3.220000000000000000e+02
3.160000000000000000e+02
2.700000000000000000e+01
3.600000000000000000e+01
2.840000000000000000e+02
1.377000000000000000e+03
1.133000000000000000e+03
6.900000000000000000e+02
1.410000000000000000e+02
1.854000000000000000e+03
1.460000000000000000e+02
1.105000000000000000e+03
6.730000000000000000e+02
5.800000000000000000e+01
8.090000000000000000e+02
1.352000000000000000e+03
1.096000000000000000e+03
6.400000000000000000e+01
1.190000000000000000e+02
2.511000000000000000e+03
1.324000000000000000e+03
1.016000000000000000e+03
2.400000000000000000e+01
8.290000000000000000e+02
2.175000000000000000e+03
6.530000000000000000e+02
4.890000000000000000e+02
3.096000000000000000e+03
6.930000000000000000e+02
1.357000000000000000e+03
3.510000000000000000e+02
4.790000000000000000e+02
4.710000000000000000e+02
5.520000000000000000e+02
3.530000000000000000e+02
2.104000000000000000e+03
7.770000000000000000e+02
2.580000000000000000e+02
1.066000000000000000e+03
5.920000000000000000e+02
8.260000000000000000e+02
2.423000000000000000e+03
1.643000000000000000e+03
3.147000000000000000e+03
9.840000000000000000e+02
5.155000000000000000e+03
1.472000000000000000e+03
3.078000000000000000e+03
3.421000000000000000e+03
2.320000000000000000e+03
2.277000000000000000e+03
1.346000000000000000e+03
3.285000000000000000e+03
6.560000000000000000e+02
9.940000000000000000e+02
2.335000000000000000e+03
2.386000000000000000e+03
2.788000000000000000e+03
4.060000000000000000e+03
1.449000000000000000e+03
9.330000000000000000e+02
5.373000000000000000e+03
3.750000000000000000e+02
4.669000000000000000e+03
3.089000000000000000e+03
5.279000000000000000e+03
2.360000000000000000e+03
2.838000000000000000e+03
4.074000000000000000e+03
4.734000000000000000e+03
1.846000000000000000e+03
1.039000000000000000e+03
3.433000000000000000e+03
9.110000000000000000e+02
3.863000000000000000e+03
5.164000000000000000e+03
3.468000000000000000e+03
9.020000000000000000e+02
5.350000000000000000e+02
4.785000000000000000e+03
1.411000000000000000e+03
1.994000000000000000e+03
4.143000000000000000e+03
7.323000000000000000e+03
1.216000000000000000e+03
6.910000000000000000e+02
5.139000000000000000e+03
3.132000000000000000e+03
4.822000000000000000e+03
1.863000000000000000e+03
1.591000000000000000e+03
2.164000000000000000e+03
2.395000000000000000e+03
4.977000000000000000e+03
3.226000000000000000e+03
5.725000000000000000e+03
4.609000000000000000e+03
2.011000000000000000e+03
4.118000000000000000e+03
3.630000000000000000e+03
4.547000000000000000e+03
1.057000000000000000e+03
8.680000000000000000e+02
5.795000000000000000e+03
2.177000000000000000e+03
7.520000000000000000e+02
5.630000000000000000e+02
1.756000000000000000e+03
3.458000000000000000e+03
4.467000000000000000e+03
5.604000000000000000e+03
4.220000000000000000e+03
7.169000000000000000e+03
4.607000000000000000e+03
4.035000000000000000e+03
8.011000000000000000e+03
6.744000000000000000e+03
7.763000000000000000e+03
8.950000000000000000e+03
3.165000000000000000e+03
5.807000000000000000e+03
7.127000000000000000e+03
4.285000000000000000e+03
3.224000000000000000e+03
6.308000000000000000e+03
1.950000000000000000e+03
1.351000000000000000e+03
2.354000000000000000e+03
1.800000000000000000e+02
3.631000000000000000e+03
2.866000000000000000e+03
8.665000000000000000e+03
4.769000000000000000e+03
9.010000000000000000e+02
6.582000000000000000e+03
4.233000000000000000e+03
4.373000000000000000e+03
2.470000000000000000e+03
6.359000000000000000e+03
8.511000000000000000e+03
8.778000000000000000e+03
5.081000000000000000e+03
2.957000000000000000e+03
3.669000000000000000e+03
3.977000000000000000e+03
3.796000000000000000e+03
1.709000000000000000e+03
4.176000000000000000e+03
1.539000000000000000e+03
2.856000000000000000e+03
5.616000000000000000e+03
6.082000000000000000e+03
3.020000000000000000e+03
6.274000000000000000e+03
5.656000000000000000e+03
5.932000000000000000e+03
7.098000000000000000e+03
1.017000000000000000e+03
1.032000000000000000e+03
3.485000000000000000e+03
8.165000000000000000e+03
1.597000000000000000e+03
1.061000000000000000e+03
6.057000000000000000e+03
8.104000000000000000e+03
9.000000000000000000e+00
8.318000000000000000e+03
8.169000000000000000e+03
3.538000000000000000e+03
9.808000000000000000e+03
7.067000000000000000e+03
1.275000000000000000e+03
7.091000000000000000e+03
9.460000000000000000e+03
7.000000000000000000e+02
5.940000000000000000e+02
1.087000000000000000e+03
1.094300000000000000e+04
1.495000000000000000e+03
2.348000000000000000e+03
1.419000000000000000e+03
1.744000000000000000e+03
5.872000000000000000e+03
2.362000000000000000e+03
7.905000000000000000e+03
9.116000000000000000e+03
4.835000000000000000e+03
1.042200000000000000e+04
2.018000000000000000e+03
8.103000000000000000e+03
1.025600000000000000e+04
3.795000000000000000e+03
8.170000000000000000e+03
2.833000000000000000e+03
1.153800000000000000e+04
8.657000000000000000e+03
1.453000000000000000e+03
8.177000000000000000e+03
4.953000000000000000e+03
7.735000000000000000e+03
8.317000000000000000e+03
4.386000000000000000e+03
1.011100000000000000e+04
6.571000000000000000e+03
3.399000000000000000e+03
2.722000000000000000e+03
4.574000000000000000e+03
8.504000000000000000e+03
5.574000000000000000e+03
5.143000000000000000e+03
1.214600000000000000e+04
7.891000000000000000e+03
1.235000000000000000e+04
5.314000000000000000e+03
1.103300000000000000e+04
1.112000000000000000e+03
8.056000000000000000e+03
5.603000000000000000e+03
6.773000000000000000e+03
7.822000000000000000e+03
5.336000000000000000e+03
1.026400000000000000e+04
8.517000000000000000e+03
4.979000000000000000e+03
6.587000000000000000e+03
6.440000000000000000e+03
4.448000000000000000e+03
8.444000000000000000e+03
9.725000000000000000e+03
8.923000000000000000e+03
9.320000000000000000e+03
9.048000000000000000e+03
1.886000000000000000e+03
2.951000000000000000e+03
6.937000000000000000e+03
8.900000000000000000e+02
1.730000000000000000e+03
3.488000000000000000e+03
8.164000000000000000e+03
9.682000000000000000e+03
6.212000000000000000e+03
4.175000000000000000e+03
1.273800000000000000e+04
9.301000000000000000e+03
4.700000000000000000e+02
3.544000000000000000e+03
8.139000000000000000e+03
1.082700000000000000e+04
6.770000000000000000e+03
8.510000000000000000e+02
4.400000000000000000e+03
1.146400000000000000e+04
9.250000000000000000e+02
5.254000000000000000e+03
1.242200000000000000e+04
1.191600000000000000e+04
1.272600000000000000e+04
8.734000000000000000e+03
9.794000000000000000e+03
2.700000000000000000e+03
6.188000000000000000e+03
7.771000000000000000e+03
8.415000000000000000e+03
9.241000000000000000e+03
2.220000000000000000e+03
3.249000000000000000e+03
9.842000000000000000e+03
1.003500000000000000e+04
1.017900000000000000e+04
1.027100000000000000e+04
9.035000000000000000e+03
9.920000000000000000e+02
4.378000000000000000e+03
5.262000000000000000e+03
7.999000000000000000e+03
1.547500000000000000e+04
1.248500000000000000e+04
8.375000000000000000e+03
1.204600000000000000e+04
4.438000000000000000e+03
2.561000000000000000e+03
1.355800000000000000e+04
3.022000000000000000e+03
1.009000000000000000e+03
1.227800000000000000e+04
1.180000000000000000e+03
1.475200000000000000e+04
8.285000000000000000e+03
2.243000000000000000e+03
1.717000000000000000e+03
2.619000000000000000e+03
2.363000000000000000e+03
7.420000000000000000e+02
7.060000000000000000e+02
9.940000000000000000e+03
1.120400000000000000e+04
1.991000000000000000e+03
5.672000000000000000e+03
1.140300000000000000e+04
1.454600000000000000e+04
2.773000000000000000e+03
1.346900000000000000e+04
1.132000000000000000e+04
1.385300000000000000e+04
4.978000000000000000e+03
1.218800000000000000e+04
1.347000000000000000e+04
6.669000000000000000e+03
7.372000000000000000e+03
8.034000000000000000e+03
1.055000000000000000e+03
6.417000000000000000e+03
2.641000000000000000e+03
9.755000000000000000e+03
1.508000000000000000e+03
1.296900000000000000e+04
3.726000000000000000e+03
1.566300000000000000e+04
5.500000000000000000e+02
1.115000000000000000e+04
1.443900000000000000e+04
1.208100000000000000e+04
1.218700000000000000e+04
3.004000000000000000e+03
4.757000000000000000e+03
7.460000000000000000e+03
1.143600000000000000e+04
7.506000000000000000e+03
4.123000000000000000e+03
1.329200000000000000e+04
1.413600000000000000e+04
1.523200000000000000e+04
1.386100000000000000e+04
1.519500000000000000e+04
1.465600000000000000e+04
7.572000000000000000e+03
5.301000000000000000e+03
1.366500000000000000e+04
1.143700000000000000e+04
1.138400000000000000e+04
7.670000000000000000e+03
5.473000000000000000e+03
7.864000000000000000e+03
8.060000000000000000e+03
1.681200000000000000e+04
1.460700000000000000e+04
5.169000000000000000e+03
1.076400000000000000e+04
5.410000000000000000e+03
1.590000000000000000e+03
1.642900000000000000e+04
7.226000000000000000e+03
8.714000000000000000e+03
3.114000000000000000e+03
1.222800000000000000e+04
1.224600000000000000e+04
1.568000000000000000e+04
1.050700000000000000e+04
4.900000000000000000e+01
2.989000000000000000e+03
1.209300000000000000e+04
1.158400000000000000e+04
1.246900000000000000e+04
9.379000000000000000e+03
1.006000000000000000e+03
1.721000000000000000e+03
6.376000000000000000e+03
1.208000000000000000e+03
6.833000000000000000e+03
5.119000000000000000e+03
1.695000000000000000e+03
1.949000000000000000e+03
6.875000000000000000e+03
1.088800000000000000e+04
1.457000000000000000e+04
4.597000000000000000e+03
6.756000000000000000e+03
1.210400000000000000e+04
1.451600000000000000e+04
3.461000000000000000e+03
4.086000000000000000e+03
4.895000000000000000e+03
1.633900000000000000e+04
1.468500000000000000e+04
8.480000000000000000e+02
1.607900000000000000e+04
1.038700000000000000e+04
6.677000000000000000e+03
1.711000000000000000e+04
1.635000000000000000e+04
1.060700000000000000e+04
5.878000000000000000e+03
8.148000000000000000e+03
1.151300000000000000e+04
1.056000000000000000e+03
4.986000000000000000e+03
1.121400000000000000e+04
7.626000000000000000e+03
9.891000000000000000e+03
1.686300000000000000e+04
1.282000000000000000e+03
2.510000000000000000e+03
3.350000000000000000e+03
1.014000000000000000e+03
1.305900000000000000e+04
1.758900000000000000e+04
1.508100000000000000e+04
1.185000000000000000e+04
1.459300000000000000e+04
6.416000000000000000e+03
8.802000000000000000e+03
1.568100000000000000e+04
1.762600000000000000e+04
3.378000000000000000e+03
1.051000000000000000e+03
6.089000000000000000e+03
1.955000000000000000e+03
1.380700000000000000e+04
2.343000000000000000e+03
1.108900000000000000e+04
1.143800000000000000e+04
2.568000000000000000e+03
2.220000000000000000e+02
1.194800000000000000e+04
7.451000000000000000e+03
1.698300000000000000e+04
8.115000000000000000e+03
9.426000000000000000e+03
6.633000000000000000e+03
4.883000000000000000e+03
9.910000000000000000e+03
5.239000000000000000e+03
1.634900000000000000e+04
1.244800000000000000e+04
4.132000000000000000e+03
6.680000000000000000e+02
6.330000000000000000e+02
1.519400000000000000e+04
8.084000000000000000e+03
1.576500000000000000e+04
1.773600000000000000e+04
4.558000000000000000e+03
6.882000000000000000e+03
1.222700000000000000e+04
7.179000000000000000e+03
1.341300000000000000e+04
1.773700000000000000e+04
1.254800000000000000e+04
5.398000000000000000e+03
4.379000000000000000e+03
2.501000000000000000e+03
1.301700000000000000e+04
1.035800000000000000e+04
9.730000000000000000e+03
6.197000000000000000e+03
8.033000000000000000e+03
1.639700000000000000e+04
1.021700000000000000e+04
1.388300000000000000e+04
1.549100000000000000e+04
1.088900000000000000e+04
1.686200000000000000e+04
1.559300000000000000e+04
1.660900000000000000e+04
1.698400000000000000e+04
5.739000000000000000e+03
4.599000000000000000e+03
1.171400000000000000e+04
1.052300000000000000e+04
1.556200000000000000e+04
1.058600000000000000e+04
1.340000000000000000e+03
6.848000000000000000e+03
9.705000000000000000e+03
1.740400000000000000e+04
1.786900000000000000e+04
1.673000000000000000e+04
7.300000000000000000e+02
6.261000000000000000e+03
3.246000000000000000e+03
8.620000000000000000e+02
4.517000000000000000e+03
1.038600000000000000e+04
1.716400000000000000e+04
5.296000000000000000e+03
1.006300000000000000e+04
1.295600000000000000e+04
8.580000000000000000e+03
1.024700000000000000e+04
4.421000000000000000e+03
9.969000000000000000e+03
1.837200000000000000e+04
1.709700000000000000e+04
1.023900000000000000e+04
1.353000000000000000e+03
7.770000000000000000e+03
6.727000000000000000e+03
1.478300000000000000e+04
6.787000000000000000e+03
9.419000000000000000e+03
6.695000000000000000e+03
1.512500000000000000e+04
1.759900000000000000e+04
3.643000000000000000e+03
6.028000000000000000e+03
1.498000000000000000e+03
2.546000000000000000e+03
7.183000000000000000e+03
4.870000000000000000e+02
1.625700000000000000e+04
1.831300000000000000e+04
3.336000000000000000e+03
1.013200000000000000e+04
7.757000000000000000e+03
1.760300000000000000e+04
1.600000000000000000e+04
2.828000000000000000e+03
2.779000000000000000e+03
4.090000000000000000e+03
1.055300000000000000e+04
4.519000000000000000e+03
1.840900000000000000e+04
1.578300000000000000e+04
1.375400000000000000e+04
2.173000000000000000e+03
1.340500000000000000e+04
4.190000000000000000e+02
8.114000000000000000e+03
5.225000000000000000e+03
9.875000000000000000e+03
1.209000000000000000e+03
2.834000000000000000e+03
6.688000000000000000e+03
1.104700000000000000e+04
5.564000000000000000e+03
3.355000000000000000e+03
1.549200000000000000e+04
1.686000000000000000e+03
1.558000000000000000e+04
7.913000000000000000e+03
7.350000000000000000e+03
1.638100000000000000e+04
8.044000000000000000e+03
4.848000000000000000e+03
1.481500000000000000e+04
1.129000000000000000e+03
1.363100000000000000e+04
2.030000000000000000e+03
7.884000000000000000e+03
1.304300000000000000e+04
9.910000000000000000e+02
4.384000000000000000e+03
6.580000000000000000e+02
6.996000000000000000e+03
2.290000000000000000e+02
1.437000000000000000e+04
1.443800000000000000e+04
1.655700000000000000e+04
1.448800000000000000e+04
5.610000000000000000e+02
9.706000000000000000e+03
5.438000000000000000e+03
1.058700000000000000e+04
1.539200000000000000e+04
1.533100000000000000e+04
