5.000000000000000000e+00
2.400000000000000000e+01
0.000000000000000000e+00
3.600000000000000000e+01
6.530000000000000000e+02
2.580000000000000000e+02
1.190000000000000000e+02
3.530000000000000000e+02
4.790000000000000000e+02
1.133000000000000000e+03
3.510000000000000000e+02
6.930000000000000000e+02
5.520000000000000000e+02
2.300000000000000000e+02
1.460000000000000000e+02
9.110000000000000000e+02
1.282000000000000000e+03
6.730000000000000000e+02
3.004000000000000000e+03
1.039000000000000000e+03
1.057000000000000000e+03
1.495000000000000000e+03
3.160000000000000000e+02
2.220000000000000000e+02
8.260000000000000000e+02
8.900000000000000000e+02
1.730000000000000000e+03
2.348000000000000000e+03
8.090000000000000000e+02
8.290000000000000000e+02
4.960000000000000000e+02
5.470000000000000000e+02
4.700000000000000000e+02
9.020000000000000000e+02
1.863000000000000000e+03
1.472000000000000000e+03
3.165000000000000000e+03
3.796000000000000000e+03
1.324000000000000000e+03
4.890000000000000000e+02
8.300000000000000000e+01
4.870000000000000000e+02
2.354000000000000000e+03
1.112000000000000000e+03
8.480000000000000000e+02
9.940000000000000000e+02
1.846000000000000000e+03
1.591000000000000000e+03
1.453000000000000000e+03
1.597000000000000000e+03
7.770000000000000000e+02
2.546000000000000000e+03
2.363000000000000000e+03
3.249000000000000000e+03
5.350000000000000000e+02
3.544000000000000000e+03
2.030000000000000000e+03
4.953000000000000000e+03
2.104000000000000000e+03
6.212000000000000000e+03
2.335000000000000000e+03
1.275000000000000000e+03
5.169000000000000000e+03
5.119000000000000000e+03
2.011000000000000000e+03
2.470000000000000000e+03
4.233000000000000000e+03
6.400000000000000000e+01
1.790000000000000000e+02
2.177000000000000000e+03
4.060000000000000000e+03
4.607000000000000000e+03
4.143000000000000000e+03
7.000000000000000000e+02
5.037000000000000000e+03
6.900000000000000000e+02
1.377000000000000000e+03
2.568000000000000000e+03
2.840000000000000000e+02
2.277000000000000000e+03
6.680000000000000000e+02
3.226000000000000000e+03
4.560000000000000000e+02
1.709000000000000000e+03
1.756000000000000000e+03
1.950000000000000000e+03
1.216000000000000000e+03
2.395000000000000000e+03
4.785000000000000000e+03
3.538000000000000000e+03
4.979000000000000000e+03
1.854000000000000000e+03
2.641000000000000000e+03
2.722000000000000000e+03
3.631000000000000000e+03
1.590000000000000000e+03
2.018000000000000000e+03
3.863000000000000000e+03
1.498000000000000000e+03
4.710000000000000000e+02
9.330000000000000000e+02
1.994000000000000000e+03
8.115000000000000000e+03
6.937000000000000000e+03
5.604000000000000000e+03
6.587000000000000000e+03
5.336000000000000000e+03
2.700000000000000000e+01
3.630000000000000000e+03
5.254000000000000000e+03
3.285000000000000000e+03
2.834000000000000000e+03
5.574000000000000000e+03
5.564000000000000000e+03
6.773000000000000000e+03
1.180000000000000000e+03
3.355000000000000000e+03
1.721000000000000000e+03
3.132000000000000000e+03
4.558000000000000000e+03
4.283000000000000000e+03
1.346000000000000000e+03
4.035000000000000000e+03
3.942000000000000000e+03
4.835000000000000000e+03
6.453000000000000000e+03
2.892000000000000000e+03
9.100000000000000000e+01
6.756000000000000000e+03
8.139000000000000000e+03
2.856000000000000000e+03
5.920000000000000000e+02
8.510000000000000000e+02
3.089000000000000000e+03
8.629000000000000000e+03
3.745000000000000000e+03
8.680000000000000000e+02
6.833000000000000000e+03
4.467000000000000000e+03
6.688000000000000000e+03
5.473000000000000000e+03
8.148000000000000000e+03
5.410000000000000000e+03
5.795000000000000000e+03
6.308000000000000000e+03
8.504000000000000000e+03
9.080000000000000000e+03
2.175000000000000000e+03
7.372000000000000000e+03
3.246000000000000000e+03
6.677000000000000000e+03
2.243000000000000000e+03
1.100500000000000000e+04
1.744000000000000000e+03
6.197000000000000000e+03
7.884000000000000000e+03
7.300000000000000000e+02
6.600000000000000000e+02
3.977000000000000000e+03
5.725000000000000000e+03
7.822000000000000000e+03
4.400000000000000000e+03
2.779000000000000000e+03
2.386000000000000000e+03
6.834000000000000000e+03
3.336000000000000000e+03
4.734000000000000000e+03
7.098000000000000000e+03
6.259000000000000000e+03
6.669000000000000000e+03
4.379000000000000000e+03
1.511000000000000000e+03
1.032000000000000000e+03
2.050000000000000000e+02
1.686000000000000000e+03
9.250000000000000000e+02
3.096000000000000000e+03
9.426000000000000000e+03
7.067000000000000000e+03
1.410000000000000000e+02
3.220000000000000000e+02
5.314000000000000000e+03
2.220000000000000000e+03
6.446000000000000000e+03
5.240000000000000000e+02
9.891000000000000000e+03
9.706000000000000000e+03
5.739000000000000000e+03
3.259000000000000000e+03
6.958000000000000000e+03
8.318000000000000000e+03
8.033000000000000000e+03
6.261000000000000000e+03
7.420000000000000000e+02
6.770000000000000000e+03
8.317000000000000000e+03
3.224000000000000000e+03
4.769000000000000000e+03
5.610000000000000000e+02
9.348000000000000000e+03
7.670000000000000000e+03
2.798000000000000000e+03
4.795000000000000000e+03
1.058700000000000000e+04
3.421000000000000000e+03
1.052300000000000000e+04
7.767000000000000000e+03
4.977000000000000000e+03
1.053200000000000000e+04
5.081000000000000000e+03
7.626000000000000000e+03
8.104000000000000000e+03
4.884000000000000000e+03
6.695000000000000000e+03
2.100000000000000000e+02
5.603000000000000000e+03
1.021700000000000000e+04
4.132000000000000000e+03
4.092000000000000000e+03
1.051000000000000000e+03
7.891000000000000000e+03
7.572000000000000000e+03
5.398000000000000000e+03
8.375000000000000000e+03
5.296000000000000000e+03
5.656000000000000000e+03
7.169000000000000000e+03
5.438000000000000000e+03
1.104700000000000000e+04
4.669000000000000000e+03
4.609000000000000000e+03
1.242300000000000000e+04
6.376000000000000000e+03
1.353000000000000000e+03
6.440000000000000000e+03
5.139000000000000000e+03
6.744000000000000000e+03
1.671000000000000000e+03
1.272700000000000000e+04
1.016000000000000000e+03
1.129000000000000000e+03
1.357000000000000000e+03
1.244800000000000000e+04
1.038700000000000000e+04
1.013200000000000000e+04
1.006000000000000000e+03
1.009000000000000000e+03
9.419000000000000000e+03
1.158500000000000000e+04
1.027100000000000000e+04
8.734000000000000000e+03
1.108900000000000000e+04
8.505000000000000000e+03
8.517000000000000000e+03
2.828000000000000000e+03
8.636000000000000000e+03
1.016500000000000000e+04
9.730000000000000000e+03
9.301000000000000000e+03
1.076400000000000000e+04
7.506000000000000000e+03
1.088900000000000000e+04
6.334000000000000000e+03
9.842000000000000000e+03
6.882000000000000000e+03
9.808000000000000000e+03
1.158400000000000000e+04
1.324600000000000000e+04
1.480000000000000000e+02
1.649000000000000000e+03
2.173000000000000000e+03
8.034000000000000000e+03
1.105000000000000000e+03
1.061000000000000000e+03
1.060700000000000000e+04
9.755000000000000000e+03
1.246900000000000000e+04
1.190500000000000000e+04
9.576000000000000000e+03
3.458000000000000000e+03
2.320000000000000000e+03
8.169000000000000000e+03
1.804000000000000000e+03
1.299900000000000000e+04
7.864000000000000000e+03
9.600000000000000000e+01
7.750000000000000000e+02
6.188000000000000000e+03
7.763000000000000000e+03
6.910000000000000000e+02
5.279000000000000000e+03
8.170000000000000000e+03
4.285000000000000000e+03
1.210400000000000000e+04
1.295700000000000000e+04
1.818000000000000000e+03
5.630000000000000000e+02
1.790000000000000000e+03
3.448000000000000000e+03
1.023900000000000000e+04
4.373000000000000000e+03
1.025600000000000000e+04
8.103000000000000000e+03
9.920000000000000000e+02
9.398000000000000000e+03
9.614000000000000000e+03
1.363100000000000000e+04
2.788000000000000000e+03
1.513000000000000000e+03
4.119000000000000000e+03
6.875000000000000000e+03
4.574000000000000000e+03
1.115700000000000000e+04
1.448800000000000000e+04
1.453200000000000000e+04
9.460000000000000000e+03
5.800000000000000000e+03
9.794000000000000000e+03
8.778000000000000000e+03
9.035000000000000000e+03
8.802000000000000000e+03
2.677000000000000000e+03
1.625400000000000000e+04
8.444000000000000000e+03
1.222800000000000000e+04
1.254800000000000000e+04
1.021800000000000000e+04
1.151300000000000000e+04
1.082700000000000000e+04
1.218900000000000000e+04
2.524000000000000000e+03
7.735000000000000000e+03
1.388300000000000000e+04
1.143800000000000000e+04
5.940000000000000000e+02
5.807000000000000000e+03
5.616000000000000000e+03
6.654000000000000000e+03
8.787000000000000000e+03
7.821000000000000000e+03
7.666000000000000000e+03
1.209300000000000000e+04
4.599000000000000000e+03
7.681000000000000000e+03
1.435300000000000000e+04
1.006300000000000000e+04
7.520000000000000000e+02
1.218700000000000000e+04
1.466600000000000000e+04
3.147000000000000000e+03
4.822000000000000000e+03
9.320000000000000000e+03
1.375400000000000000e+04
2.444000000000000000e+03
2.164000000000000000e+03
3.114000000000000000e+03
1.578300000000000000e+04
6.223000000000000000e+03
3.614000000000000000e+03
1.893000000000000000e+03
5.143000000000000000e+03
7.562000000000000000e+03
1.512500000000000000e+04
5.955000000000000000e+03
6.571000000000000000e+03
1.096000000000000000e+03
1.417300000000000000e+04
1.352000000000000000e+03
8.056000000000000000e+03
1.634000000000000000e+04
9.010000000000000000e+02
4.220000000000000000e+03
1.665700000000000000e+04
1.227800000000000000e+04
1.390500000000000000e+04
8.360000000000000000e+03
1.295600000000000000e+04
2.838000000000000000e+03
1.087000000000000000e+03
8.165000000000000000e+03
7.216000000000000000e+03
1.120400000000000000e+04
8.177000000000000000e+03
1.516000000000000000e+04
1.616300000000000000e+04
2.540000000000000000e+02
1.366500000000000000e+04
1.743000000000000000e+03
1.504900000000000000e+04
1.085900000000000000e+04
1.304300000000000000e+04
1.539200000000000000e+04
1.539000000000000000e+03
4.176000000000000000e+03
1.549100000000000000e+04
1.463900000000000000e+04
1.459300000000000000e+04
2.816000000000000000e+03
1.703000000000000000e+03
1.003500000000000000e+04
1.082800000000000000e+04
4.175000000000000000e+03
1.222700000000000000e+04
5.932000000000000000e+03
1.191600000000000000e+04
1.643000000000000000e+03
1.468500000000000000e+04
1.673100000000000000e+04
2.780000000000000000e+03
1.457000000000000000e+04
1.454700000000000000e+04
1.136900000000000000e+04
1.712500000000000000e+04
1.297900000000000000e+04
8.415000000000000000e+03
1.337300000000000000e+04
3.770000000000000000e+02
3.771000000000000000e+03
3.399000000000000000e+03
6.082000000000000000e+03
2.110000000000000000e+03
1.608600000000000000e+04
5.460000000000000000e+03
8.695000000000000000e+03
7.905000000000000000e+03
1.459400000000000000e+04
1.300900000000000000e+04
1.665300000000000000e+04
1.351000000000000000e+03
1.103300000000000000e+04
1.716400000000000000e+04
7.757000000000000000e+03
1.367200000000000000e+04
1.132000000000000000e+04
1.543800000000000000e+04
8.021000000000000000e+03
1.340000000000000000e+02
8.835000000000000000e+03
6.057000000000000000e+03
1.218800000000000000e+04
1.248500000000000000e+04
4.477000000000000000e+03
1.032800000000000000e+04
8.848000000000000000e+03
1.658000000000000000e+04
1.299500000000000000e+04
3.078000000000000000e+03
1.272600000000000000e+04
4.547000000000000000e+03
1.766900000000000000e+04
1.709700000000000000e+04
1.018700000000000000e+04
1.673000000000000000e+04
1.386200000000000000e+04
8.269000000000000000e+03
1.558000000000000000e+04
1.385300000000000000e+04
1.042300000000000000e+04
4.090000000000000000e+03
1.571400000000000000e+04
6.359000000000000000e+03
5.164000000000000000e+03
1.556200000000000000e+04
1.357900000000000000e+04
1.217600000000000000e+04
1.034300000000000000e+04
4.600000000000000000e+03
3.242000000000000000e+03
1.380700000000000000e+04
1.209000000000000000e+03
8.445000000000000000e+03
3.619000000000000000e+03
8.511000000000000000e+03
1.115000000000000000e+04
6.582000000000000000e+03
1.451600000000000000e+04
1.347000000000000000e+04
1.295500000000000000e+04
1.134300000000000000e+04
1.143600000000000000e+04
8.657000000000000000e+03
2.423000000000000000e+03
1.549200000000000000e+04
3.762000000000000000e+03
5.580000000000000000e+03
1.773800000000000000e+04
1.329200000000000000e+04
1.413600000000000000e+04
9.116000000000000000e+03
1.606000000000000000e+03
1.886000000000000000e+03
2.866000000000000000e+03
1.509600000000000000e+04
8.481000000000000000e+03
1.102300000000000000e+04
9.725000000000000000e+03
1.042200000000000000e+04
1.786900000000000000e+04
3.035000000000000000e+03
1.759900000000000000e+04
7.127000000000000000e+03
1.508100000000000000e+04
1.454600000000000000e+04
4.965000000000000000e+03
6.244000000000000000e+03
6.368000000000000000e+03
1.724600000000000000e+04
5.800000000000000000e+01
4.118000000000000000e+03
3.827000000000000000e+03
1.839400000000000000e+04
1.181200000000000000e+04
7.421000000000000000e+03
3.433000000000000000e+03
5.373000000000000000e+03
1.639700000000000000e+04
1.189000000000000000e+03
1.115800000000000000e+04
1.534600000000000000e+04
1.476900000000000000e+04
5.341000000000000000e+03
2.511000000000000000e+03
1.273800000000000000e+04
8.665000000000000000e+03
3.726000000000000000e+03
6.640000000000000000e+02
9.389000000000000000e+03
2.850000000000000000e+02
8.110000000000000000e+03
5.930000000000000000e+02
1.348600000000000000e+04
9.048000000000000000e+03
1.204600000000000000e+04
1.088800000000000000e+04
8.950000000000000000e+03
1.635000000000000000e+04
7.323000000000000000e+03
1.523200000000000000e+04
1.671600000000000000e+04
1.311900000000000000e+04
3.669000000000000000e+03
2.773000000000000000e+03
8.011000000000000000e+03
1.487600000000000000e+04
1.681300000000000000e+04
2.720000000000000000e+03
9.726000000000000000e+03
1.991000000000000000e+03
1.140300000000000000e+04
1.011100000000000000e+04
1.026400000000000000e+04
4.978000000000000000e+03
1.346900000000000000e+04
1.686300000000000000e+04
1.231000000000000000e+04
9.540000000000000000e+02
1.748000000000000000e+04
1.714300000000000000e+04
9.233000000000000000e+03
5.617000000000000000e+03
2.040000000000000000e+02
1.419000000000000000e+03
3.468000000000000000e+03
1.773700000000000000e+04
4.386000000000000000e+03
1.762600000000000000e+04
1.430300000000000000e+04
1.706600000000000000e+04
4.279000000000000000e+03
1.266100000000000000e+04
1.037700000000000000e+04
