2.100000000000000000e+02
1.340000000000000000e+02
6.680000000000000000e+02
3.600000000000000000e+01
9.600000000000000000e+01
2.400000000000000000e+01
1.511000000000000000e+03
2.220000000000000000e+02
1.480000000000000000e+02
2.580000000000000000e+02
4.870000000000000000e+02
5.930000000000000000e+02
4.560000000000000000e+02
5.000000000000000000e+00
8.480000000000000000e+02
1.790000000000000000e+02
1.498000000000000000e+03
1.275000000000000000e+03
4.700000000000000000e+02
7.300000000000000000e+02
2.173000000000000000e+03
1.606000000000000000e+03
6.600000000000000000e+02
1.190000000000000000e+02
1.671000000000000000e+03
4.790000000000000000e+02
2.828000000000000000e+03
9.540000000000000000e+02
1.818000000000000000e+03
1.051000000000000000e+03
5.520000000000000000e+02
3.510000000000000000e+02
1.353000000000000000e+03
2.050000000000000000e+02
1.460000000000000000e+02
3.530000000000000000e+02
3.115000000000000000e+03
8.900000000000000000e+02
2.300000000000000000e+02
7.750000000000000000e+02
2.524000000000000000e+03
4.090000000000000000e+03
1.057000000000000000e+03
4.092000000000000000e+03
9.920000000000000000e+02
4.496000000000000000e+03
3.259000000000000000e+03
1.721000000000000000e+03
1.282000000000000000e+03
9.100000000000000000e+01
1.112000000000000000e+03
1.686000000000000000e+03
3.375000000000000000e+03
4.600000000000000000e+03
1.889000000000000000e+03
6.940000000000000000e+02
4.630000000000000000e+02
2.892000000000000000e+03
2.816000000000000000e+03
5.860000000000000000e+03
1.180000000000000000e+03
1.730000000000000000e+03
2.363000000000000000e+03
9.020000000000000000e+02
1.453000000000000000e+03
2.850000000000000000e+02
2.444000000000000000e+03
3.745000000000000000e+03
2.111000000000000000e+03
1.790000000000000000e+03
3.246000000000000000e+03
2.030000000000000000e+03
4.890000000000000000e+02
2.677000000000000000e+03
2.798000000000000000e+03
8.680000000000000000e+02
4.240000000000000000e+03
1.649000000000000000e+03
2.546000000000000000e+03
2.018000000000000000e+03
4.132000000000000000e+03
6.340000000000000000e+02
9.250000000000000000e+02
9.110000000000000000e+02
1.189000000000000000e+03
7.000000000000000000e+02
2.568000000000000000e+03
8.260000000000000000e+02
8.510000000000000000e+02
2.834000000000000000e+03
7.420000000000000000e+02
2.779000000000000000e+03
6.223000000000000000e+03
6.334000000000000000e+03
4.283000000000000000e+03
6.244000000000000000e+03
3.355000000000000000e+03
4.379000000000000000e+03
6.095000000000000000e+03
4.965000000000000000e+03
3.827000000000000000e+03
3.942000000000000000e+03
6.225000000000000000e+03
5.398000000000000000e+03
1.209000000000000000e+03
6.783000000000000000e+03
2.297000000000000000e+03
1.590000000000000000e+03
3.771000000000000000e+03
6.640000000000000000e+02
9.798000000000000000e+03
4.273000000000000000e+03
5.438000000000000000e+03
3.762000000000000000e+03
1.893000000000000000e+03
1.006000000000000000e+03
1.009000000000000000e+03
5.955000000000000000e+03
1.472000000000000000e+03
1.518000000000000000e+03
5.580000000000000000e+03
4.558000000000000000e+03
1.513000000000000000e+03
5.015000000000000000e+03
9.940000000000000000e+02
5.460000000000000000e+03
4.884000000000000000e+03
3.602000000000000000e+03
2.243000000000000000e+03
4.279000000000000000e+03
1.703000000000000000e+03
5.350000000000000000e+02
5.296000000000000000e+03
9.546000000000000000e+03
2.720000000000000000e+03
9.200000000000000000e+02
1.756000000000000000e+03
6.530000000000000000e+02
9.330000000000000000e+02
2.641000000000000000e+03
7.681000000000000000e+03
5.630000000000000000e+02
5.610000000000000000e+02
1.863000000000000000e+03
1.495000000000000000e+03
3.249000000000000000e+03
3.977000000000000000e+03
6.930000000000000000e+02
4.795000000000000000e+03
1.709000000000000000e+03
2.470000000000000000e+03
3.336000000000000000e+03
3.770000000000000000e+02
2.390000000000000000e+02
6.649000000000000000e+03
4.119000000000000000e+03
5.037000000000000000e+03
2.348000000000000000e+03
1.018700000000000000e+04
2.729000000000000000e+03
4.400000000000000000e+03
7.421000000000000000e+03
7.770000000000000000e+02
2.766000000000000000e+03
1.743000000000000000e+03
1.591000000000000000e+03
3.448000000000000000e+03
1.039000000000000000e+03
5.341000000000000000e+03
3.619000000000000000e+03
1.634000000000000000e+03
6.368000000000000000e+03
8.787000000000000000e+03
4.477000000000000000e+03
8.269000000000000000e+03
1.846000000000000000e+03
1.950000000000000000e+03
2.177000000000000000e+03
5.617000000000000000e+03
7.562000000000000000e+03
8.021000000000000000e+03
2.040000000000000000e+02
5.800000000000000000e+03
6.376000000000000000e+03
5.739000000000000000e+03
6.099000000000000000e+03
5.035000000000000000e+03
2.780000000000000000e+03
3.477000000000000000e+03
1.843000000000000000e+03
3.226000000000000000e+03
7.216000000000000000e+03
3.614000000000000000e+03
2.056000000000000000e+03
9.726000000000000000e+03
8.445000000000000000e+03
6.453000000000000000e+03
3.290000000000000000e+02
3.224000000000000000e+03
5.564000000000000000e+03
3.004000000000000000e+03
1.896000000000000000e+03
6.834000000000000000e+03
3.544000000000000000e+03
7.666000000000000000e+03
1.307000000000000000e+03
4.414000000000000000e+03
8.636000000000000000e+03
5.473000000000000000e+03
3.090000000000000000e+02
5.867000000000000000e+03
3.160000000000000000e+02
2.220000000000000000e+03
8.481000000000000000e+03
1.032000000000000000e+03
3.631000000000000000e+03
1.082800000000000000e+04
5.410000000000000000e+03
3.242000000000000000e+03
6.654000000000000000e+03
9.389000000000000000e+03
5.603000000000000000e+03
1.216000000000000000e+03
1.135300000000000000e+04
5.081000000000000000e+03
5.916000000000000000e+03
6.197000000000000000e+03
6.958000000000000000e+03
3.538000000000000000e+03
6.259000000000000000e+03
8.360000000000000000e+03
3.474000000000000000e+03
4.852000000000000000e+03
9.800000000000000000e+02
8.319000000000000000e+03
6.441000000000000000e+03
1.134300000000000000e+04
1.597000000000000000e+03
8.090000000000000000e+02
1.262400000000000000e+04
1.042300000000000000e+04
7.757000000000000000e+03
2.722000000000000000e+03
9.217000000000000000e+03
8.835000000000000000e+03
7.506000000000000000e+03
2.354000000000000000e+03
1.179100000000000000e+04
5.314000000000000000e+03
2.863000000000000000e+03
1.102300000000000000e+04
5.746000000000000000e+03
1.032800000000000000e+04
8.706000000000000000e+03
6.064000000000000000e+03
1.087000000000000000e+03
1.231000000000000000e+04
6.882000000000000000e+03
6.446000000000000000e+03
9.576000000000000000e+03
4.310000000000000000e+03
2.802000000000000000e+03
4.467000000000000000e+03
5.169000000000000000e+03
8.695000000000000000e+03
1.445500000000000000e+04
9.731000000000000000e+03
7.800000000000000000e+01
2.080000000000000000e+02
2.277000000000000000e+03
8.848000000000000000e+03
2.386000000000000000e+03
6.688000000000000000e+03
1.927000000000000000e+03
1.152600000000000000e+04
9.159000000000000000e+03
9.252000000000000000e+03
8.802000000000000000e+03
7.626000000000000000e+03
2.280000000000000000e+02
6.400000000000000000e+01
5.119000000000000000e+03
6.871000000000000000e+03
1.555000000000000000e+04
1.136900000000000000e+04
8.505000000000000000e+03
8.512000000000000000e+03
1.171500000000000000e+04
1.994000000000000000e+03
6.677000000000000000e+03
5.944000000000000000e+03
1.266100000000000000e+04
6.261000000000000000e+03
7.572000000000000000e+03
1.487600000000000000e+04
7.821000000000000000e+03
1.034300000000000000e+04
1.017800000000000000e+04
1.744000000000000000e+03
1.197000000000000000e+04
1.337400000000000000e+04
1.085900000000000000e+04
1.127200000000000000e+04
3.978000000000000000e+03
1.348600000000000000e+04
1.175200000000000000e+04
1.181200000000000000e+04
9.419000000000000000e+03
1.295500000000000000e+04
1.115800000000000000e+04
1.097000000000000000e+04
1.290200000000000000e+04
3.757000000000000000e+03
7.864000000000000000e+03
2.813000000000000000e+03
5.574000000000000000e+03
1.324700000000000000e+04
1.319100000000000000e+04
1.414800000000000000e+04
8.034000000000000000e+03
6.756000000000000000e+03
1.394200000000000000e+04
1.217600000000000000e+04
1.021800000000000000e+04
1.013800000000000000e+04
1.299500000000000000e+04
6.669000000000000000e+03
1.435400000000000000e+04
1.261100000000000000e+04
1.129000000000000000e+03
9.614000000000000000e+03
1.381900000000000000e+04
3.035000000000000000e+03
2.329000000000000000e+03
6.833000000000000000e+03
1.301800000000000000e+04
6.070000000000000000e+02
2.713000000000000000e+03
1.176800000000000000e+04
6.875000000000000000e+03
4.979000000000000000e+03
5.155000000000000000e+03
7.767000000000000000e+03
1.013200000000000000e+04
1.023900000000000000e+04
1.135400000000000000e+04
9.398000000000000000e+03
1.289000000000000000e+04
1.297900000000000000e+04
1.016500000000000000e+04
1.348500000000000000e+04
4.710000000000000000e+02
5.336000000000000000e+03
9.826000000000000000e+03
2.104000000000000000e+03
2.181000000000000000e+03
1.231100000000000000e+04
4.835000000000000000e+03
1.551700000000000000e+04
1.658300000000000000e+04
9.050000000000000000e+02
4.325000000000000000e+03
1.135500000000000000e+04
1.310500000000000000e+04
1.476900000000000000e+04
9.185000000000000000e+03
2.269000000000000000e+03
9.233000000000000000e+03
1.286700000000000000e+04
7.670000000000000000e+03
1.646600000000000000e+04
1.006300000000000000e+04
4.204000000000000000e+03
1.367200000000000000e+04
2.335000000000000000e+03
1.337300000000000000e+04
7.884000000000000000e+03
1.620100000000000000e+04
1.227900000000000000e+04
1.511100000000000000e+04
1.466700000000000000e+04
1.624000000000000000e+04
2.976000000000000000e+03
1.514400000000000000e+04
1.052400000000000000e+04
1.355900000000000000e+04
5.254000000000000000e+03
6.695000000000000000e+03
1.551800000000000000e+04
1.259600000000000000e+04
4.909000000000000000e+03
1.454700000000000000e+04
1.357900000000000000e+04
4.953000000000000000e+03
1.709900000000000000e+04
4.233000000000000000e+03
1.709800000000000000e+04
9.892000000000000000e+03
1.603000000000000000e+03
2.011000000000000000e+03
8.734000000000000000e+03
8.148000000000000000e+03
8.110000000000000000e+03
1.537500000000000000e+04
1.115700000000000000e+04
8.033000000000000000e+03
1.651700000000000000e+04
1.311900000000000000e+04
7.452000000000000000e+03
1.592300000000000000e+04
1.444000000000000000e+04
9.388000000000000000e+03
2.395000000000000000e+03
1.695000000000000000e+04
3.011000000000000000e+03
9.730000000000000000e+03
4.035000000000000000e+03
4.574000000000000000e+03
1.386200000000000000e+04
9.349000000000000000e+03
1.671600000000000000e+04
1.104700000000000000e+04
1.466600000000000000e+04
1.549200000000000000e+04
7.756000000000000000e+03
7.711000000000000000e+03
1.462000000000000000e+04
7.906000000000000000e+03
8.188000000000000000e+03
1.222700000000000000e+04
1.390500000000000000e+04
1.143800000000000000e+04
1.686400000000000000e+04
1.158500000000000000e+04
9.348000000000000000e+03
1.509600000000000000e+04
1.435300000000000000e+04
8.375000000000000000e+03
1.539200000000000000e+04
1.566400000000000000e+04
6.188000000000000000e+03
1.231200000000000000e+04
1.088900000000000000e+04
1.218900000000000000e+04
1.295700000000000000e+04
8.346000000000000000e+03
9.426000000000000000e+03
1.757300000000000000e+04
3.090000000000000000e+03
4.430000000000000000e+02
3.421000000000000000e+03
1.681300000000000000e+04
1.295600000000000000e+04
1.317800000000000000e+04
1.463900000000000000e+04
9.080000000000000000e+03
7.372000000000000000e+03
1.304300000000000000e+04
1.717800000000000000e+04
1.587300000000000000e+04
1.068000000000000000e+04
3.132000000000000000e+03
4.769000000000000000e+03
1.053200000000000000e+04
1.108900000000000000e+04
9.706000000000000000e+03
1.190500000000000000e+04
1.430300000000000000e+04
1.653900000000000000e+04
1.706600000000000000e+04
1.065100000000000000e+04
9.399000000000000000e+03
1.109000000000000000e+04
3.630000000000000000e+03
6.730000000000000000e+02
1.417300000000000000e+04
1.375400000000000000e+04
1.543900000000000000e+04
1.508200000000000000e+04
9.755000000000000000e+03
1.737600000000000000e+04
3.288000000000000000e+03
1.695200000000000000e+04
4.960000000000000000e+02
1.061000000000000000e+03
2.110000000000000000e+03
1.900000000000000000e+01
5.550000000000000000e+03
5.904000000000000000e+03
4.878000000000000000e+03
7.351000000000000000e+03
4.609000000000000000e+03
1.324000000000000000e+03
1.151300000000000000e+04
1.748000000000000000e+04
1.714300000000000000e+04
1.643300000000000000e+04
5.328000000000000000e+03
1.658000000000000000e+04
0.000000000000000000e+00
1.168700000000000000e+04
6.008000000000000000e+03
9.302000000000000000e+03
5.801000000000000000e+03
3.991000000000000000e+03
3.808000000000000000e+03
4.607000000000000000e+03
1.021700000000000000e+04
1.516000000000000000e+04
1.792700000000000000e+04
1.457100000000000000e+04
1.123000000000000000e+03
1.040900000000000000e+04
9.954000000000000000e+03
1.634800000000000000e+04
7.891000000000000000e+03
5.656000000000000000e+03
6.773000000000000000e+03
1.542100000000000000e+04
2.654000000000000000e+03
6.770000000000000000e+03
7.098000000000000000e+03
4.599000000000000000e+03
5.056000000000000000e+03
5.522000000000000000e+03
3.644000000000000000e+03
1.573700000000000000e+04
6.443000000000000000e+03
9.453000000000000000e+03
1.558000000000000000e+04
1.009500000000000000e+04
1.272700000000000000e+04
4.823000000000000000e+03
1.460800000000000000e+04
6.320000000000000000e+02
1.478400000000000000e+04
3.982000000000000000e+03
2.175000000000000000e+03
1.789500000000000000e+04
1.729700000000000000e+04
1.542200000000000000e+04
6.730000000000000000e+03
7.550000000000000000e+02
7.627000000000000000e+03
6.810000000000000000e+02
8.623000000000000000e+03
1.435000000000000000e+03
1.668000000000000000e+03
1.041000000000000000e+03
2.700000000000000000e+01
9.301000000000000000e+03
1.052300000000000000e+04
1.100500000000000000e+04
1.076400000000000000e+04
5.725000000000000000e+03
1.254800000000000000e+04
1.839500000000000000e+04
5.283000000000000000e+03
1.836600000000000000e+04
1.528500000000000000e+04
1.118500000000000000e+04
1.040000000000000000e+02
1.534600000000000000e+04
5.200000000000000000e+03
1.466800000000000000e+04
9.774000000000000000e+03
1.411100000000000000e+04
3.796000000000000000e+03
1.038700000000000000e+04
8.056000000000000000e+03
1.634000000000000000e+04
7.471000000000000000e+03
5.840000000000000000e+03
1.242300000000000000e+04
1.299900000000000000e+04
1.543800000000000000e+04
1.459400000000000000e+04
1.744800000000000000e+04
7.671000000000000000e+03
1.840200000000000000e+04
6.372000000000000000e+03
4.710000000000000000e+03
1.133400000000000000e+04
4.601000000000000000e+03
6.571000000000000000e+03
1.475200000000000000e+04
1.115000000000000000e+04
4.734000000000000000e+03
1.209300000000000000e+04
1.227800000000000000e+04
1.709700000000000000e+04
1.160000000000000000e+02
1.018000000000000000e+04
1.804200000000000000e+04
1.145100000000000000e+04
9.186000000000000000e+03
1.288100000000000000e+04
1.177500000000000000e+04
