9.600000000000000000e+01
3.800000000000000000e+01
5.930000000000000000e+02
2.050000000000000000e+02
1.307000000000000000e+03
1.340000000000000000e+02
1.790000000000000000e+02
6.940000000000000000e+02
1.480000000000000000e+02
1.896000000000000000e+03
6.600000000000000000e+02
3.290000000000000000e+02
9.540000000000000000e+02
7.300000000000000000e+02
3.090000000000000000e+02
6.340000000000000000e+02
2.220000000000000000e+02
6.640000000000000000e+02
6.070000000000000000e+02
7.420000000000000000e+02
7.750000000000000000e+02
2.100000000000000000e+02
3.770000000000000000e+02
2.080000000000000000e+02
2.850000000000000000e+02
4.630000000000000000e+02
4.560000000000000000e+02
7.550000000000000000e+02
9.920000000000000000e+02
3.600000000000000000e+01
1.703000000000000000e+03
1.790000000000000000e+03
1.209000000000000000e+03
3.011000000000000000e+03
7.000000000000000000e+02
2.056000000000000000e+03
1.518000000000000000e+03
4.700000000000000000e+02
3.757000000000000000e+03
1.671000000000000000e+03
9.800000000000000000e+02
3.771000000000000000e+03
1.180000000000000000e+03
9.050000000000000000e+02
8.510000000000000000e+02
1.189000000000000000e+03
9.330000000000000000e+02
1.900000000000000000e+01
2.766000000000000000e+03
2.976000000000000000e+03
2.444000000000000000e+03
2.400000000000000000e+01
9.100000000000000000e+01
1.009000000000000000e+03
1.006000000000000000e+03
2.729000000000000000e+03
1.603000000000000000e+03
4.786000000000000000e+03
7.800000000000000000e+01
3.602000000000000000e+03
1.893000000000000000e+03
3.115000000000000000e+03
3.978000000000000000e+03
5.630000000000000000e+02
2.390000000000000000e+02
6.810000000000000000e+02
2.297000000000000000e+03
1.353000000000000000e+03
1.513000000000000000e+03
3.477000000000000000e+03
2.269000000000000000e+03
1.649000000000000000e+03
1.889000000000000000e+03
3.035000000000000000e+03
4.325000000000000000e+03
4.310000000000000000e+03
4.119000000000000000e+03
6.320000000000000000e+02
3.644000000000000000e+03
1.606000000000000000e+03
1.061000000000000000e+03
4.217000000000000000e+03
3.448000000000000000e+03
1.123000000000000000e+03
7.339000000000000000e+03
9.200000000000000000e+02
2.677000000000000000e+03
5.156000000000000000e+03
2.802000000000000000e+03
1.190000000000000000e+02
5.015000000000000000e+03
8.189000000000000000e+03
1.032000000000000000e+03
8.480000000000000000e+02
2.181000000000000000e+03
4.279000000000000000e+03
2.111000000000000000e+03
6.008000000000000000e+03
2.040000000000000000e+02
1.743000000000000000e+03
7.711000000000000000e+03
2.720000000000000000e+03
1.686000000000000000e+03
3.614000000000000000e+03
7.015000000000000000e+03
5.746000000000000000e+03
4.852000000000000000e+03
8.753000000000000000e+03
1.616000000000000000e+03
1.721000000000000000e+03
6.064000000000000000e+03
1.818000000000000000e+03
3.762000000000000000e+03
4.430000000000000000e+02
5.904000000000000000e+03
4.890000000000000000e+02
5.550000000000000000e+03
3.827000000000000000e+03
1.950000000000000000e+03
6.649000000000000000e+03
6.472000000000000000e+03
3.474000000000000000e+03
9.250000000000000000e+02
1.746000000000000000e+03
1.250000000000000000e+03
4.477000000000000000e+03
1.590000000000000000e+03
9.185000000000000000e+03
1.668000000000000000e+03
1.051000000000000000e+03
2.816000000000000000e+03
5.283000000000000000e+03
5.933000000000000000e+03
4.878000000000000000e+03
5.035000000000000000e+03
5.801000000000000000e+03
1.087000000000000000e+03
6.225000000000000000e+03
3.375000000000000000e+03
1.064100000000000000e+04
1.018000000000000000e+04
7.452000000000000000e+03
5.056000000000000000e+03
2.243000000000000000e+03
4.273000000000000000e+03
3.619000000000000000e+03
8.900000000000000000e+02
2.580000000000000000e+02
6.494000000000000000e+03
4.870000000000000000e+02
3.406000000000000000e+03
2.524000000000000000e+03
5.617000000000000000e+03
2.813000000000000000e+03
6.368000000000000000e+03
5.341000000000000000e+03
2.814000000000000000e+03
9.302000000000000000e+03
5.916000000000000000e+03
2.780000000000000000e+03
2.173000000000000000e+03
8.319000000000000000e+03
2.654000000000000000e+03
4.931000000000000000e+03
2.220000000000000000e+03
4.823000000000000000e+03
4.414000000000000000e+03
6.099000000000000000e+03
3.336000000000000000e+03
1.634000000000000000e+03
6.275000000000000000e+03
4.240000000000000000e+03
2.430000000000000000e+02
5.867000000000000000e+03
8.383000000000000000e+03
9.021000000000000000e+03
8.188000000000000000e+03
7.671000000000000000e+03
1.030600000000000000e+04
2.863000000000000000e+03
3.090000000000000000e+03
6.967000000000000000e+03
7.351000000000000000e+03
3.510000000000000000e+02
9.603000000000000000e+03
2.329000000000000000e+03
6.680000000000000000e+02
2.030000000000000000e+03
5.460000000000000000e+03
8.612000000000000000e+03
9.826000000000000000e+03
9.030000000000000000e+02
2.798000000000000000e+03
6.441000000000000000e+03
1.000900000000000000e+04
7.811000000000000000e+03
8.993000000000000000e+03
4.909000000000000000e+03
1.498000000000000000e+03
6.372000000000000000e+03
8.512000000000000000e+03
1.112000000000000000e+03
1.068000000000000000e+04
2.834000000000000000e+03
2.779000000000000000e+03
7.756000000000000000e+03
7.471000000000000000e+03
2.713000000000000000e+03
5.522000000000000000e+03
5.200000000000000000e+03
3.982000000000000000e+03
8.346000000000000000e+03
2.300000000000000000e+02
7.906000000000000000e+03
6.871000000000000000e+03
9.349000000000000000e+03
1.927000000000000000e+03
8.630000000000000000e+02
9.233000000000000000e+03
9.159000000000000000e+03
2.280000000000000000e+02
7.804000000000000000e+03
9.453000000000000000e+03
6.783000000000000000e+03
7.134000000000000000e+03
1.013800000000000000e+04
3.242000000000000000e+03
1.065100000000000000e+04
5.328000000000000000e+03
1.009500000000000000e+04
4.204000000000000000e+03
6.095000000000000000e+03
1.843000000000000000e+03
1.127700000000000000e+04
1.040900000000000000e+04
6.244000000000000000e+03
1.453000000000000000e+03
9.217000000000000000e+03
3.288000000000000000e+03
2.386000000000000000e+03
4.965000000000000000e+03
1.168700000000000000e+04
1.201900000000000000e+04
1.097000000000000000e+04
9.731000000000000000e+03
3.227000000000000000e+03
1.145100000000000000e+04
7.757000000000000000e+03
5.800000000000000000e+03
4.090000000000000000e+03
6.090000000000000000e+02
1.460000000000000000e+02
3.530000000000000000e+02
8.110000000000000000e+03
3.312000000000000000e+03
5.922000000000000000e+03
8.706000000000000000e+03
3.676000000000000000e+03
7.627000000000000000e+03
6.662000000000000000e+03
1.709000000000000000e+03
4.496000000000000000e+03
5.580000000000000000e+03
6.730000000000000000e+03
7.544000000000000000e+03
2.641000000000000000e+03
3.942000000000000000e+03
4.795000000000000000e+03
1.037700000000000000e+04
1.135500000000000000e+04
5.740000000000000000e+03
5.833000000000000000e+03
2.018000000000000000e+03
3.259000000000000000e+03
1.438400000000000000e+04
8.835000000000000000e+03
9.399000000000000000e+03
9.774000000000000000e+03
1.232300000000000000e+04
3.940000000000000000e+03
1.435000000000000000e+03
1.017800000000000000e+04
1.138500000000000000e+04
7.421000000000000000e+03
1.135400000000000000e+04
8.721000000000000000e+03
1.591000000000000000e+03
1.602200000000000000e+04
1.267200000000000000e+04
1.151400000000000000e+04
7.990000000000000000e+02
6.930000000000000000e+02
9.252000000000000000e+03
3.091000000000000000e+03
4.790000000000000000e+02
1.127200000000000000e+04
1.052400000000000000e+04
1.316100000000000000e+04
7.230000000000000000e+02
3.224000000000000000e+03
2.110000000000000000e+03
6.654000000000000000e+03
5.860000000000000000e+03
5.753000000000000000e+03
5.350000000000000000e+02
6.443000000000000000e+03
2.828000000000000000e+03
7.821000000000000000e+03
2.892000000000000000e+03
1.517100000000000000e+04
1.380800000000000000e+04
1.756000000000000000e+03
2.770000000000000000e+02
6.875000000000000000e+03
1.533300000000000000e+04
1.177500000000000000e+04
8.695000000000000000e+03
8.320000000000000000e+03
6.695000000000000000e+03
1.502900000000000000e+04
1.272400000000000000e+04
6.882000000000000000e+03
1.171500000000000000e+04
8.640000000000000000e+02
1.129000000000000000e+03
7.767000000000000000e+03
1.408500000000000000e+04
1.312000000000000000e+04
8.680000000000000000e+02
8.848000000000000000e+03
1.261100000000000000e+04
1.229700000000000000e+04
1.579400000000000000e+04
1.542200000000000000e+04
6.124000000000000000e+03
3.246000000000000000e+03
1.176800000000000000e+04
8.623000000000000000e+03
8.481000000000000000e+03
1.289000000000000000e+04
1.034300000000000000e+04
2.568000000000000000e+03
1.466800000000000000e+04
7.078000000000000000e+03
6.446000000000000000e+03
1.115800000000000000e+04
1.414900000000000000e+04
7.562000000000000000e+03
1.231100000000000000e+04
1.231200000000000000e+04
1.666800000000000000e+04
2.900000000000000000e+03
9.389000000000000000e+03
1.181200000000000000e+04
2.525000000000000000e+03
6.812000000000000000e+03
1.460800000000000000e+04
1.317800000000000000e+04
1.118500000000000000e+04
9.110000000000000000e+02
9.398000000000000000e+03
6.261000000000000000e+03
1.508200000000000000e+04
4.884000000000000000e+03
1.175200000000000000e+04
1.301900000000000000e+04
1.311000000000000000e+03
9.715000000000000000e+03
1.227900000000000000e+04
5.944000000000000000e+03
5.955000000000000000e+03
1.152600000000000000e+04
1.457100000000000000e+04
9.275000000000000000e+03
2.378000000000000000e+03
7.216000000000000000e+03
8.360000000000000000e+03
3.355000000000000000e+03
7.666000000000000000e+03
3.783000000000000000e+03
3.311000000000000000e+03
4.710000000000000000e+03
6.748000000000000000e+03
1.614200000000000000e+04
8.269000000000000000e+03
8.901000000000000000e+03
1.290200000000000000e+04
6.399000000000000000e+03
1.165400000000000000e+04
7.921000000000000000e+03
6.259000000000000000e+03
2.354000000000000000e+03
1.097100000000000000e+04
8.862000000000000000e+03
9.892000000000000000e+03
1.259600000000000000e+04
9.726000000000000000e+03
6.074000000000000000e+03
1.109000000000000000e+04
3.745000000000000000e+03
1.286700000000000000e+04
1.528500000000000000e+04
1.573700000000000000e+04
9.186000000000000000e+03
3.991000000000000000e+03
1.310500000000000000e+04
8.021000000000000000e+03
1.779700000000000000e+04
1.712600000000000000e+04
1.388400000000000000e+04
1.600100000000000000e+04
8.140000000000000000e+03
6.223000000000000000e+03
1.355900000000000000e+04
1.740500000000000000e+04
1.566400000000000000e+04
1.021800000000000000e+04
1.160000000000000000e+02
1.760400000000000000e+04
5.610000000000000000e+02
4.283000000000000000e+03
1.444000000000000000e+04
1.006300000000000000e+04
1.348500000000000000e+04
5.950000000000000000e+03
4.201000000000000000e+03
1.003000000000000000e+04
8.957000000000000000e+03
7.324000000000000000e+03
9.546000000000000000e+03
1.543900000000000000e+04
1.846000000000000000e+03
1.514400000000000000e+04
1.466700000000000000e+04
1.478400000000000000e+04
1.697100000000000000e+04
1.269100000000000000e+04
7.877000000000000000e+03
1.439600000000000000e+04
1.041800000000000000e+04
1.216000000000000000e+03
2.722000000000000000e+03
4.379000000000000000e+03
1.381900000000000000e+04
9.510000000000000000e+02
1.282000000000000000e+03
4.132000000000000000e+03
1.319100000000000000e+04
1.542100000000000000e+04
1.634800000000000000e+04
1.275000000000000000e+03
1.643300000000000000e+04
1.587300000000000000e+04
1.755900000000000000e+04
5.840000000000000000e+03
9.926000000000000000e+03
4.019000000000000000e+03
4.400000000000000000e+03
5.739000000000000000e+03
4.599000000000000000e+03
2.546000000000000000e+03
6.376000000000000000e+03
1.748200000000000000e+04
1.447600000000000000e+04
1.237900000000000000e+04
1.041000000000000000e+03
1.511100000000000000e+04
1.560400000000000000e+04
6.520000000000000000e+03
2.070000000000000000e+02
4.758000000000000000e+03
1.172200000000000000e+04
1.566000000000000000e+03
7.682000000000000000e+03
3.763000000000000000e+03
1.040000000000000000e+02
8.260000000000000000e+02
1.301800000000000000e+04
1.729700000000000000e+04
1.748100000000000000e+04
1.372100000000000000e+04
1.641400000000000000e+04
1.324700000000000000e+04
1.744800000000000000e+04
1.671700000000000000e+04
1.721000000000000000e+04
1.724000000000000000e+03
1.217600000000000000e+04
9.388000000000000000e+03
1.462000000000000000e+04
1.648300000000000000e+04
9.867000000000000000e+03
8.012000000000000000e+03
1.133400000000000000e+04
1.102300000000000000e+04
1.186400000000000000e+04
1.804200000000000000e+04
4.574000000000000000e+03
1.537500000000000000e+04
1.016500000000000000e+04
5.010000000000000000e+02
2.264000000000000000e+03
1.664100000000000000e+04
1.735600000000000000e+04
1.751000000000000000e+03
5.280000000000000000e+03
6.677000000000000000e+03
1.498100000000000000e+04
6.834000000000000000e+03
6.334000000000000000e+03
1.794700000000000000e+04
1.701000000000000000e+04
4.720000000000000000e+02
8.643000000000000000e+03
1.511000000000000000e+03
1.520000000000000000e+02
8.445000000000000000e+03
5.296000000000000000e+03
2.588000000000000000e+03
1.621100000000000000e+04
9.527000000000000000e+03
6.277000000000000000e+03
1.294200000000000000e+04
9.020000000000000000e+02
5.564000000000000000e+03
7.770000000000000000e+02
1.414800000000000000e+04
6.109000000000000000e+03
1.710000000000000000e+04
1.096000000000000000e+04
1.834600000000000000e+04
4.600000000000000000e+03
8.744000000000000000e+03
1.288100000000000000e+04
9.175000000000000000e+03
6.204000000000000000e+03
1.135300000000000000e+04
5.410000000000000000e+03
1.361100000000000000e+04
1.298900000000000000e+04
1.442700000000000000e+04
2.496000000000000000e+03
8.090000000000000000e+02
8.802000000000000000e+03
7.670000000000000000e+03
1.231000000000000000e+04
1.386200000000000000e+04
1.197000000000000000e+04
4.092000000000000000e+03
9.350000000000000000e+03
8.230000000000000000e+02
1.205700000000000000e+04
1.544000000000000000e+04
1.646000000000000000e+03
4.480000000000000000e+02
8.034000000000000000e+03
1.840200000000000000e+04
6.041000000000000000e+03
1.299500000000000000e+04
2.470000000000000000e+03
2.104000000000000000e+03
1.085900000000000000e+04
1.272700000000000000e+04
1.819300000000000000e+04
1.789500000000000000e+04
1.923000000000000000e+03
1.771200000000000000e+04
1.367000000000000000e+03
1.690500000000000000e+04
4.710000000000000000e+02
5.155000000000000000e+03
6.530000000000000000e+02
1.337400000000000000e+04
1.717800000000000000e+04
1.836600000000000000e+04
4.541000000000000000e+03
9.064000000000000000e+03
1.636800000000000000e+04
9.748000000000000000e+03
1.002000000000000000e+03
6.096000000000000000e+03
1.512600000000000000e+04
5.000000000000000000e+00
6.833000000000000000e+03
5.520000000000000000e+02
2.348000000000000000e+03
1.445500000000000000e+04
1.297900000000000000e+04
9.798000000000000000e+03
3.330000000000000000e+02
1.825800000000000000e+04
1.438500000000000000e+04
7.928000000000000000e+03
