2.800000000000000000e+01
4.000000000000000000e+00
7.600000000000000000e+01
1.110000000000000000e+02
4.400000000000000000e+01
6.700000000000000000e+01
1.150000000000000000e+02
2.910000000000000000e+02
2.300000000000000000e+01
1.590000000000000000e+02
4.640000000000000000e+02
4.200000000000000000e+01
4.550000000000000000e+02
4.110000000000000000e+02
1.306000000000000000e+03
3.660000000000000000e+02
5.740000000000000000e+02
1.690000000000000000e+02
1.400000000000000000e+03
4.210000000000000000e+02
6.120000000000000000e+02
1.243000000000000000e+03
1.770000000000000000e+02
1.037000000000000000e+03
3.710000000000000000e+02
5.910000000000000000e+02
1.807000000000000000e+03
1.268000000000000000e+03
1.335000000000000000e+03
7.350000000000000000e+02
5.310000000000000000e+02
9.620000000000000000e+02
1.117000000000000000e+03
3.520000000000000000e+02
8.040000000000000000e+02
8.310000000000000000e+02
1.280000000000000000e+02
1.144000000000000000e+03
2.037000000000000000e+03
5.260000000000000000e+02
1.211000000000000000e+03
3.182000000000000000e+03
1.423000000000000000e+03
3.318000000000000000e+03
2.313000000000000000e+03
7.650000000000000000e+02
1.662000000000000000e+03
5.530000000000000000e+02
1.596000000000000000e+03
1.549000000000000000e+03
2.017000000000000000e+03
1.551000000000000000e+03
4.618000000000000000e+03
1.948000000000000000e+03
1.391000000000000000e+03
3.180000000000000000e+02
1.935000000000000000e+03
2.384000000000000000e+03
1.775000000000000000e+03
1.541000000000000000e+03
1.626000000000000000e+03
2.413000000000000000e+03
1.136000000000000000e+03
2.217000000000000000e+03
2.430000000000000000e+03
1.702000000000000000e+03
2.903000000000000000e+03
5.704000000000000000e+03
4.840000000000000000e+02
1.832000000000000000e+03
3.145000000000000000e+03
6.160000000000000000e+03
1.326000000000000000e+03
1.070000000000000000e+02
3.248000000000000000e+03
2.156000000000000000e+03
3.283000000000000000e+03
3.262000000000000000e+03
1.600000000000000000e+03
5.116000000000000000e+03
1.698000000000000000e+03
4.588000000000000000e+03
6.615000000000000000e+03
2.873000000000000000e+03
1.723000000000000000e+03
4.861000000000000000e+03
5.738000000000000000e+03
3.309000000000000000e+03
2.031000000000000000e+03
5.706000000000000000e+03
7.048000000000000000e+03
3.528000000000000000e+03
6.098000000000000000e+03
1.764000000000000000e+03
2.542000000000000000e+03
3.420000000000000000e+02
7.178000000000000000e+03
6.375000000000000000e+03
5.214000000000000000e+03
4.266000000000000000e+03
2.592000000000000000e+03
3.687000000000000000e+03
2.607000000000000000e+03
2.512000000000000000e+03
9.360000000000000000e+02
1.707000000000000000e+03
4.839000000000000000e+03
6.148000000000000000e+03
4.024000000000000000e+03
8.436000000000000000e+03
2.888000000000000000e+03
6.957000000000000000e+03
1.429000000000000000e+03
3.840000000000000000e+02
6.129000000000000000e+03
2.406000000000000000e+03
3.161000000000000000e+03
6.910000000000000000e+03
3.915000000000000000e+03
4.935000000000000000e+03
6.049000000000000000e+03
5.531000000000000000e+03
6.599000000000000000e+03
6.619000000000000000e+03
1.866000000000000000e+03
1.911000000000000000e+03
6.159000000000000000e+03
6.743000000000000000e+03
5.305000000000000000e+03
9.596000000000000000e+03
3.055000000000000000e+03
6.310000000000000000e+02
5.536000000000000000e+03
5.537000000000000000e+03
2.486000000000000000e+03
4.653000000000000000e+03
4.359000000000000000e+03
6.444000000000000000e+03
1.964000000000000000e+03
3.368000000000000000e+03
5.929000000000000000e+03
6.267000000000000000e+03
8.023000000000000000e+03
2.121000000000000000e+03
3.899000000000000000e+03
7.618000000000000000e+03
6.333000000000000000e+03
2.670000000000000000e+02
3.058000000000000000e+03
5.630000000000000000e+03
6.747000000000000000e+03
5.930000000000000000e+03
4.018000000000000000e+03
3.807000000000000000e+03
5.966000000000000000e+03
2.787000000000000000e+03
6.307000000000000000e+03
7.776000000000000000e+03
4.455000000000000000e+03
7.951000000000000000e+03
2.687000000000000000e+03
6.919000000000000000e+03
1.050000000000000000e+03
4.268000000000000000e+03
7.319000000000000000e+03
8.675000000000000000e+03
2.719000000000000000e+03
2.680000000000000000e+03
5.306000000000000000e+03
1.113000000000000000e+04
5.042000000000000000e+03
7.262000000000000000e+03
2.555000000000000000e+03
8.211000000000000000e+03
5.759000000000000000e+03
4.245000000000000000e+03
2.055000000000000000e+03
6.874000000000000000e+03
2.155000000000000000e+03
4.309000000000000000e+03
2.651000000000000000e+03
4.926000000000000000e+03
1.054100000000000000e+04
5.404000000000000000e+03
2.812000000000000000e+03
8.585000000000000000e+03
6.668000000000000000e+03
9.620000000000000000e+03
4.078000000000000000e+03
1.155000000000000000e+03
3.095000000000000000e+03
1.036400000000000000e+04
9.939000000000000000e+03
5.788000000000000000e+03
5.714000000000000000e+03
4.407000000000000000e+03
2.959000000000000000e+03
7.358000000000000000e+03
5.324000000000000000e+03
8.910000000000000000e+02
9.841000000000000000e+03
3.383000000000000000e+03
8.980000000000000000e+03
8.240000000000000000e+03
7.035000000000000000e+03
7.066000000000000000e+03
6.362000000000000000e+03
7.710000000000000000e+03
8.146000000000000000e+03
8.694000000000000000e+03
1.325000000000000000e+03
9.925000000000000000e+03
8.248000000000000000e+03
5.705000000000000000e+03
5.568000000000000000e+03
6.025000000000000000e+03
1.106400000000000000e+04
1.027000000000000000e+04
7.008000000000000000e+03
1.218000000000000000e+03
7.290000000000000000e+03
5.435000000000000000e+03
1.224400000000000000e+04
1.041700000000000000e+04
6.045000000000000000e+03
6.002000000000000000e+03
8.703000000000000000e+03
3.550000000000000000e+03
4.425000000000000000e+03
6.505000000000000000e+03
2.465000000000000000e+03
5.579000000000000000e+03
1.178900000000000000e+04
3.621000000000000000e+03
9.575000000000000000e+03
6.366000000000000000e+03
6.165000000000000000e+03
1.117500000000000000e+04
4.809000000000000000e+03
4.155000000000000000e+03
4.372000000000000000e+03
2.975000000000000000e+03
2.559000000000000000e+03
6.222000000000000000e+03
1.026900000000000000e+04
1.207900000000000000e+04
5.253000000000000000e+03
8.310000000000000000e+03
1.087900000000000000e+04
4.154000000000000000e+03
4.353000000000000000e+03
1.128400000000000000e+04
5.631000000000000000e+03
7.858000000000000000e+03
5.436000000000000000e+03
7.809000000000000000e+03
8.494000000000000000e+03
1.390300000000000000e+04
2.629000000000000000e+03
3.659000000000000000e+03
1.151000000000000000e+04
8.210000000000000000e+03
1.445400000000000000e+04
1.410900000000000000e+04
9.613000000000000000e+03
5.954000000000000000e+03
1.092800000000000000e+04
1.057900000000000000e+04
7.104000000000000000e+03
6.535000000000000000e+03
4.867000000000000000e+03
5.545000000000000000e+03
1.697000000000000000e+03
2.707000000000000000e+03
5.699000000000000000e+03
1.330200000000000000e+04
1.160600000000000000e+04
9.079000000000000000e+03
7.952000000000000000e+03
6.880000000000000000e+03
7.543000000000000000e+03
4.840000000000000000e+03
5.700000000000000000e+03
1.069000000000000000e+04
7.162000000000000000e+03
5.392000000000000000e+03
6.760000000000000000e+03
7.479000000000000000e+03
2.826000000000000000e+03
9.855000000000000000e+03
6.842000000000000000e+03
1.386000000000000000e+04
1.011600000000000000e+04
9.336000000000000000e+03
6.172000000000000000e+03
5.598000000000000000e+03
1.178800000000000000e+04
7.994000000000000000e+03
4.564000000000000000e+03
8.311000000000000000e+03
1.138100000000000000e+04
6.986000000000000000e+03
8.293000000000000000e+03
1.460400000000000000e+04
6.170000000000000000e+03
8.568000000000000000e+03
7.830000000000000000e+03
1.487400000000000000e+04
1.108500000000000000e+04
1.152400000000000000e+04
6.601000000000000000e+03
1.278800000000000000e+04
1.620900000000000000e+04
9.077000000000000000e+03
2.138000000000000000e+03
9.000000000000000000e+03
1.313000000000000000e+04
3.973000000000000000e+03
6.211000000000000000e+03
1.267100000000000000e+04
7.810000000000000000e+03
1.050200000000000000e+04
1.407000000000000000e+04
1.396800000000000000e+04
1.038400000000000000e+04
9.006000000000000000e+03
9.424000000000000000e+03
1.381800000000000000e+04
2.681000000000000000e+03
6.056000000000000000e+03
1.294000000000000000e+04
6.140000000000000000e+03
8.031000000000000000e+03
1.611200000000000000e+04
1.596600000000000000e+04
5.687000000000000000e+03
1.034100000000000000e+04
1.323100000000000000e+04
1.110500000000000000e+04
5.310000000000000000e+03
1.559200000000000000e+04
1.167100000000000000e+04
6.701000000000000000e+03
1.210300000000000000e+04
3.947000000000000000e+03
8.478000000000000000e+03
8.019000000000000000e+03
1.545100000000000000e+04
3.590000000000000000e+03
6.868000000000000000e+03
1.225500000000000000e+04
1.378100000000000000e+04
8.547000000000000000e+03
1.498000000000000000e+04
4.929000000000000000e+03
1.399400000000000000e+04
1.381600000000000000e+04
8.421000000000000000e+03
9.619000000000000000e+03
9.854000000000000000e+03
1.225400000000000000e+04
1.372300000000000000e+04
1.324300000000000000e+04
1.548800000000000000e+04
9.167000000000000000e+03
1.248300000000000000e+04
1.306500000000000000e+04
1.079300000000000000e+04
1.950000000000000000e+02
1.020400000000000000e+04
1.494000000000000000e+03
4.070000000000000000e+02
1.685900000000000000e+04
9.365000000000000000e+03
6.631000000000000000e+03
1.587100000000000000e+04
1.281700000000000000e+04
1.089900000000000000e+04
1.692300000000000000e+04
2.231000000000000000e+03
7.935000000000000000e+03
1.250200000000000000e+04
3.000000000000000000e+03
6.062000000000000000e+03
1.622800000000000000e+04
1.400400000000000000e+04
1.694900000000000000e+04
1.688100000000000000e+04
6.404000000000000000e+03
1.138000000000000000e+04
1.729600000000000000e+04
9.251000000000000000e+03
1.160700000000000000e+04
8.435000000000000000e+03
1.335900000000000000e+04
1.524400000000000000e+04
1.542000000000000000e+04
5.260000000000000000e+03
1.158100000000000000e+04
9.226000000000000000e+03
8.145000000000000000e+03
1.483900000000000000e+04
1.632000000000000000e+04
9.200000000000000000e+03
1.608200000000000000e+04
1.240500000000000000e+04
6.687000000000000000e+03
1.300800000000000000e+04
1.599900000000000000e+04
1.215900000000000000e+04
1.580600000000000000e+04
1.663000000000000000e+03
1.478100000000000000e+04
9.089000000000000000e+03
1.350000000000000000e+02
1.385100000000000000e+04
1.682600000000000000e+04
8.055000000000000000e+03
1.423400000000000000e+04
1.294100000000000000e+04
1.587000000000000000e+04
1.372400000000000000e+04
1.468200000000000000e+04
1.213000000000000000e+03
1.490400000000000000e+04
1.556000000000000000e+04
1.755800000000000000e+04
1.646400000000000000e+04
1.737400000000000000e+04
1.282800000000000000e+04
6.602000000000000000e+03
1.108000000000000000e+03
1.124600000000000000e+04
1.794500000000000000e+04
1.044400000000000000e+04
2.027000000000000000e+03
7.831000000000000000e+03
1.434000000000000000e+04
1.749900000000000000e+04
3.346000000000000000e+03
1.123600000000000000e+04
1.450000000000000000e+04
1.083700000000000000e+04
1.686000000000000000e+04
1.085100000000000000e+04
9.553000000000000000e+03
4.347000000000000000e+03
1.629200000000000000e+04
1.576200000000000000e+04
1.095800000000000000e+04
1.660700000000000000e+04
1.411000000000000000e+04
1.158200000000000000e+04
1.594800000000000000e+04
1.019300000000000000e+04
1.002500000000000000e+04
1.031900000000000000e+04
9.695000000000000000e+03
1.762200000000000000e+04
1.659700000000000000e+04
1.220100000000000000e+04
1.191500000000000000e+04
1.766700000000000000e+04
1.804100000000000000e+04
5.662000000000000000e+03
8.479000000000000000e+03
1.758400000000000000e+04
9.425000000000000000e+03
1.696800000000000000e+04
1.683900000000000000e+04
1.188700000000000000e+04
1.394100000000000000e+04
6.785000000000000000e+03
1.520900000000000000e+04
9.135000000000000000e+03
1.232200000000000000e+04
1.682500000000000000e+04
1.789300000000000000e+04
1.123500000000000000e+04
1.506200000000000000e+04
1.487300000000000000e+04
1.517000000000000000e+04
1.838900000000000000e+04
1.633600000000000000e+04
1.700900000000000000e+04
8.719000000000000000e+03
1.535700000000000000e+04
6.702000000000000000e+03
9.078000000000000000e+03
6.811000000000000000e+03
6.822000000000000000e+03
1.329000000000000000e+04
1.072400000000000000e+04
1.679300000000000000e+04
8.536000000000000000e+03
1.473000000000000000e+04
9.760000000000000000e+03
7.882000000000000000e+03
7.892000000000000000e+03
1.449900000000000000e+04
9.356000000000000000e+03
3.130000000000000000e+02
1.381700000000000000e+04
7.263000000000000000e+03
1.439500000000000000e+04
1.827500000000000000e+04
1.190400000000000000e+04
1.400000000000000000e+02
3.812000000000000000e+03
1.649500000000000000e+04
1.148000000000000000e+04
1.420100000000000000e+04
2.246000000000000000e+03
1.161700000000000000e+04
7.390000000000000000e+02
1.285600000000000000e+04
4.263000000000000000e+03
1.163800000000000000e+04
1.114200000000000000e+04
1.046000000000000000e+04
1.828300000000000000e+04
1.165100000000000000e+04
1.221100000000000000e+04
7.300000000000000000e+03
1.246700000000000000e+04
1.754000000000000000e+04
5.792000000000000000e+03
7.054000000000000000e+03
1.345000000000000000e+03
2.640000000000000000e+03
1.223000000000000000e+03
4.851000000000000000e+03
1.606900000000000000e+04
1.232100000000000000e+04
1.786600000000000000e+04
8.720000000000000000e+03
6.365000000000000000e+03
8.330000000000000000e+02
6.255000000000000000e+03
6.861000000000000000e+03
1.847000000000000000e+04
1.405000000000000000e+04
1.737300000000000000e+04
1.190300000000000000e+04
6.557000000000000000e+03
8.109000000000000000e+03
1.163900000000000000e+04
1.765400000000000000e+04
3.786000000000000000e+03
9.160000000000000000e+02
1.306600000000000000e+04
4.756000000000000000e+03
1.106300000000000000e+04
9.103000000000000000e+03
5.720000000000000000e+03
1.002600000000000000e+04
5.111000000000000000e+03
8.700000000000000000e+01
1.061800000000000000e+04
1.100300000000000000e+04
1.133300000000000000e+04
1.479900000000000000e+04
1.373700000000000000e+04
9.713000000000000000e+03
2.122000000000000000e+03
1.079000000000000000e+03
1.214000000000000000e+03
1.883000000000000000e+03
