8.600000000000000000e+01
2.770000000000000000e+02
7.830000000000000000e+02
2.560000000000000000e+02
3.800000000000000000e+01
3.330000000000000000e+02
7.800000000000000000e+01
1.013000000000000000e+03
7.870000000000000000e+02
2.070000000000000000e+02
1.598000000000000000e+03
4.480000000000000000e+02
2.160000000000000000e+02
2.390000000000000000e+02
1.458000000000000000e+03
2.178000000000000000e+03
8.890000000000000000e+02
5.010000000000000000e+02
6.090000000000000000e+02
1.367000000000000000e+03
1.560000000000000000e+03
3.120000000000000000e+02
8.230000000000000000e+02
9.510000000000000000e+02
1.890000000000000000e+02
2.063000000000000000e+03
4.720000000000000000e+02
2.080000000000000000e+02
1.887000000000000000e+03
2.496000000000000000e+03
1.234000000000000000e+03
2.040000000000000000e+02
2.532000000000000000e+03
1.479000000000000000e+03
9.030000000000000000e+02
2.264000000000000000e+03
1.291000000000000000e+03
1.160000000000000000e+02
1.928000000000000000e+03
2.994000000000000000e+03
1.319000000000000000e+03
1.417000000000000000e+03
3.663000000000000000e+03
3.290000000000000000e+02
9.100000000000000000e+01
3.178000000000000000e+03
3.527000000000000000e+03
8.630000000000000000e+02
3.748000000000000000e+03
2.430000000000000000e+02
2.197000000000000000e+03
1.041000000000000000e+03
2.588000000000000000e+03
3.470000000000000000e+02
1.724000000000000000e+03
6.810000000000000000e+02
1.566000000000000000e+03
3.548000000000000000e+03
1.605000000000000000e+03
2.235000000000000000e+03
7.990000000000000000e+02
3.270000000000000000e+02
7.230000000000000000e+02
5.610000000000000000e+02
3.284000000000000000e+03
2.186000000000000000e+03
3.568000000000000000e+03
3.770000000000000000e+02
2.850000000000000000e+02
5.342000000000000000e+03
2.910000000000000000e+03
2.005000000000000000e+03
2.378000000000000000e+03
3.100000000000000000e+03
1.129000000000000000e+03
4.367000000000000000e+03
2.176000000000000000e+03
1.040000000000000000e+02
8.640000000000000000e+02
1.171000000000000000e+03
4.430000000000000000e+02
1.311000000000000000e+03
3.412000000000000000e+03
2.900000000000000000e+03
3.090000000000000000e+02
9.200000000000000000e+02
5.374000000000000000e+03
3.013000000000000000e+03
1.751000000000000000e+03
2.696000000000000000e+03
4.211000000000000000e+03
1.093000000000000000e+03
3.768000000000000000e+03
2.280000000000000000e+02
1.394000000000000000e+03
1.923000000000000000e+03
4.249000000000000000e+03
4.120000000000000000e+03
1.278000000000000000e+03
9.950000000000000000e+02
1.616000000000000000e+03
3.635000000000000000e+03
5.985000000000000000e+03
3.104000000000000000e+03
6.070000000000000000e+02
1.787000000000000000e+03
3.091000000000000000e+03
5.160000000000000000e+02
1.003000000000000000e+03
4.649000000000000000e+03
7.341000000000000000e+03
5.256000000000000000e+03
7.354000000000000000e+03
1.843000000000000000e+03
6.467000000000000000e+03
3.491000000000000000e+03
7.758000000000000000e+03
8.572000000000000000e+03
1.356000000000000000e+03
2.110000000000000000e+03
2.329000000000000000e+03
2.956000000000000000e+03
6.320000000000000000e+02
1.851000000000000000e+03
2.649000000000000000e+03
3.676000000000000000e+03
1.740000000000000000e+03
3.952000000000000000e+03
5.524000000000000000e+03
1.634000000000000000e+03
3.479000000000000000e+03
1.790000000000000000e+02
2.399000000000000000e+03
1.668000000000000000e+03
6.539000000000000000e+03
4.630000000000000000e+02
6.096000000000000000e+03
3.717000000000000000e+03
5.280000000000000000e+03
8.880000000000000000e+02
3.583000000000000000e+03
9.513000000000000000e+03
4.019000000000000000e+03
1.646000000000000000e+03
4.590000000000000000e+02
1.572000000000000000e+03
2.625000000000000000e+03
3.326000000000000000e+03
2.846000000000000000e+03
2.713000000000000000e+03
3.971000000000000000e+03
6.793000000000000000e+03
2.571000000000000000e+03
3.763000000000000000e+03
1.435000000000000000e+03
3.869000000000000000e+03
3.288000000000000000e+03
9.732000000000000000e+03
1.018000000000000000e+03
1.123000000000000000e+03
1.927000000000000000e+03
6.507000000000000000e+03
4.032000000000000000e+03
5.921000000000000000e+03
4.710000000000000000e+03
4.180000000000000000e+02
4.038000000000000000e+03
6.479000000000000000e+03
8.763000000000000000e+03
9.461000000000000000e+03
1.480000000000000000e+02
8.073000000000000000e+03
6.233000000000000000e+03
1.746000000000000000e+03
3.991000000000000000e+03
9.800000000000000000e+02
3.783000000000000000e+03
1.603000000000000000e+03
6.213000000000000000e+03
1.520000000000000000e+02
6.204000000000000000e+03
4.541000000000000000e+03
2.701000000000000000e+03
3.816000000000000000e+03
3.391000000000000000e+03
4.491000000000000000e+03
5.263000000000000000e+03
9.149000000000000000e+03
1.754000000000000000e+03
7.201000000000000000e+03
2.889000000000000000e+03
1.113000000000000000e+03
4.601000000000000000e+03
6.490000000000000000e+03
4.201000000000000000e+03
2.638000000000000000e+03
6.260000000000000000e+03
6.705000000000000000e+03
7.340000000000000000e+03
8.495000000000000000e+03
4.005000000000000000e+03
6.840000000000000000e+03
1.900000000000000000e+01
5.635000000000000000e+03
7.100000000000000000e+03
7.196000000000000000e+03
7.961000000000000000e+03
3.808000000000000000e+03
4.980000000000000000e+03
3.644000000000000000e+03
4.772000000000000000e+03
8.347000000000000000e+03
1.018800000000000000e+04
6.997000000000000000e+03
7.628000000000000000e+03
7.235000000000000000e+03
1.245000000000000000e+04
7.921000000000000000e+03
1.002000000000000000e+03
9.380000000000000000e+03
4.218000000000000000e+03
5.753000000000000000e+03
8.352000000000000000e+03
8.050000000000000000e+02
2.654000000000000000e+03
8.171000000000000000e+03
8.012000000000000000e+03
5.541000000000000000e+03
7.980000000000000000e+03
1.028200000000000000e+04
1.457000000000000000e+03
9.850000000000000000e+02
8.257000000000000000e+03
2.814000000000000000e+03
5.840000000000000000e+03
4.097000000000000000e+03
3.814000000000000000e+03
5.053000000000000000e+03
5.673000000000000000e+03
3.311000000000000000e+03
6.124000000000000000e+03
7.282000000000000000e+03
1.301000000000000000e+03
8.195000000000000000e+03
1.505000000000000000e+04
1.071000000000000000e+03
1.006500000000000000e+04
1.009000000000000000e+03
2.813000000000000000e+03
9.893000000000000000e+03
4.593000000000000000e+03
6.418000000000000000e+03
3.035000000000000000e+03
1.124700000000000000e+04
9.903000000000000000e+03
1.126100000000000000e+04
8.887000000000000000e+03
3.940000000000000000e+03
1.177600000000000000e+04
1.216000000000000000e+03
3.619000000000000000e+03
6.399000000000000000e+03
5.675000000000000000e+03
1.003100000000000000e+04
1.392100000000000000e+04
5.922000000000000000e+03
1.091000000000000000e+04
6.520000000000000000e+03
8.676000000000000000e+03
2.181000000000000000e+03
9.588000000000000000e+03
1.092900000000000000e+04
3.593000000000000000e+03
1.361200000000000000e+04
2.415000000000000000e+03
5.951000000000000000e+03
1.068000000000000000e+03
2.742000000000000000e+03
6.041000000000000000e+03
3.758000000000000000e+03
5.255000000000000000e+03
6.109000000000000000e+03
5.523000000000000000e+03
2.400000000000000000e+01
7.545000000000000000e+03
7.370000000000000000e+02
1.128600000000000000e+04
1.495200000000000000e+04
7.720000000000000000e+03
1.371000000000000000e+03
9.843000000000000000e+03
9.809000000000000000e+03
1.627000000000000000e+03
9.081000000000000000e+03
6.299000000000000000e+03
3.312000000000000000e+03
8.241000000000000000e+03
9.528000000000000000e+03
1.187400000000000000e+04
1.209000000000000000e+03
5.740000000000000000e+03
1.602300000000000000e+04
1.954000000000000000e+03
1.187200000000000000e+04
1.148300000000000000e+04
1.269200000000000000e+04
1.263900000000000000e+04
1.066900000000000000e+04
3.982000000000000000e+03
9.927000000000000000e+03
4.350000000000000000e+03
2.863000000000000000e+03
2.269000000000000000e+03
1.365500000000000000e+04
8.570000000000000000e+03
8.644000000000000000e+03
1.196000000000000000e+04
1.055400000000000000e+04
4.592000000000000000e+03
5.113000000000000000e+03
1.155700000000000000e+04
4.931000000000000000e+03
1.315000000000000000e+04
8.813000000000000000e+03
7.989000000000000000e+03
6.104000000000000000e+03
1.165500000000000000e+04
1.297000000000000000e+04
5.630000000000000000e+02
1.224700000000000000e+04
1.665900000000000000e+04
1.201200000000000000e+04
9.856000000000000000e+03
1.189000000000000000e+03
1.032100000000000000e+04
1.448900000000000000e+04
1.556300000000000000e+04
1.052500000000000000e+04
2.525000000000000000e+03
4.909000000000000000e+03
1.133400000000000000e+04
7.654000000000000000e+03
1.239200000000000000e+04
1.475300000000000000e+04
5.774000000000000000e+03
1.161000000000000000e+04
4.204000000000000000e+03
1.142300000000000000e+04
5.328000000000000000e+03
6.565000000000000000e+03
1.513000000000000000e+03
9.050000000000000000e+02
2.500000000000000000e+01
1.248600000000000000e+04
1.445600000000000000e+04
8.178000000000000000e+03
6.340000000000000000e+02
4.758000000000000000e+03
1.314000000000000000e+03
6.536000000000000000e+03
4.337000000000000000e+03
2.720000000000000000e+03
7.682000000000000000e+03
6.074000000000000000e+03
7.071000000000000000e+03
7.016000000000000000e+03
1.576600000000000000e+04
4.212000000000000000e+03
4.530000000000000000e+02
2.818000000000000000e+03
2.722000000000000000e+03
5.944000000000000000e+03
6.277000000000000000e+03
1.292800000000000000e+04
9.514000000000000000e+03
8.924000000000000000e+03
1.013900000000000000e+04
7.550000000000000000e+02
1.251700000000000000e+04
7.324000000000000000e+03
1.309500000000000000e+04
1.308200000000000000e+04
5.996000000000000000e+03
8.096000000000000000e+03
7.823000000000000000e+03
9.350000000000000000e+03
6.442000000000000000e+03
1.319200000000000000e+04
1.257000000000000000e+04
1.041800000000000000e+04
1.545500000000000000e+04
1.277200000000000000e+04
1.739000000000000000e+04
1.905000000000000000e+03
1.250000000000000000e+03
1.389400000000000000e+04
1.409900000000000000e+04
1.676000000000000000e+03
1.743000000000000000e+03
5.200000000000000000e+03
1.481600000000000000e+04
7.928000000000000000e+03
1.161800000000000000e+04
8.643000000000000000e+03
1.388500000000000000e+04
1.316300000000000000e+04
5.352000000000000000e+03
2.442000000000000000e+03
7.119000000000000000e+03
1.005300000000000000e+04
1.147800000000000000e+04
6.275000000000000000e+03
1.006400000000000000e+04
1.068100000000000000e+04
3.227000000000000000e+03
1.003000000000000000e+04
8.140000000000000000e+03
1.222900000000000000e+04
1.742300000000000000e+04
9.827000000000000000e+03
1.226700000000000000e+04
1.674800000000000000e+04
1.629300000000000000e+04
2.195000000000000000e+03
1.556400000000000000e+04
1.487700000000000000e+04
1.203100000000000000e+04
5.896000000000000000e+03
8.371000000000000000e+03
4.800000000000000000e+01
9.064000000000000000e+03
1.304400000000000000e+04
1.638200000000000000e+04
1.703000000000000000e+03
1.536000000000000000e+04
1.148400000000000000e+04
1.309400000000000000e+04
9.282000000000000000e+03
2.977000000000000000e+03
7.471000000000000000e+03
1.518100000000000000e+04
1.211800000000000000e+04
9.406000000000000000e+03
3.090000000000000000e+03
1.392000000000000000e+04
9.748000000000000000e+03
9.527000000000000000e+03
1.455800000000000000e+04
1.639800000000000000e+04
1.645200000000000000e+04
6.760000000000000000e+02
9.554000000000000000e+03
6.968000000000000000e+03
1.224800000000000000e+04
4.654000000000000000e+03
2.220000000000000000e+03
9.926000000000000000e+03
1.584500000000000000e+04
4.620000000000000000e+03
2.297000000000000000e+03
9.867000000000000000e+03
1.624100000000000000e+04
8.482000000000000000e+03
1.317900000000000000e+04
2.326000000000000000e+03
4.823000000000000000e+03
7.217000000000000000e+03
1.587400000000000000e+04
1.546500000000000000e+04
9.802000000000000000e+03
2.854000000000000000e+03
1.604500000000000000e+04
7.516000000000000000e+03
4.674000000000000000e+03
6.495000000000000000e+03
1.061000000000000000e+03
1.096000000000000000e+04
1.368800000000000000e+04
1.386300000000000000e+04
1.072500000000000000e+04
6.812000000000000000e+03
1.514500000000000000e+04
6.443000000000000000e+03
7.544000000000000000e+03
1.744900000000000000e+04
2.740000000000000000e+03
9.667000000000000000e+03
1.044000000000000000e+03
9.892000000000000000e+03
6.372000000000000000e+03
1.316200000000000000e+04
3.474000000000000000e+03
1.555100000000000000e+04
1.518000000000000000e+03
5.522000000000000000e+03
1.495100000000000000e+04
1.145200000000000000e+04
1.566600000000000000e+04
2.904000000000000000e+03
4.150000000000000000e+03
2.000000000000000000e+03
4.247000000000000000e+03
1.789600000000000000e+04
1.264500000000000000e+04
1.514600000000000000e+04
1.731400000000000000e+04
1.704700000000000000e+04
6.748000000000000000e+03
1.230000000000000000e+03
1.858000000000000000e+03
6.494000000000000000e+03
7.877000000000000000e+03
1.665800000000000000e+04
2.239000000000000000e+03
1.624000000000000000e+03
1.130000000000000000e+03
2.354000000000000000e+03
4.560000000000000000e+02
1.828400000000000000e+04
1.782600000000000000e+04
9.136000000000000000e+03
1.420600000000000000e+04
8.110000000000000000e+03
5.833000000000000000e+03
9.227000000000000000e+03
1.503000000000000000e+04
1.625800000000000000e+04
6.032000000000000000e+03
1.584600000000000000e+04
6.662000000000000000e+03
9.954000000000000000e+03
7.059000000000000000e+03
1.373900000000000000e+04
1.773900000000000000e+04
1.358000000000000000e+04
7.582000000000000000e+03
8.901000000000000000e+03
1.816800000000000000e+04
1.517200000000000000e+04
3.601000000000000000e+03
1.172200000000000000e+04
2.780000000000000000e+03
1.528500000000000000e+04
1.611700000000000000e+04
8.623000000000000000e+03
1.782500000000000000e+04
1.775000000000000000e+04
5.217000000000000000e+03
1.361300000000000000e+04
4.971000000000000000e+03
6.640000000000000000e+02
3.406000000000000000e+03
1.695100000000000000e+04
4.532000000000000000e+03
1.503100000000000000e+04
8.951000000000000000e+03
1.793000000000000000e+03
1.834400000000000000e+04
2.976000000000000000e+03
1.030700000000000000e+04
1.803200000000000000e+04
1.059200000000000000e+04
8.467000000000000000e+03
1.285700000000000000e+04
8.952000000000000000e+03
9.590000000000000000e+02
1.612800000000000000e+04
4.531000000000000000e+03
1.749000000000000000e+03
1.118500000000000000e+04
1.835600000000000000e+04
9.715000000000000000e+03
1.690500000000000000e+04
1.438500000000000000e+04
1.614500000000000000e+04
1.835500000000000000e+04
1.345700000000000000e+04
1.527000000000000000e+04
1.259800000000000000e+04
1.205700000000000000e+04
1.131300000000000000e+04
1.086700000000000000e+04
1.512600000000000000e+04
1.796100000000000000e+04
2.978000000000000000e+03
5.850000000000000000e+03
2.921000000000000000e+03
1.301900000000000000e+04
1.772400000000000000e+04
1.698500000000000000e+04
1.199100000000000000e+04
3.930000000000000000e+03
1.496800000000000000e+04
5.109000000000000000e+03
6.951000000000000000e+03
1.832000000000000000e+04
6.940000000000000000e+02
9.774000000000000000e+03
5.801000000000000000e+03
4.852000000000000000e+03
7.000000000000000000e+02
1.747100000000000000e+04
2.526000000000000000e+03
1.206000000000000000e+03
1.458300000000000000e+04
9.234000000000000000e+03
7.100000000000000000e+02
9.534000000000000000e+03
5.056000000000000000e+03
3.011000000000000000e+03
1.723100000000000000e+04
1.324800000000000000e+04
1.726300000000000000e+04
6.682000000000000000e+03
1.794000000000000000e+03
4.414000000000000000e+03
2.444000000000000000e+03
1.404000000000000000e+04
1.825800000000000000e+04
3.217000000000000000e+03
7.490000000000000000e+02
1.608700000000000000e+04
7.010000000000000000e+03
2.432000000000000000e+03
8.423000000000000000e+03
1.272400000000000000e+04
1.590000000000000000e+03
1.621100000000000000e+04
1.784300000000000000e+04
1.731500000000000000e+04
6.391000000000000000e+03
1.290300000000000000e+04
4.548000000000000000e+03
1.678000000000000000e+04
